N	Total Time	Average CPE
1	61	61.00
2	62	31.00
3	76	25.33
4	87	21.75
5	98	19.60
6	110	18.33
7	122	17.43
8	135	16.88
9	151	16.78
10	157	15.70
11	168	15.27
12	180	15.00
13	195	15.00
14	204	14.57
15	232	15.47
16	244	15.25
17	291	17.12
18	306	17.00
19	317	16.68
20	328	16.40
21	334	15.90
22	346	15.73
23	2552	110.96
24	372	15.50
25	378	15.12
26	394	15.15
27	405	15.00
28	551	19.68
29	427	14.72
30	420	14.00
31	435	14.03
32	435	13.59
33	549	16.64
34	564	16.59
35	561	16.03
36	596	16.56
37	603	16.30
38	594	15.63
39	623	15.97
40	645	16.12
41	640	15.61
42	689	16.40
43	688	16.00
44	667	15.16
45	661	14.69
46	660	14.35
47	665	14.15
48	684	14.25
49	853	17.41
50	697	13.94
51	703	13.78
52	716	13.77
53	727	13.72
54	735	13.61
55	753	13.69
56	947	16.91
57	779	13.67
58	789	13.60
59	788	13.36
60	805	13.42
61	809	13.26
62	968	15.61
63	834	13.24
64	852	13.31
65	942	14.49
66	1077	16.32
67	932	13.91
68	1406	20.68
69	1449	21.00
70	997	14.24
71	1011	14.24
72	992	13.78
73	1033	14.15
74	990	13.38
75	1018	13.57
76	1032	13.58
77	1263	16.40
78	1035	13.27
79	2585	32.72
80	1163	14.54
81	1082	13.36
82	1083	13.21
83	1131	13.63
84	1099	13.08
85	1108	13.04
86	1165	13.55
87	1145	13.16
88	1139	12.94
89	1145	12.87
90	1318	14.64
91	1172	12.88
92	1180	12.83
93	1205	12.96
94	1221	12.99
95	1463	15.40
96	1509	15.72
97	1246	12.85
98	1275	13.01
99	1256	12.69
100	1270	12.70
101	1286	12.73
102	1318	12.92
103	1577	15.31
104	1491	14.34
105	1330	12.67
106	1350	12.74
107	1351	12.63
108	1363	12.62
109	1384	12.70
110	1364	12.40
111	1384	12.47
112	1386	12.38
113	1398	12.37
114	1403	12.31
115	1420	12.35
116	1454	12.53
117	1466	12.53
118	1459	12.36
119	1481	12.45
120	1472	12.27
121	1478	12.21
122	1491	12.22
123	1505	12.24
124	1516	12.23
125	1528	12.22
126	1543	12.25
127	1547	12.18
128	1579	12.34
129	1654	12.82
130	1990	15.31
131	1729	13.20
132	1726	13.08
133	1758	13.22
134	1750	13.06
135	1711	12.67
136	1776	13.06
137	3354	24.48
138	1744	12.64
139	1775	12.77
140	1818	12.99
141	1844	13.08
142	1780	12.54
143	1795	12.55
144	1793	12.45
145	1819	12.54
146	1821	12.47
147	1830	12.45
148	1854	12.53
149	1849	12.41
150	1879	12.53
151	1887	12.50
152	1919	12.62
153	1895	12.39
154	1900	12.34
155	1913	12.34
156	2147	13.76
157	2083	13.27
158	1952	12.35
159	1962	12.34
160	1963	12.27
161	2009	12.48
162	1979	12.22
163	2050	12.58
164	2022	12.33
165	2162	13.10
166	2019	12.16
167	2034	12.18
168	2058	12.25
169	2062	12.20
170	2064	12.14
171	2075	12.13
172	2142	12.45
173	2319	13.40
174	2256	12.97
175	2111	12.06
176	2136	12.14
177	2344	13.24
178	2987	16.78
179	2162	12.08
180	2172	12.07
181	2183	12.06
182	2487	13.66
183	2208	12.07
184	2238	12.16
185	2225	12.03
186	2417	12.99
187	2257	12.07
188	2256	12.00
189	2274	12.03
190	2293	12.07
191	2611	13.67
192	2460	12.81
193	2312	11.98
194	2313	11.92
195	2347	12.04
196	2361	12.05
197	2351	11.93
198	2364	11.94
199	2418	12.15
200	2405	12.03
201	2397	11.93
202	2425	12.00
203	2614	12.88
204	2459	12.05
205	2440	11.90
206	2461	11.95
207	2498	12.07
208	2809	13.50
209	2683	12.84
210	2510	11.95
211	2652	12.57
212	2718	12.82
213	2526	11.86
214	2531	11.83
215	2597	12.08
216	2555	11.83
217	2571	11.85
218	2598	11.92
219	2803	12.80
220	2655	12.07
221	2654	12.01
222	2819	12.70
223	3075	13.79
224	2692	12.02
225	2695	11.98
226	2741	12.13
227	2722	11.99
228	2730	11.97
229	2919	12.75
230	3008	13.08
231	2765	11.97
232	2810	12.11
233	2828	12.14
234	2820	12.05
235	2812	11.97
236	2824	11.97
237	2874	12.13
238	2838	11.92
239	2847	11.91
240	2864	11.93
241	3044	12.63
242	2977	12.30
243	3275	13.48
244	3257	13.35
245	2913	11.89
246	2928	11.90
247	3532	14.30
248	2948	11.89
249	2976	11.95
250	2983	11.93
251	3045	12.13
252	3130	12.42
253	3000	11.86
254	3164	12.46
255	3033	11.89
256	3036	11.86
257	3711	14.44
258	3460	13.41
259	3169	12.24
260	3227	12.41
261	3222	12.34
262	3189	12.17
263	3191	12.13
264	3266	12.37
265	3225	12.17
266	3208	12.06
267	3421	12.81
268	3405	12.71
269	3272	12.16
270	3301	12.23
271	3251	12.00
272	3260	11.99
273	3473	12.72
274	3303	12.05
275	3326	12.09
276	3364	12.19
277	3326	12.01
278	3344	12.03
279	3374	12.09
280	3379	12.07
281	3363	11.97
282	3447	12.22
283	3692	13.05
284	3388	11.93
285	3458	12.13
286	3444	12.04
287	3445	12.00
288	3510	12.19
289	3481	12.04
290	3494	12.05
291	4514	15.51
292	3553	12.17
293	3534	12.06
294	3880	13.20
295	3562	12.07
296	3575	12.08
297	3612	12.16
298	3614	12.13
299	3645	12.19
300	3725	12.42
301	3686	12.25
302	3823	12.66
303	3705	12.23
304	3851	12.67
305	3965	13.00
306	3724	12.17
307	3907	12.73
308	3714	12.06
309	3720	12.04
310	3994	12.88
311	3764	12.10
312	3747	12.01
313	4170	13.32
314	3843	12.24
315	3825	12.14
316	4109	13.00
317	3814	12.03
318	4027	12.66
319	3835	12.02
320	3840	12.00
321	4187	13.04
322	3904	12.12
323	4031	12.48
324	3886	11.99
325	3893	11.98
326	4165	12.78
327	3911	11.96
328	3920	11.95
329	3945	11.99
330	3936	11.93
331	4249	12.84
332	4150	12.50
333	4006	12.03
334	5094	15.25
335	4051	12.09
336	4088	12.17
337	4235	12.57
338	4028	11.92
339	4075	12.02
340	4051	11.91
341	4353	12.77
342	4069	11.90
343	4069	11.86
344	4257	12.38
345	4131	11.97
346	4549	13.15
347	4134	11.91
348	4153	11.93
349	4185	11.99
350	4208	12.02
351	4435	12.64
352	4212	11.97
353	4200	11.90
354	4262	12.04
355	4192	11.81
356	4544	12.76
357	4218	11.82
358	4254	11.88
359	4273	11.90
360	4304	11.96
361	4548	12.60
362	4272	11.80
363	4312	11.88
364	4307	11.83
365	4636	12.70
366	4339	11.86
367	4332	11.80
368	4335	11.78
369	4349	11.79
370	4757	12.86
371	4561	12.29
372	4586	12.33
373	4386	11.76
374	4462	11.93
375	4424	11.80
376	4622	12.29
377	4447	11.80
378	4455	11.79
379	4493	11.85
380	4465	11.75
381	4476	11.75
382	4493	11.76
383	4792	12.51
384	4505	11.73
385	4531	11.77
386	4539	11.76
387	4729	12.22
388	4599	11.85
389	4567	11.74
390	4769	12.23
391	4750	12.15
392	4626	11.80
393	4602	11.71
394	4788	12.15
395	4634	11.73
396	4669	11.79
397	4931	12.42
398	4659	11.71
399	4832	12.11
400	4726	11.81
401	4994	12.45
402	4702	11.70
403	4908	12.18
404	4729	11.71
405	5037	12.44
406	4732	11.66
407	4756	11.69
408	4755	11.65
409	4852	11.86
410	4790	11.68
411	4951	12.05
412	4819	11.70
413	4860	11.77
414	4825	11.65
415	4982	12.00
416	4845	11.65
417	4909	11.77
418	4889	11.70
419	4884	11.66
420	5228	12.45
421	4901	11.64
422	4954	11.74
423	4924	11.64
424	4976	11.74
425	4933	11.61
426	5283	12.40
427	5150	12.06
428	5199	12.15
429	5103	11.90
430	5340	12.42
431	5197	12.06
432	5367	12.42
433	5113	11.81
434	5175	11.92
435	5185	11.92
436	5347	12.26
437	5171	11.83
438	5245	11.97
439	5173	11.78
440	5706	12.97
441	5260	11.93
442	5195	11.75
443	5342	12.06
444	5200	11.71
445	5330	11.98
446	5518	12.37
447	5447	12.19
448	5288	11.80
449	5354	11.92
450	5394	11.99
451	5607	12.43
452	5416	11.98
453	5360	11.83
454	5329	11.74
455	9957	21.88
456	5417	11.88
457	5419	11.86
458	5472	11.95
459	5482	11.94
460	6071	13.20
461	5431	11.78
462	5454	11.81
463	5552	11.99
464	5823	12.55
465	5708	12.28
466	5496	11.79
467	5805	12.43
468	5510	11.77
469	6095	13.00
470	5567	11.84
471	5752	12.21
472	5606	11.88
473	5622	11.89
474	5628	11.87
475	5869	12.36
476	5821	12.23
477	5599	11.74
478	5912	12.37
479	5692	11.88
480	5841	12.17
481	5655	11.76
482	6161	12.78
483	5885	12.18
484	5766	11.91
485	6034	12.44
486	5944	12.23
487	5952	12.22
488	5842	11.97
489	6095	12.46
490	6082	12.41
491	5924	12.07
492	6060	12.32
493	5918	12.00
494	5792	11.72
495	5924	11.97
496	6096	12.29
497	6130	12.33
498	5886	11.82
499	6224	12.47
500	6088	12.18
501	6291	12.56
502	6134	12.22
503	6039	12.01
504	6169	12.24
505	6294	12.46
506	6090	12.04
507	6192	12.21
508	6136	12.08
509	6298	12.37
510	6125	12.01
511	6584	12.88
512	6383	12.47
513	7075	13.79
514	6375	12.40
515	6381	12.39
516	6814	13.21
517	6564	12.70
518	6446	12.44
519	6682	12.87
520	6443	12.39
521	6458	12.40
522	6698	12.83
523	6713	12.84
524	6551	12.50
525	6481	12.34
526	6598	12.54
527	6707	12.73
528	6835	12.95
529	6577	12.43
530	6767	12.77
531	6540	12.32
532	6781	12.75
533	6612	12.41
534	6648	12.45
535	6791	12.69
536	7025	13.11
537	6698	12.47
538	6651	12.36
539	6740	12.50
540	6708	12.42
541	6934	12.82
542	6842	12.62
543	6697	12.33
544	6666	12.25
545	6748	12.38
546	6810	12.47
547	6876	12.57
548	6792	12.39
549	7185	13.09
550	7305	13.28
551	6969	12.65
552	6793	12.31
553	6860	12.41
554	7037	12.70
555	6845	12.33
556	6829	12.28
557	6896	12.38
558	6953	12.46
559	6863	12.28
560	6952	12.41
561	7289	12.99
562	6852	12.19
563	6966	12.37
564	6957	12.34
565	6935	12.27
566	6959	12.30
567	6980	12.31
568	7402	13.03
569	6902	12.13
570	6853	12.02
571	6971	12.21
572	7155	12.51
573	7053	12.31
574	7074	12.32
575	7114	12.37
576	7051	12.24
577	7492	12.98
578	7319	12.66
579	7207	12.45
580	7120	12.28
581	7295	12.56
582	7199	12.37
583	7235	12.41
584	7484	12.82
585	7411	12.67
586	7235	12.35
587	7209	12.28
588	7280	12.38
589	7245	12.30
590	7223	12.24
591	7540	12.76
592	7306	12.34
593	7218	12.17
594	7505	12.63
595	7453	12.53
596	7272	12.20
597	7558	12.66
598	7418	12.40
599	7244	12.09
600	7348	12.25
601	7445	12.39
602	7661	12.73
603	7312	12.13
604	7429	12.30
605	7520	12.43
606	7455	12.30
607	7516	12.38
608	7735	12.72
609	7386	12.13
610	7435	12.19
611	7638	12.50
612	7454	12.18
613	7503	12.24
614	7473	12.17
615	7510	12.21
616	7596	12.33
617	7716	12.51
618	7874	12.74
619	7761	12.54
620	7767	12.53
621	7522	12.11
622	7829	12.59
623	7740	12.42
624	7925	12.70
625	7801	12.48
626	7800	12.46
627	7965	12.70
628	7642	12.17
629	7667	12.19
630	7964	12.64
631	7979	12.65
632	8025	12.70
633	7782	12.29
634	7822	12.34
635	7768	12.23
636	7942	12.49
637	7741	12.15
638	7727	12.11
639	7830	12.25
640	7698	12.03
641	7886	12.30
642	8003	12.47
643	8086	12.58
644	8052	12.50
645	7889	12.23
646	8190	12.68
647	8067	12.47
648	7950	12.27
649	9465	14.58
650	7821	12.03
651	8230	12.64
652	8145	12.49
653	8139	12.46
654	8043	12.30
655	7954	12.14
656	8266	12.60
657	8028	12.22
658	8383	12.74
659	8303	12.60
660	8355	12.66
661	8065	12.20
662	8289	12.52
663	8046	12.14
664	8253	12.43
665	8059	12.12
666	8380	12.58
667	8015	12.02
668	8133	12.18
669	8333	12.46
670	8045	12.01
671	8190	12.21
672	8380	12.47
673	8411	12.50
674	8225	12.20
675	7960	11.79
676	8393	12.42
677	8409	12.42
678	8210	12.11
679	8262	12.17
680	8774	12.90
681	8512	12.50
682	8507	12.47
683	8516	12.47
684	8329	12.18
685	8356	12.20
686	8306	12.11
687	8514	12.39
688	8336	12.12
689	8375	12.16
690	9154	13.27
691	8677	12.56
692	8384	12.12
693	8675	12.52
694	8546	12.31
695	8349	12.01
696	8365	12.02
697	8610	12.35
698	8512	12.19
699	8485	12.14
700	8493	12.13
701	8470	12.08
702	8634	12.30
703	8585	12.21
704	8555	12.15
705	8793	12.47
706	8592	12.17
707	8594	12.16
708	8817	12.45
709	9407	13.27
710	8623	12.15
711	8521	11.98
712	8651	12.15
713	9174	12.87
714	8366	11.72
715	8883	12.42
716	8542	11.93
717	8652	12.07
718	8474	11.80
719	8908	12.39
720	8621	11.97
721	8841	12.26
722	8520	11.80
723	8592	11.88
724	8683	11.99
725	8862	12.22
726	8593	11.84
727	8833	12.15
728	9118	12.52
729	8716	11.96
730	8781	12.03
731	9004	12.32
732	8896	12.15
733	8792	11.99
734	9013	12.28
735	8801	11.97
736	9524	12.94
737	8881	12.05
738	9078	12.30
739	8840	11.96
740	8955	12.10
741	8847	11.94
742	9007	12.14
743	9405	12.66
744	8981	12.07
745	9169	12.31
746	9598	12.87
747	9219	12.34
748	9028	12.07
749	8974	11.98
750	9963	13.28
751	8894	11.84
752	8938	11.89
753	9316	12.37
754	9087	12.05
755	9169	12.14
756	9307	12.31
757	9083	12.00
758	8996	11.87
759	9000	11.86
760	9020	11.87
761	9295	12.21
762	9028	11.85
763	9242	12.11
764	9726	12.73
765	9323	12.19
766	9300	12.14
767	9177	11.96
768	9412	12.26
769	9132	11.88
770	9137	11.87
771	9375	12.16
772	9414	12.19
773	9138	11.82
774	9208	11.90
775	9260	11.95
776	9044	11.65
777	9113	11.73
778	9298	11.95
779	9316	11.96
780	9182	11.77
781	9337	11.96
782	9134	11.68
783	9172	11.71
784	9345	11.92
785	9399	11.97
786	9208	11.72
787	9468	12.03
788	9450	11.99
789	9363	11.87
790	9210	11.66
791	9463	11.96
792	9551	12.06
793	9324	11.76
794	9619	12.11
795	9346	11.76
796	9571	12.02
797	9299	11.67
798	9725	12.19
799	13211	16.53
800	9550	11.94
801	9453	11.80
802	9670	12.06
803	9538	11.88
804	9792	12.18
805	9470	11.76
806	9528	11.82
807	9898	12.27
808	9474	11.73
809	9481	11.72
810	9595	11.85
811	9465	11.67
812	9328	11.49
813	9635	11.85
814	9694	11.91
815	9456	11.60
816	9600	11.76
817	9527	11.66
818	9530	11.65
819	9519	11.62
820	9648	11.77
821	9861	12.01
822	9959	12.12
823	9577	11.64
824	9685	11.75
825	9977	12.09
826	9516	11.52
827	9557	11.56
828	9828	11.87
829	9525	11.49
830	9935	11.97
831	9592	11.54
832	9727	11.69
833	9736	11.69
834	9855	11.82
835	9593	11.49
836	10061	12.03
837	9803	11.71
838	9960	11.89
839	9975	11.89
840	9747	11.60
841	10025	11.92
842	9985	11.86
843	9757	11.57
844	9665	11.45
845	9783	11.58
846	9737	11.51
847	9859	11.64
848	9914	11.69
849	9844	11.59
850	10596	12.47
851	9738	11.44
852	9751	11.44
853	9929	11.64
854	9781	11.45
855	9995	11.69
856	9772	11.42
857	9918	11.57
858	10255	11.95
859	10184	11.86
860	9759	11.35
861	9819	11.40
862	9815	11.39
863	10133	11.74
864	10116	11.71
865	9976	11.53
866	9866	11.39
867	9853	11.36
868	9894	11.40
869	9903	11.40
870	9915	11.40
871	9949	11.42
872	10507	12.05
873	10650	12.20
874	10461	11.97
875	9974	11.40
876	10112	11.54
877	10319	11.77
878	10011	11.40
879	10281	11.70
880	9978	11.34
881	10348	11.75
882	10403	11.79
883	10108	11.45
884	10089	11.41
885	10138	11.46
886	10472	11.82
887	10100	11.39
888	10127	11.40
889	10122	11.39
890	10753	12.08
891	10100	11.34
892	10505	11.78
893	10382	11.63
894	10283	11.50
895	10187	11.38
896	10452	11.67
897	10387	11.58
898	10511	11.70
899	10212	11.36
900	10596	11.77
901	10415	11.56
902	10611	11.76
903	10234	11.33
904	10548	11.67
905	10917	12.06
906	10287	11.35
907	10369	11.43
908	10657	11.74
909	10519	11.57
910	10396	11.42
911	10351	11.36
912	10407	11.41
913	10855	11.89
914	10411	11.39
915	10432	11.40
916	10601	11.57
917	10631	11.59
918	10368	11.29
919	10737	11.68
920	11308	12.29
921	10751	11.67
922	10419	11.30
923	10505	11.38
924	10630	11.50
925	10634	11.50
926	10563	11.41
927	10641	11.48
928	15775	17.00
929	10628	11.44
930	10615	11.41
931	10736	11.53
932	10660	11.44
933	10789	11.56
934	10777	11.54
935	10768	11.52
936	11754	12.56
937	10651	11.37
938	11017	11.75
939	10756	11.45
940	10878	11.57
941	10965	11.65
942	10995	11.67
943	10708	11.36
944	10756	11.39
945	11034	11.68
946	10911	11.53
947	11089	11.71
948	10766	11.36
949	10805	11.39
950	11163	11.75
951	11002	11.57
952	10770	11.31
953	11286	11.84
954	10799	11.32
955	11313	11.85
956	11113	11.62
957	11028	11.52
958	10871	11.35
959	10995	11.47
960	10945	11.40
961	10941	11.39
962	10998	11.43
963	11045	11.47
964	11254	11.67
965	11282	11.69
966	10910	11.29
967	11077	11.46
968	11082	11.45
969	11219	11.58
970	11164	11.51
971	11201	11.54
972	11063	11.38
973	11228	11.54
974	11386	11.69
975	11104	11.39
976	11394	11.67
977	10998	11.26
978	11577	11.84
979	11543	11.79
980	11330	11.56
981	11282	11.50
982	11300	11.51
983	11129	11.32
984	11187	11.37
985	11160	11.33
986	12092	12.26
987	11156	11.30
988	11197	11.33
989	11473	11.60
990	11442	11.56
991	11392	11.50
992	11232	11.32
993	11969	12.05
994	11296	11.36
995	11583	11.64
996	12192	12.24
997	11515	11.55
998	11267	11.29
999	11610	11.62
1000	11722	11.72
1001	11546	11.53
1002	11377	11.35
1003	11715	11.68
1004	11397	11.35
1005	11575	11.52
1006	11477	11.41
1007	11941	11.86
1008	11509	11.42
1009	11634	11.53
1010	11549	11.43
1011	11538	11.41
1012	11413	11.28
1013	11849	11.70
1014	11944	11.78
1015	11520	11.35
1016	11728	11.54
1017	11921	11.72
1018	11672	11.47
1019	11791	11.57
1020	11896	11.66
1021	11882	11.64
1022	11737	11.48
1023	11914	11.65
1024	11787	11.51
1025	12882	12.57
1026	12587	12.27
1027	12521	12.19
1028	12238	11.90
1029	12289	11.94
1030	12499	12.13
1031	12205	11.84
1032	12700	12.31
1033	12269	11.88
1034	12838	12.42
1035	12350	11.93
1036	12276	11.85
1037	12353	11.91
1038	12165	11.72
1039	12123	11.67
1040	12074	11.61
1041	13033	12.52
1042	12189	11.70
1043	12631	12.11
1044	12287	11.77
1045	12608	12.07
1046	12582	12.03
1047	12261	11.71
1048	12575	12.00
1049	12234	11.66
1050	12471	11.88
1051	14732	14.02
1052	12296	11.69
1053	12669	12.03
1054	12363	11.73
1055	12273	11.63
1056	12780	12.10
1057	12296	11.63
1058	12428	11.75
1059	12300	11.61
1060	12331	11.63
1061	12496	11.78
1062	12421	11.70
1063	12642	11.89
1064	12606	11.85
1065	12406	11.65
1066	12792	12.00
1067	12933	12.12
1068	12694	11.89
1069	12778	11.95
1070	12772	11.94
1071	13274	12.39
1072	12664	11.81
1073	12814	11.94
1074	12804	11.92
1075	12659	11.78
1076	12788	11.88
1077	12730	11.82
1078	12649	11.73
1079	12836	11.90
1080	12623	11.69
1081	12561	11.62
1082	12818	11.85
1083	12631	11.66
1084	12556	11.58
1085	12755	11.76
1086	12576	11.58
1087	12769	11.75
1088	12562	11.55
1089	12570	11.54
1090	12813	11.76
1091	12796	11.73
1092	13033	11.93
1093	12713	11.63
1094	12627	11.54
1095	12886	11.77
1096	12961	11.83
1097	12703	11.58
1098	12958	11.80
1099	13085	11.91
1100	13055	11.87
1101	13207	12.00
1102	12920	11.72
1103	12811	11.61
1104	13135	11.90
1105	13295	12.03
1106	13148	11.89
1107	13034	11.77
1108	12836	11.58
1109	13072	11.79
1110	13470	12.14
1111	13379	12.04
1112	13179	11.85
1113	12916	11.60
1114	13116	11.77
1115	13098	11.75
1116	12911	11.57
1117	13323	11.93
1118	13124	11.74
1119	13073	11.68
1120	13288	11.86
1121	13192	11.77
1122	12951	11.54
1123	13324	11.86
1124	13631	12.13
1125	13210	11.74
1126	13257	11.77
1127	13311	11.81
1128	13057	11.58
1129	13309	11.79
1130	13196	11.68
1131	13276	11.74
1132	13085	11.56
1133	13138	11.60
1134	13194	11.63
1135	13341	11.75
1136	13547	11.93
1137	13427	11.81
1138	13334	11.72
1139	13137	11.53
1140	13355	11.71
1141	13407	11.75
1142	13988	12.25
1143	13468	11.78
1144	13479	11.78
1145	13229	11.55
1146	13545	11.82
1147	13603	11.86
1148	13712	11.94
1149	13462	11.72
1150	13472	11.71
1151	13346	11.60
1152	13418	11.65
1153	13529	11.73
1154	13605	11.79
1155	13663	11.83
1156	13517	11.69
1157	13313	11.51
1158	13618	11.76
1159	13568	11.71
1160	13860	11.95
1161	13742	11.84
1162	13590	11.70
1163	13445	11.56
1164	14066	12.08
1165	13939	11.96
1166	13531	11.60
1167	13973	11.97
1168	13805	11.82
1169	13467	11.52
1170	13929	11.91
1171	13698	11.70
1172	13929	11.88
1173	13752	11.72
1174	14551	12.39
1175	13591	11.57
1176	13755	11.70
1177	13814	11.74
1178	13705	11.63
1179	14218	12.06
1180	13821	11.71
1181	13844	11.72
1182	14005	11.85
1183	13725	11.60
1184	14321	12.10
1185	13714	11.57
1186	13761	11.60
1187	13776	11.61
1188	13674	11.51
1189	14195	11.94
1190	14826	12.46
1191	13847	11.63
1192	14288	11.99
1193	13882	11.64
1194	13776	11.54
1195	14039	11.75
1196	14271	11.93
1197	13833	11.56
1198	14113	11.78
1199	13897	11.59
1200	14095	11.75
1201	15056	12.54
1202	14056	11.69
1203	14080	11.70
1204	13870	11.52
1205	14860	12.33
1206	14292	11.85
1207	14107	11.69
1208	14160	11.72
1209	14201	11.75
1210	14242	11.77
1211	14058	11.61
1212	14338	11.83
1213	14350	11.83
1214	14073	11.59
1215	14078	11.59
1216	13957	11.48
1217	14130	11.61
1218	15381	12.63
1219	14319	11.75
1220	14598	11.97
1221	14190	11.62
1222	14446	11.82
1223	14501	11.86
1224	14303	11.69
1225	14523	11.86
1226	14096	11.50
1227	14230	11.60
1228	14110	11.49
1229	14382	11.70
1230	15008	12.20
1231	14293	11.61
1232	14647	11.89
1233	14684	11.91
1234	14264	11.56
1235	15091	12.22
1236	14660	11.86
1237	14389	11.63
1238	14416	11.64
1239	14573	11.76
1240	14269	11.51
1241	14701	11.85
1242	14334	11.54
1243	14513	11.68
1244	14710	11.82
1245	14420	11.58
1246	14558	11.68
1247	14910	11.96
1248	14472	11.60
1249	14497	11.61
1250	14709	11.77
1251	14957	11.96
1252	14654	11.70
1253	14623	11.67
1254	14843	11.84
1255	14782	11.78
1256	14375	11.45
1257	14845	11.81
1258	14800	11.76
1259	15107	12.00
1260	14742	11.70
1261	14507	11.50
1262	14509	11.50
1263	14476	11.46
1264	14688	11.62
1265	14519	11.48
1266	14604	11.54
1267	14516	11.46
1268	14563	11.49
1269	15076	11.88
1270	14766	11.63
1271	14676	11.55
1272	14531	11.42
1273	14998	11.78
1274	15138	11.88
1275	14895	11.68
1276	14603	11.44
1277	14766	11.56
1278	14752	11.54
1279	15682	12.26
1280	14782	11.55
1281	15018	11.72
1282	14735	11.49
1283	15128	11.79
1284	14706	11.45
1285	15346	11.94
1286	15134	11.77
1287	17607	13.68
1288	15923	12.36
1289	14950	11.60
1290	15173	11.76
1291	14835	11.49
1292	14748	11.41
1293	15055	11.64
1294	14833	11.46
1295	15507	11.97
1296	14912	11.51
1297	14895	11.48
1298	19203	14.79
1299	16957	13.05
1300	16891	12.99
1301	15140	11.64
1302	15119	11.61
1303	15142	11.62
1304	15798	12.12
1305	15639	11.98
1306	15486	11.86
1307	15230	11.65
1308	15254	11.66
1309	15397	11.76
1310	15646	11.94
1311	15985	12.19
1312	18442	14.06
1313	18555	14.13
1314	17725	13.49
1315	17582	13.37
1316	18558	14.10
1317	19169	14.56
1318	17323	13.14
1319	15116	11.46
1320	17016	12.89
1321	15590	11.80
1322	15598	11.80
1323	15205	11.49
1324	15570	11.76
1325	15985	12.06
1326	15645	11.80
1327	15798	11.91
1328	15610	11.75
1329	15327	11.53
1330	15639	11.76
1331	16001	12.02
1332	16023	12.03
1333	15696	11.77
1334	15670	11.75
1335	15874	11.89
1336	17490	13.09
1337	15660	11.71
1338	15451	11.55
1339	15843	11.83
1340	15567	11.62
1341	15805	11.79
1342	15678	11.68
1343	16007	11.92
1344	15649	11.64
1345	15402	11.45
1346	16001	11.89
1347	15787	11.72
1348	15661	11.62
1349	15829	11.73
1350	15823	11.72
1351	15927	11.79
1352	15721	11.63
1353	16156	11.94
1354	15729	11.62
1355	15827	11.68
1356	15744	11.61
1357	15701	11.57
1358	15954	11.75
1359	16199	11.92
1360	15715	11.56
1361	16125	11.85
1362	16190	11.89
1363	15579	11.43
1364	15654	11.48
1365	15744	11.53
1366	15746	11.53
1367	16001	11.71
1368	15641	11.43
1369	15778	11.53
1370	16034	11.70
1371	19665	14.34
1372	16044	11.69
1373	16117	11.74
1374	16174	11.77
1375	15792	11.49
1376	16020	11.64
1377	15749	11.44
1378	16197	11.75
1379	16068	11.65
1380	15921	11.54
1381	16271	11.78
1382	16338	11.82
1383	16055	11.61
1384	15802	11.42
1385	16144	11.66
1386	16078	11.60
1387	17059	12.30
1388	15908	11.46
1389	15906	11.45
1390	16723	12.03
1391	16138	11.60
1392	16704	12.00
1393	16204	11.63
1394	16085	11.54
1395	16220	11.63
1396	16156	11.57
1397	15990	11.45
1398	16373	11.71
1399	15888	11.36
1400	16213	11.58
1401	16305	11.64
1402	16619	11.85
1403	16223	11.56
1404	16354	11.65
1405	16274	11.58
1406	16556	11.78
1407	16725	11.89
1408	16361	11.62
1409	16249	11.53
1410	16854	11.95
1411	19517	13.83
1412	16206	11.48
1413	16170	11.44
1414	16571	11.72
1415	16478	11.65
1416	17054	12.04
1417	16376	11.56
1418	16493	11.63
1419	16693	11.76
1420	16329	11.50
1421	16295	11.47
1422	16781	11.80
1423	16310	11.46
1424	16270	11.43
1425	16197	11.37
1426	16636	11.67
1427	16366	11.47
1428	16252	11.38
1429	16561	11.59
1430	16726	11.70
1431	17419	12.17
1432	16647	11.62
1433	16370	11.42
1434	16487	11.50
1435	16563	11.54
1436	16346	11.38
1437	16693	11.62
1438	16343	11.37
1439	16594	11.53
1440	16578	11.51
1441	16944	11.76
1442	16569	11.49
1443	16784	11.63
1444	16486	11.42
1445	16570	11.47
1446	17056	11.80
1447	16473	11.38
1448	16560	11.44
1449	16849	11.63
1450	20487	14.13
1451	17156	11.82
1452	16636	11.46
1453	16808	11.57
1454	16496	11.35
1455	16890	11.61
1456	16861	11.58
1457	16789	11.52
1458	16625	11.40
1459	17013	11.66
1460	16618	11.38
1461	16816	11.51
1462	16761	11.46
1463	16680	11.40
1464	16638	11.36
1465	17069	11.65
1466	16610	11.33
1467	16917	11.53
1468	16772	11.43
1469	17011	11.58
1470	16890	11.49
1471	17209	11.70
1472	16834	11.44
1473	17160	11.65
1474	18098	12.28
1475	17307	11.73
1476	17034	11.54
1477	17210	11.65
1478	17056	11.54
1479	16835	11.38
1480	17157	11.59
1481	17266	11.66
1482	17069	11.52
1483	17074	11.51
1484	17502	11.79
1485	17169	11.56
1486	17293	11.64
1487	17381	11.69
1488	17024	11.44
1489	17866	12.00
1490	17216	11.55
1491	17264	11.58
1492	17040	11.42
1493	17283	11.58
1494	17398	11.65
1495	17302	11.57
1496	17191	11.49
1497	17611	11.76
1498	17305	11.55
1499	17171	11.45
1500	17392	11.59
1501	17297	11.52
1502	17275	11.50
1503	17495	11.64
1504	17600	11.70
1505	17266	11.47
1506	17230	11.44
1507	17601	11.68
1508	17461	11.58
1509	17416	11.54
1510	17270	11.44
1511	17319	11.46
1512	17780	11.76
1513	17409	11.51
1514	17252	11.39
1515	17445	11.51
1516	17440	11.50
1517	17314	11.41
1518	17354	11.43
1519	17535	11.54
1520	17252	11.35
1521	18181	11.95
1522	17518	11.51
1523	17614	11.57
1524	17393	11.41
1525	17581	11.53
1526	17986	11.79
1527	18041	11.81
1528	17797	11.65
1529	17249	11.28
1530	18213	11.90
1531	17700	11.56
1532	17369	11.34
1533	17619	11.49
1534	17559	11.45
1535	18106	11.80
1536	17675	11.51
1537	17333	11.28
1538	17684	11.50
1539	17508	11.38
1540	17434	11.32
1541	17473	11.34
1542	17682	11.47
1543	17802	11.54
1544	17719	11.48
1545	17473	11.31
1546	17957	11.62
1547	17981	11.62
1548	18363	11.86
1549	17727	11.44
1550	17958	11.59
1551	17992	11.60
1552	18010	11.60
1553	17855	11.50
1554	17775	11.44
1555	18053	11.61
1556	17874	11.49
1557	18069	11.61
1558	17946	11.52
1559	17889	11.47
1560	18005	11.54
1561	18299	11.72
1562	22955	14.70
1563	17937	11.48
1564	17658	11.29
1565	17981	11.49
1566	18494	11.81
1567	18059	11.52
1568	17627	11.24
1569	17979	11.46
1570	17785	11.33
1571	18033	11.48
1572	17996	11.45
1573	17785	11.31
1574	17865	11.35
1575	18032	11.45
1576	18023	11.44
1577	18011	11.42
1578	17824	11.30
1579	18091	11.46
1580	18237	11.54
1581	18259	11.55
1582	17889	11.31
1583	17975	11.36
1584	18144	11.45
1585	18184	11.47
1586	18038	11.37
1587	18250	11.50
1588	18198	11.46
1589	18291	11.51
1590	18003	11.32
1591	18141	11.40
1592	17881	11.23
1593	18487	11.61
1594	18424	11.56
1595	18504	11.60
1596	18250	11.43
1597	21014	13.16
1598	18377	11.50
1599	18787	11.75
1600	18146	11.34
1601	18001	11.24
1602	19001	11.86
1603	18314	11.42
1604	18292	11.40
1605	17976	11.20
1606	18933	11.79
1607	18361	11.43
1608	18218	11.33
1609	18152	11.28
1610	18195	11.30
1611	18141	11.26
1612	18253	11.32
1613	18385	11.40
1614	18421	11.41
1615	18431	11.41
1616	18278	11.31
1617	18621	11.52
1618	18339	11.33
1619	19115	11.81
1620	18529	11.44
1621	18754	11.57
1622	18920	11.66
1623	18226	11.23
1624	20039	12.34
1625	18282	11.25
1626	18907	11.63
1627	19032	11.70
1628	18534	11.38
1629	18383	11.28
1630	18848	11.56
1631	18575	11.39
1632	18605	11.40
1633	18763	11.49
1634	18586	11.37
1635	18861	11.54
1636	18586	11.36
1637	19633	11.99
1638	18483	11.28
1639	18750	11.44
1640	18735	11.42
1641	18987	11.57
1642	18830	11.47
1643	18723	11.40
1644	18498	11.25
1645	19655	11.95
1646	18507	11.24
1647	18974	11.52
1648	18723	11.36
1649	19213	11.65
1650	18788	11.39
1651	18979	11.50
1652	18800	11.38
1653	18663	11.29
1654	18706	11.31
1655	19225	11.62
1656	18560	11.21
1657	18907	11.41
1658	19174	11.56
1659	18869	11.37
1660	19205	11.57
1661	18767	11.30
1662	19223	11.57
1663	18708	11.25
1664	18793	11.29
1665	18719	11.24
1666	20225	12.14
1667	19094	11.45
1668	19223	11.52
1669	19201	11.50
1670	19794	11.85
1671	19427	11.63
1672	18755	11.22
1673	18780	11.23
1674	18782	11.22
1675	19503	11.64
1676	19363	11.55
1677	19193	11.44
1678	19347	11.53
1679	18929	11.27
1680	18917	11.26
1681	19066	11.34
1682	19174	11.40
1683	19345	11.49
1684	19118	11.35
1685	19399	11.51
1686	18964	11.25
1687	19446	11.53
1688	18990	11.25
1689	18924	11.20
1690	19562	11.58
1691	18961	11.21
1692	19026	11.24
1693	19091	11.28
1694	19394	11.45
1695	19187	11.32
1696	19121	11.27
1697	19347	11.40
1698	19118	11.26
1699	19207	11.30
1700	19955	11.74
1701	19349	11.38
1702	19625	11.53
1703	19558	11.48
1704	20197	11.85
1705	19368	11.36
1706	19400	11.37
1707	19330	11.32
1708	19381	11.35
1709	19226	11.25
1710	19290	11.28
1711	19436	11.36
1712	19540	11.41
1713	19548	11.41
1714	19708	11.50
1715	19552	11.40
1716	19562	11.40
1717	19537	11.38
1718	19405	11.30
1719	19663	11.44
1720	19523	11.35
1721	19713	11.45
1722	19336	11.23
1723	19708	11.44
1724	19243	11.16
1725	20335	11.79
1726	19412	11.25
1727	19742	11.43
1728	19427	11.24
1729	19992	11.56
1730	19970	11.54
1731	19823	11.45
1732	19516	11.27
1733	19868	11.46
1734	19920	11.49
1735	19806	11.42
1736	20406	11.75
1737	20492	11.80
1738	19788	11.39
1739	19487	11.21
1740	19709	11.33
1741	19945	11.46
1742	19927	11.44
1743	20306	11.65
1744	20117	11.53
1745	20406	11.69
1746	19945	11.42
1747	19961	11.43
1748	19857	11.36
1749	20281	11.60
1750	20056	11.46
1751	20037	11.44
1752	19745	11.27
1753	20345	11.61
1754	19876	11.33
1755	19762	11.26
1756	19760	11.25
1757	19802	11.27
1758	19740	11.23
1759	20191	11.48
1760	20152	11.45
1761	19884	11.29
1762	19695	11.18
1763	19727	11.19
1764	20301	11.51
1765	20174	11.43
1766	20037	11.35
1767	19710	11.15
1768	19887	11.25
1769	20158	11.40
1770	20585	11.63
1771	19991	11.29
1772	19989	11.28
1773	20210	11.40
1774	20245	11.41
1775	20374	11.48
1776	19930	11.22
1777	20389	11.47
1778	20303	11.42
1779	19840	11.15
1780	20604	11.58
1781	20226	11.36
1782	20217	11.35
1783	19884	11.15
1784	20056	11.24
1785	20619	11.55
1786	20125	11.27
1787	20247	11.33
1788	20510	11.47
1789	20366	11.38
1790	20047	11.20
1791	20491	11.44
1792	20053	11.19
1793	20301	11.32
1794	20138	11.23
1795	20608	11.48
1796	20042	11.16
1797	25387	14.13
1798	20610	11.46
1799	20147	11.20
1800	20525	11.40
1801	20306	11.27
1802	20854	11.57
1803	20356	11.29
1804	20901	11.59
1805	20435	11.32
1806	20367	11.28
1807	20424	11.30
1808	20826	11.52
1809	20666	11.42
1810	20443	11.29
1811	20533	11.34
1812	20553	11.34
1813	20874	11.51
1814	20903	11.52
1815	20443	11.26
1816	20529	11.30
1817	20629	11.35
1818	20348	11.19
1819	20561	11.30
1820	20644	11.34
1821	20894	11.47
1822	20753	11.39
1823	20577	11.29
1824	20405	11.19
1825	20680	11.33
1826	20646	11.31
1827	20635	11.29
1828	21247	11.62
1829	21177	11.58
1830	20824	11.38
1831	20741	11.33
1832	21155	11.55
1833	20608	11.24
1834	20741	11.31
1835	21321	11.62
1836	20684	11.27
1837	21100	11.49
1838	20625	11.22
1839	20894	11.36
1840	21334	11.59
1841	20717	11.25
1842	20737	11.26
1843	21270	11.54
1844	20694	11.22
1845	20686	11.21
1846	20845	11.29
1847	21022	11.38
1848	20962	11.34
1849	21042	11.38
1850	20764	11.22
1851	21366	11.54
1852	20654	11.15
1853	20849	11.25
1854	21396	11.54
1855	21275	11.47
1856	20665	11.13
1857	21180	11.41
1858	21545	11.60
1859	20829	11.20
1860	20700	11.13
1861	20761	11.16
1862	21331	11.46
1863	21119	11.34
1864	21715	11.65
1865	21283	11.41
1866	21274	11.40
1867	21267	11.39
1868	21016	11.25
1869	21289	11.39
1870	21238	11.36
1871	21259	11.36
1872	21425	11.44
1873	21306	11.38
1874	20879	11.14
1875	21107	11.26
1876	21113	11.25
1877	21414	11.41
1878	21313	11.35
1879	21151	11.26
1880	21286	11.32
1881	22029	11.71
1882	20913	11.11
1883	21161	11.24
1884	21225	11.27
1885	21568	11.44
1886	21239	11.26
1887	21321	11.30
1888	21308	11.29
1889	21490	11.38
1890	21030	11.13
1891	21350	11.29
1892	21740	11.49
1893	21221	11.21
1894	21432	11.32
1895	22081	11.65
1896	21726	11.46
1897	21408	11.29
1898	21564	11.36
1899	21131	11.13
1900	21864	11.51
1901	21449	11.28
1902	21455	11.28
1903	22020	11.57
1904	21396	11.24
1905	21497	11.28
1906	21442	11.25
1907	21648	11.35
1908	21407	11.22
1909	21854	11.45
1910	21455	11.23
1911	21301	11.15
1912	21742	11.37
1913	21495	11.24
1914	21648	11.31
1915	22000	11.49
1916	21864	11.41
1917	21652	11.29
1918	25141	13.11
1919	21545	11.23
1920	21364	11.13
1921	21826	11.36
1922	21913	11.40
1923	21518	11.19
1924	21786	11.32
1925	22436	11.66
1926	21681	11.26
1927	21435	11.12
1928	21503	11.15
1929	21895	11.35
1930	21602	11.19
1931	22060	11.42
1932	21891	11.33
1933	22762	11.78
1934	21994	11.37
1935	22023	11.38
1936	21873	11.30
1937	22628	11.68
1938	21784	11.24
1939	21750	11.22
1940	22323	11.51
1941	21823	11.24
1942	22133	11.40
1943	22397	11.53
1944	21775	11.20
1945	21795	11.21
1946	22131	11.37
1947	22026	11.31
1948	22132	11.36
1949	21749	11.16
1950	22215	11.39
1951	22317	11.44
1952	21917	11.23
1953	22168	11.35
1954	21715	11.11
1955	22488	11.50
1956	21857	11.17
1957	22098	11.29
1958	21989	11.23
1959	21719	11.09
1960	22194	11.32
1961	21791	11.11
1962	22387	11.41
1963	22413	11.42
1964	22160	11.28
1965	22012	11.20
1966	23113	11.76
1967	22034	11.20
1968	22340	11.35
1969	22670	11.51
1970	22264	11.30
1971	22498	11.41
1972	22080	11.20
1973	22009	11.16
1974	22045	11.17
1975	22348	11.32
1976	22309	11.29
1977	22108	11.18
1978	22508	11.38
1979	22450	11.34
1980	22338	11.28
1981	22705	11.46
1982	22067	11.13
1983	22175	11.18
1984	22686	11.43
1985	22545	11.36
1986	22345	11.25
1987	22377	11.26
1988	22417	11.28
1989	22488	11.31
1990	22333	11.22
1991	22453	11.28
1992	22445	11.27
1993	22408	11.24
1994	22527	11.30
1995	22367	11.21
1996	22574	11.31
1997	22557	11.30
1998	22668	11.35
1999	22390	11.20
2000	22271	11.14
2001	22495	11.24
2002	22440	11.21
2003	22528	11.25
2004	22714	11.33
2005	22461	11.20
2006	22612	11.27
2007	22534	11.23
2008	22661	11.29
2009	22770	11.33
2010	22723	11.30
2011	22644	11.26
2012	22659	11.26
2013	22460	11.16
2014	23332	11.58
2015	22624	11.23
2016	22817	11.32
2017	22751	11.28
2018	22623	11.21
2019	23059	11.42
2020	22731	11.25
2021	22426	11.10
2022	22579	11.17
2023	22557	11.15
2024	22583	11.16
2025	22458	11.09
2026	23145	11.42
2027	22678	11.19
2028	22461	11.08
2029	23047	11.36
2030	22801	11.23
2031	22911	11.28
2032	23252	11.44
2033	26875	13.22
2034	22754	11.19
2035	22724	11.17
2036	23290	11.44
2037	23601	11.59
2038	22742	11.16
2039	23110	11.33
2040	22819	11.19
2041	23071	11.30
2042	22861	11.20
2043	24113	11.80
2044	23096	11.30
2045	23124	11.31
2046	22651	11.07
2047	22940	11.21
2048	23229	11.34
2049	24200	11.81
2050	23808	11.61
2051	23443	11.43
2052	23385	11.40
2053	23879	11.63
2054	23978	11.67
2055	23677	11.52
2056	23598	11.48
2057	24075	11.70
2058	23955	11.64
2059	23576	11.45
2060	24114	11.71
2061	23457	11.38
2062	23781	11.53
2063	23413	11.35
2064	24443	11.84
2065	23789	11.52
2066	23749	11.50
2067	23860	11.54
2068	23903	11.56
2069	23838	11.52
2070	23880	11.54
2071	24364	11.76
2072	23710	11.44
2073	23947	11.55
2074	23919	11.53
2075	23950	11.54
2076	23876	11.50
2077	24176	11.64
2078	23800	11.45
2079	23809	11.45
2080	23664	11.38
2081	24596	11.82
2082	23905	11.48
2083	23695	11.38
2084	24424	11.72
2085	23786	11.41
2086	23918	11.47
2087	27350	13.10
2088	23985	11.49
2089	24433	11.70
2090	23906	11.44
2091	24041	11.50
2092	24010	11.48
2093	23985	11.46
2094	24061	11.49
2095	23984	11.45
2096	24261	11.57
2097	23985	11.44
2098	24370	11.62
2099	24000	11.43
2100	24342	11.59
2101	24799	11.80
2102	24189	11.51
2103	23922	11.38
2104	24100	11.45
2105	23815	11.31
2106	24397	11.58
2107	25564	12.13
2108	24436	11.59
2109	24298	11.52
2110	24292	11.51
2111	24453	11.58
2112	24416	11.56
2113	24438	11.57
2114	24803	11.73
2115	24285	11.48
2116	24423	11.54
2117	24379	11.52
2118	24498	11.57
2119	24198	11.42
2120	24394	11.51
2121	24851	11.72
2122	24516	11.55
2123	24594	11.58
2124	24708	11.63
2125	24682	11.62
2126	24333	11.45
2127	24343	11.44
2128	24457	11.49
2129	24627	11.57
2130	24970	11.72
2131	24486	11.49
2132	24656	11.56
2133	24182	11.34
2134	24643	11.55
2135	24453	11.45
2136	24649	11.54
2137	24991	11.69
2138	24881	11.64
2139	27103	12.67
2140	28304	13.23
2141	25213	11.78
2142	25242	11.78
2143	24772	11.56
2144	24905	11.62
2145	24746	11.54
2146	24778	11.55
2147	25527	11.89
2148	24974	11.63
2149	25262	11.76
2150	25239	11.74
2151	24663	11.47
2152	24701	11.48
2153	25467	11.83
2154	25345	11.77
2155	24854	11.53
2156	25135	11.66
2157	24906	11.55
2158	25221	11.69
2159	25343	11.74
2160	24652	11.41
2161	25082	11.61
2162	25038	11.58
2163	24981	11.55
2164	25120	11.61
2165	25062	11.58
2166	24892	11.49
2167	24817	11.45
2168	24860	11.47
2169	25602	11.80
2170	25005	11.52
2171	25208	11.61
2172	24927	11.48
2173	24808	11.42
2174	24967	11.48
2175	25152	11.56
2176	25126	11.55
2177	25185	11.57
2178	25289	11.61
2179	26005	11.93
2180	24985	11.46
2181	25005	11.46
2182	25250	11.57
2183	25309	11.59
2184	25224	11.55
2185	25579	11.71
2186	25095	11.48
2187	25925	11.85
2188	25862	11.82
2189	25886	11.83
2190	28540	13.03
2191	25304	11.55
2192	25287	11.54
2193	25276	11.53
2194	25248	11.51
2195	25918	11.81
2196	25580	11.65
2197	25307	11.52
2198	25922	11.79
2199	26142	11.89
2200	26563	12.07
2201	25450	11.56
2202	25557	11.61
2203	25085	11.39
2204	26953	12.23
2205	26603	12.06
2206	25937	11.76
2207	26122	11.84
2208	27599	12.50
2209	26171	11.85
2210	25835	11.69
2211	26391	11.94
2212	25493	11.52
2213	25916	11.71
2214	26476	11.96
2215	26062	11.77
2216	26321	11.88
2217	25626	11.56
2218	25794	11.63
2219	26032	11.73
2220	25548	11.51
2221	26031	11.72
2222	25821	11.62
2223	25622	11.53
2224	25786	11.59
2225	29013	13.04
2226	26466	11.89
2227	26434	11.87
2228	25973	11.66
2229	27085	12.15
2230	26197	11.75
2231	26325	11.80
2232	26491	11.87
2233	25737	11.53
2234	26329	11.79
2235	26216	11.73
2236	26551	11.87
2237	25820	11.54
2238	26372	11.78
2239	26378	11.78
2240	26035	11.62
2241	26382	11.77
2242	26022	11.61
2243	25851	11.53
2244	26748	11.92
2245	26552	11.83
2246	25589	11.39
2247	26301	11.70
2248	26038	11.58
2249	25868	11.50
2250	25982	11.55
2251	26546	11.79
2252	25696	11.41
2253	25986	11.53
2254	26409	11.72
2255	26274	11.65
2256	25792	11.43
2257	26046	11.54
2258	26774	11.86
2259	26277	11.63
2260	26818	11.87
2261	26233	11.60
2262	26414	11.68
2263	26897	11.89
2264	26050	11.51
2265	26148	11.54
2266	26069	11.50
2267	25786	11.37
2268	26155	11.53
2269	26036	11.47
2270	26203	11.54
2271	26388	11.62
2272	26264	11.56
2273	29327	12.90
2274	26448	11.63
2275	26773	11.77
2276	27258	11.98
2277	27249	11.97
2278	26258	11.53
2279	26209	11.50
2280	27081	11.88
2281	26369	11.56
2282	26600	11.66
2283	26402	11.56
2284	26884	11.77
2285	27132	11.87
2286	26840	11.74
2287	26300	11.50
2288	26337	11.51
2289	26454	11.56
2290	26943	11.77
2291	26223	11.45
2292	26295	11.47
2293	26399	11.51
2294	26724	11.65
2295	27169	11.84
2296	27193	11.84
2297	28770	12.53
2298	26924	11.72
2299	27564	11.99
2300	27695	12.04
2301	27214	11.83
2302	26479	11.50
2303	27510	11.95
2304	27105	11.76
2305	26686	11.58
2306	26563	11.52
2307	27405	11.88
2308	26664	11.55
2309	26487	11.47
2310	26729	11.57
2311	26932	11.65
2312	26388	11.41
2313	27095	11.71
2314	26239	11.34
2315	27471	11.87
2316	27064	11.69
2317	26932	11.62
2318	27486	11.86
2319	26371	11.37
2320	27222	11.73
2321	27702	11.94
2322	27094	11.67
2323	26692	11.49
2324	27861	11.99
2325	27006	11.62
2326	28529	12.27
2327	27370	11.76
2328	27243	11.70
2329	26689	11.46
2330	27216	11.68
2331	39552	16.97
2332	27176	11.65
2333	29735	12.75
2334	27800	11.91
2335	28308	12.12
2336	27003	11.56
2337	27115	11.60
2338	27675	11.84
2339	27556	11.78
2340	27284	11.66
2341	28567	12.20
2342	27061	11.55
2343	27587	11.77
2344	27366	11.67
2345	26990	11.51
2346	27765	11.84
2347	27585	11.75
2348	26714	11.38
2349	27629	11.76
2350	28309	12.05
2351	27600	11.74
2352	27719	11.79
2353	28130	11.95
2354	27155	11.54
2355	27578	11.71
2356	27577	11.71
2357	29029	12.32
2358	27372	11.61
2359	27158	11.51
2360	27581	11.69
2361	27907	11.82
2362	27430	11.61
2363	27778	11.76
2364	27902	11.80
2365	27442	11.60
2366	27907	11.80
2367	27561	11.64
2368	27812	11.74
2369	27500	11.61
2370	27811	11.73
2371	27325	11.52
2372	27466	11.58
2373	27476	11.58
2374	27677	11.66
2375	27474	11.57
2376	28313	11.92
2377	27525	11.58
2378	28199	11.86
2379	27591	11.60
2380	27642	11.61
2381	27747	11.65
2382	28308	11.88
2383	27299	11.46
2384	27422	11.50
2385	27427	11.50
2386	27805	11.65
2387	28177	11.80
2388	28658	12.00
2389	27504	11.51
2390	28204	11.80
2391	27827	11.64
2392	27791	11.62
2393	28158	11.77
2394	28109	11.74
2395	28268	11.80
2396	28370	11.84
2397	28210	11.77
2398	28458	11.87
2399	28677	11.95
2400	28186	11.74
2401	32344	13.47
2402	29598	12.32
2403	28244	11.75
2404	28296	11.77
2405	27844	11.58
2406	27858	11.58
2407	28046	11.65
2408	28050	11.65
2409	27659	11.48
2410	27815	11.54
2411	28162	11.68
2412	28493	11.81
2413	28178	11.68
2414	28520	11.81
2415	28011	11.60
2416	28886	11.96
2417	28220	11.68
2418	28262	11.69
2419	27605	11.41
2420	27729	11.46
2421	27654	11.42
2422	29528	12.19
2423	27840	11.49
2424	28442	11.73
2425	28166	11.61
2426	28578	11.78
2427	27859	11.48
2428	28416	11.70
2429	28301	11.65
2430	28131	11.58
2431	28198	11.60
2432	28492	11.72
2433	28104	11.55
2434	28461	11.69
2435	28675	11.78
2436	27958	11.48
2437	29189	11.98
2438	28754	11.79
2439	30276	12.41
2440	28564	11.71
2441	28674	11.75
2442	29610	12.13
2443	28389	11.62
2444	28738	11.76
2445	29086	11.90
2446	29232	11.95
2447	33062	13.51
2448	29415	12.02
2449	28477	11.63
2450	29276	11.95
2451	28736	11.72
2452	28384	11.58
2453	28631	11.67
2454	28472	11.60
2455	28686	11.68
2456	28934	11.78
2457	28721	11.69
2458	28526	11.61
2459	28587	11.63
2460	28774	11.70
2461	28586	11.62
2462	28649	11.64
2463	28917	11.74
2464	28423	11.54
2465	28846	11.70
2466	28790	11.67
2467	28633	11.61
2468	28749	11.65
2469	28974	11.74
2470	29230	11.83
2471	28331	11.47
2472	28391	11.49
2473	29492	11.93
2474	29283	11.84
2475	29149	11.78
2476	29765	12.02
2477	28719	11.59
2478	28848	11.64
2479	29662	11.97
2480	28751	11.59
2481	28463	11.47
2482	28612	11.53
2483	28564	11.50
2484	28890	11.63
2485	28714	11.55
2486	28457	11.45
2487	28570	11.49
2488	28757	11.56
2489	28611	11.49
2490	30959	12.43
2491	29000	11.64
2492	29867	11.99
2493	28619	11.48
2494	28498	11.43
2495	28872	11.57
2496	29067	11.65
2497	30083	12.05
2498	29256	11.71
2499	28948	11.58
2500	28795	11.52
2501	29015	11.60
2502	28782	11.50
2503	28542	11.40
2504	29170	11.65
2505	29265	11.68
2506	29954	11.95
2507	30383	12.12
2508	29935	11.94
2509	28521	11.37
2510	29559	11.78
2511	28494	11.35
2512	29456	11.73
2513	29970	11.93
2514	29480	11.73
2515	29849	11.87
2516	29835	11.86
2517	29604	11.76
2518	28884	11.47
2519	28600	11.35
2520	29563	11.73
2521	29325	11.63
2522	29805	11.82
2523	29657	11.75
2524	29293	11.61
2525	29817	11.81
2526	29315	11.61
2527	29441	11.65
2528	29749	11.77
2529	29558	11.69
2530	29356	11.60
2531	30031	11.87
2532	29811	11.77
2533	29592	11.68
2534	29768	11.75
2535	29382	11.59
2536	33667	13.28
2537	29363	11.57
2538	29190	11.50
2539	29586	11.65
2540	29259	11.52
2541	29749	11.71
2542	29417	11.57
2543	29416	11.57
2544	29391	11.55
2545	29338	11.53
2546	29280	11.50
2547	29305	11.51
2548	29747	11.67
2549	29402	11.53
2550	29469	11.56
2551	32803	12.86
2552	33509	13.13
2553	29580	11.59
2554	29631	11.60
2555	29907	11.71
2556	29778	11.65
2557	29110	11.38
2558	29789	11.65
2559	29372	11.48
2560	29371	11.47
2561	29358	11.46
2562	29082	11.35
2563	30114	11.75
2564	30063	11.73
2565	29601	11.54
2566	30174	11.76
2567	29717	11.58
2568	29503	11.49
2569	30350	11.81
2570	29319	11.41
2571	29958	11.65
2572	30459	11.84
2573	30544	11.87
2574	30858	11.99
2575	30004	11.65
2576	29767	11.56
2577	29809	11.57
2578	29491	11.44
2579	29456	11.42
2580	29676	11.50
2581	29764	11.53
2582	30267	11.72
2583	30556	11.83
2584	29364	11.36
2585	30629	11.85
2586	30119	11.65
2587	29938	11.57
2588	30395	11.74
2589	29313	11.32
2590	30971	11.96
2591	29978	11.57
2592	29517	11.39
2593	30145	11.63
2594	34887	13.45
2595	30546	11.77
2596	31604	12.17
2597	30133	11.60
2598	30082	11.58
2599	29914	11.51
2600	30340	11.67
2601	31157	11.98
2602	29889	11.49
2603	30335	11.65
2604	30599	11.75
2605	30293	11.63
2606	30281	11.62
2607	30108	11.55
2608	30482	11.69
2609	30368	11.64
2610	30025	11.50
2611	30086	11.52
2612	31022	11.88
2613	30478	11.66
2614	30604	11.71
2615	33823	12.93
2616	35135	13.43
2617	30683	11.72
2618	30265	11.56
2619	31925	12.19
2620	30319	11.57
2621	30365	11.59
2622	31180	11.89
2623	29977	11.43
2624	30312	11.55
2625	30237	11.52
2626	30289	11.53
2627	31020	11.81
2628	30571	11.63
2629	30008	11.41
2630	30898	11.75
2631	30567	11.62
2632	30001	11.40
2633	30605	11.62
2634	30207	11.47
2635	30582	11.61
2636	33830	12.83
2637	30281	11.48
2638	30534	11.57
2639	30279	11.47
2640	30079	11.39
2641	30854	11.68
2642	30269	11.46
2643	30470	11.53
2644	30158	11.41
2645	30202	11.42
2646	31009	11.72
2647	30138	11.39
2648	30841	11.65
2649	30231	11.41
2650	30511	11.51
2651	30547	11.52
2652	30533	11.51
2653	30141	11.36
2654	30694	11.57
2655	30629	11.54
2656	31048	11.69
2657	30754	11.57
2658	30580	11.50
2659	30256	11.38
2660	30194	11.35
2661	30857	11.60
2662	30418	11.43
2663	30470	11.44
2664	30360	11.40
2665	30551	11.46
2666	30184	11.32
2667	32024	12.01
2668	30140	11.30
2669	30484	11.42
2670	31008	11.61
2671	30365	11.37
2672	30789	11.52
2673	30513	11.42
2674	30460	11.39
2675	31124	11.64
2676	30654	11.46
2677	30770	11.49
2678	31012	11.58
2679	30407	11.35
2680	31272	11.67
2681	30769	11.48
2682	31020	11.57
2683	31143	11.61
2684	30797	11.47
2685	31098	11.58
2686	30601	11.39
2687	30906	11.50
2688	31484	11.71
2689	30872	11.48
2690	31321	11.64
2691	31178	11.59
2692	30779	11.43
2693	31038	11.53
2694	30899	11.47
2695	31011	11.51
2696	30767	11.41
2697	30800	11.42
2698	31035	11.50
2699	30969	11.47
2700	30680	11.36
2701	31436	11.64
2702	31152	11.53
2703	31014	11.47
2704	30626	11.33
2705	31368	11.60
2706	30575	11.30
2707	31063	11.48
2708	32156	11.87
2709	30932	11.42
2710	30960	11.42
2711	31000	11.43
2712	30947	11.41
2713	31190	11.50
2714	30845	11.37
2715	31489	11.60
2716	31052	11.43
2717	31193	11.48
2718	31085	11.44
2719	33578	12.35
2720	33964	12.49
2721	33164	12.19
2722	31260	11.48
2723	31224	11.47
2724	31061	11.40
2725	31023	11.38
2726	31086	11.40
2727	37506	13.75
2728	31647	11.60
2729	31836	11.67
2730	31389	11.50
2731	31711	11.61
2732	31411	11.50
2733	31517	11.53
2734	32048	11.72
2735	31720	11.60
2736	32416	11.85
2737	32033	11.70
2738	31225	11.40
2739	31693	11.57
2740	33116	12.09
2741	32277	11.78
2742	32128	11.72
2743	31605	11.52
2744	31616	11.52
2745	31582	11.51
2746	32139	11.70
2747	31802	11.58
2748	31800	11.57
2749	33264	12.10
2750	31303	11.38
2751	31578	11.48
2752	31796	11.55
2753	32144	11.68
2754	31455	11.42
2755	31403	11.40
2756	31992	11.61
2757	31711	11.50
2758	32393	11.75
2759	31535	11.43
2760	31692	11.48
2761	31354	11.36
2762	31995	11.58
2763	30924	11.19
2764	31525	11.41
2765	32166	11.63
2766	31210	11.28
2767	31591	11.42
2768	31886	11.52
2769	32849	11.86
2770	31692	11.44
2771	31184	11.25
2772	32516	11.73
2773	32539	11.73
2774	32166	11.60
2775	32169	11.59
2776	31721	11.43
2777	31747	11.43
2778	31368	11.29
2779	31525	11.34
2780	31700	11.40
2781	32220	11.59
2782	32096	11.54
2783	32031	11.51
2784	31732	11.40
2785	32247	11.58
2786	31605	11.34
2787	32680	11.73
2788	32009	11.48
2789	32061	11.50
2790	31991	11.47
2791	31893	11.43
2792	31786	11.38
2793	32113	11.50
2794	31808	11.38
2795	32315	11.56
2796	32813	11.74
2797	32449	11.60
2798	32276	11.54
2799	31924	11.41
2800	32326	11.54
2801	32167	11.48
2802	32117	11.46
2803	32069	11.44
2804	32235	11.50
2805	33294	11.87
2806	33011	11.76
2807	33056	11.78
2808	32495	11.57
2809	31742	11.30
2810	32490	11.56
2811	32022	11.39
2812	32318	11.49
2813	31973	11.37
2814	32491	11.55
2815	32664	11.60
2816	32072	11.39
2817	32512	11.54
2818	32177	11.42
2819	32767	11.62
2820	32322	11.46
2821	32264	11.44
2822	32732	11.60
2823	32736	11.60
2824	32099	11.37
2825	32530	11.52
2826	33678	11.92
2827	32845	11.62
2828	32521	11.50
2829	32786	11.59
2830	32733	11.57
2831	33005	11.66
2832	32568	11.50
2833	32759	11.56
2834	32647	11.52
2835	33247	11.73
2836	32836	11.58
2837	32386	11.42
2838	32991	11.62
2839	32988	11.62
2840	32757	11.53
2841	33898	11.93
2842	32853	11.56
2843	32470	11.42
2844	34409	12.10
2845	32488	11.42
2846	34023	11.95
2847	32684	11.48
2848	32603	11.45
2849	32601	11.44
2850	33389	11.72
2851	33003	11.58
2852	32284	11.32
2853	32845	11.51
2854	33090	11.59
2855	33009	11.56
2856	32904	11.52
2857	33012	11.55
2858	33127	11.59
2859	32987	11.54
2860	36966	12.93
2861	33493	11.71
2862	32461	11.34
2863	33634	11.75
2864	33007	11.52
2865	34211	11.94
2866	32689	11.41
2867	36089	12.59
2868	32940	11.49
2869	32851	11.45
2870	33149	11.55
2871	33182	11.56
2872	33005	11.49
2873	33575	11.69
2874	33388	11.62
2875	34049	11.84
2876	33505	11.65
2877	33457	11.63
2878	33289	11.57
2879	33061	11.48
2880	32953	11.44
2881	32943	11.43
2882	33739	11.71
2883	33150	11.50
2884	33148	11.49
2885	32688	11.33
2886	36276	12.57
2887	33690	11.67
2888	33353	11.55
2889	33562	11.62
2890	33507	11.59
2891	33089	11.45
2892	32977	11.40
2893	33257	11.50
2894	33062	11.42
2895	33139	11.45
2896	33485	11.56
2897	33085	11.42
2898	33046	11.40
2899	35327	12.19
2900	33406	11.52
2901	33502	11.55
2902	33316	11.48
2903	33420	11.51
2904	34093	11.74
2905	33146	11.41
2906	33638	11.58
2907	33198	11.42
2908	33466	11.51
2909	33945	11.67
2910	33495	11.51
2911	33459	11.49
2912	33320	11.44
2913	33304	11.43
2914	34117	11.71
2915	33382	11.45
2916	33771	11.58
2917	33078	11.34
2918	33229	11.39
2919	33358	11.43
2920	33927	11.62
2921	34790	11.91
2922	34481	11.80
2923	34864	11.93
2924	39619	13.55
2925	33964	11.61
2926	33872	11.58
2927	33785	11.54
2928	34169	11.67
2929	33969	11.60
2930	34890	11.91
2931	33238	11.34
2932	33622	11.47
2933	34319	11.70
2934	33647	11.47
2935	34468	11.74
2936	35725	12.17
2937	33776	11.50
2938	33475	11.39
2939	36235	12.33
2940	35688	12.14
2941	33648	11.44
2942	34464	11.71
2943	37187	12.64
2944	36291	12.33
2945	33916	11.52
2946	38364	13.02
2947	33969	11.53
2948	34253	11.62
2949	36136	12.25
2950	36211	12.27
2951	35819	12.14
2952	34103	11.55
2953	34774	11.78
2954	33587	11.37
2955	34192	11.57
2956	34409	11.64
2957	33802	11.43
2958	35592	12.03
2959	34055	11.51
2960	33387	11.28
2961	33653	11.37
2962	34518	11.65
2963	33980	11.47
2964	34463	11.63
2965	33893	11.43
2966	33874	11.42
2967	35308	11.90
2968	33929	11.43
2969	34559	11.64
2970	34130	11.49
2971	33594	11.31
2972	35668	12.00
2973	33640	11.32
2974	34380	11.56
2975	34425	11.57
2976	33764	11.35
2977	34301	11.52
2978	33963	11.40
2979	33987	11.41
2980	34124	11.45
2981	34072	11.43
2982	34693	11.63
2983	33683	11.29
2984	34493	11.56
2985	34284	11.49
2986	38247	12.81
2987	33870	11.34
2988	34470	11.54
2989	34524	11.55
2990	34385	11.50
2991	35200	11.77
2992	34553	11.55
2993	34752	11.61
2994	33933	11.33
2995	34021	11.36
2996	35084	11.71
2997	34106	11.38
2998	34907	11.64
2999	33911	11.31
3000	35491	11.83
3001	34006	11.33
3002	34570	11.52
3003	34624	11.53
3004	34354	11.44
3005	35589	11.84
3006	34263	11.40
3007	34749	11.56
3008	34144	11.35
3009	34712	11.54
3010	34643	11.51
3011	34528	11.47
3012	34865	11.58
3013	34198	11.35
3014	34922	11.59
3015	34510	11.45
3016	34792	11.54
3017	34665	11.49
3018	34273	11.36
3019	36042	11.94
3020	34290	11.35
3021	34984	11.58
3022	34122	11.29
3023	39245	12.98
3024	35820	11.85
3025	33838	11.19
3026	35007	11.57
3027	34191	11.30
3028	34623	11.43
3029	34709	11.46
3030	34665	11.44
3031	34886	11.51
3032	34243	11.29
3033	34410	11.35
3034	34461	11.36
3035	34140	11.25
3036	34569	11.39
3037	34896	11.49
3038	34512	11.36
3039	34364	11.31
3040	35559	11.70
3041	34231	11.26
3042	35484	11.66
3043	35316	11.61
3044	34688	11.40
3045	34821	11.44
3046	34425	11.30
3047	34712	11.39
3048	34511	11.32
3049	35456	11.63
3050	35090	11.50
3051	35344	11.58
3052	34603	11.34
3053	35116	11.50
3054	35378	11.58
3055	35279	11.55
3056	34664	11.34
3057	35309	11.55
3058	35066	11.47
3059	34641	11.32
3060	39855	13.02
3061	34940	11.41
3062	35326	11.54
3063	36002	11.75
3064	34862	11.38
3065	35084	11.45
3066	34891	11.38
3067	35015	11.42
3068	34998	11.41
3069	36144	11.78
3070	35123	11.44
3071	35524	11.57
3072	34918	11.37
3073	35558	11.57
3074	35424	11.52
3075	35315	11.48
3076	35156	11.43
3077	35133	11.42
3078	35417	11.51
3079	35684	11.59
3080	35245	11.44
3081	35841	11.63
3082	35022	11.36
3083	35006	11.35
3084	35342	11.46
3085	35150	11.39
3086	35140	11.39
3087	36136	11.71
3088	35373	11.45
3089	35480	11.49
3090	35461	11.48
3091	35507	11.49
3092	35567	11.50
3093	35141	11.36
3094	35484	11.47
3095	35732	11.55
3096	35337	11.41
3097	38900	12.56
3098	35241	11.38
3099	35733	11.53
3100	35831	11.56
3101	36453	11.76
3102	35067	11.30
3103	36270	11.69
3104	35434	11.42
3105	35292	11.37
3106	35575	11.45
3107	35629	11.47
3108	35503	11.42
3109	35476	11.41
3110	35149	11.30
3111	35792	11.50
3112	35717	11.48
3113	35899	11.53
3114	35790	11.49
3115	36275	11.65
3116	35178	11.29
3117	36264	11.63
3118	35728	11.46
3119	35851	11.49
3120	35819	11.48
3121	35896	11.50
3122	36014	11.54
3123	36142	11.57
3124	36176	11.58
3125	36122	11.56
3126	36177	11.57
3127	35826	11.46
3128	36152	11.56
3129	35759	11.43
3130	36142	11.55
3131	36043	11.51
3132	35495	11.33
3133	40612	12.96
3134	35684	11.39
3135	36758	11.73
3136	35842	11.43
3137	36405	11.61
3138	35850	11.42
3139	36756	11.71
3140	36128	11.51
3141	35452	11.29
3142	35656	11.35
3143	35739	11.37
3144	36209	11.52
3145	36077	11.47
3146	36447	11.59
3147	36169	11.49
3148	36583	11.62
3149	36176	11.49
3150	35792	11.36
3151	36555	11.60
3152	36062	11.44
3153	35838	11.37
3154	36262	11.50
3155	35921	11.39
3156	35889	11.37
3157	36302	11.50
3158	35643	11.29
3159	36087	11.42
3160	36174	11.45
3161	36055	11.41
3162	36136	11.43
3163	35597	11.25
3164	36266	11.46
3165	35929	11.35
3166	36199	11.43
3167	36051	11.38
3168	37384	11.80
3169	36575	11.54
3170	36245	11.43
3171	36178	11.41
3172	35882	11.31
3173	36050	11.36
3174	35967	11.33
3175	37388	11.78
3176	35882	11.30
3177	36608	11.52
3178	36074	11.35
3179	37099	11.67
3180	36574	11.50
3181	36006	11.32
3182	36546	11.49
3183	35615	11.19
3184	36787	11.55
3185	35963	11.29
3186	36895	11.58
3187	36134	11.34
3188	36497	11.45
3189	36157	11.34
3190	37488	11.75
3191	36643	11.48
3192	36738	11.51
3193	35946	11.26
3194	36153	11.32
3195	36401	11.39
3196	36435	11.40
3197	36224	11.33
3198	36189	11.32
3199	36478	11.40
3200	36376	11.37
3201	36501	11.40
3202	36643	11.44
3203	36285	11.33
3204	37434	11.68
3205	36051	11.25
3206	36847	11.49
3207	35998	11.22
3208	36893	11.50
3209	36175	11.27
3210	36639	11.41
3211	36330	11.31
3212	36621	11.40
3213	36597	11.39
3214	36631	11.40
3215	36821	11.45
3216	36399	11.32
3217	36689	11.40
3218	36964	11.49
3219	37339	11.60
3220	36772	11.42
3221	37171	11.54
3222	36383	11.29
3223	37108	11.51
3224	36719	11.39
3225	36454	11.30
3226	37578	11.65
3227	36279	11.24
3228	36773	11.39
3229	36416	11.28
3230	37219	11.52
3231	36676	11.35
3232	37500	11.60
3233	37032	11.45
3234	36741	11.36
3235	36857	11.39
3236	37061	11.45
3237	37367	11.54
3238	36537	11.28
3239	40937	12.64
3240	36920	11.40
3241	37054	11.43
3242	36900	11.38
3243	37410	11.54
3244	37706	11.62
3245	37184	11.46
3246	37407	11.52
3247	37422	11.53
3248	36851	11.35
3249	37606	11.57
3250	36788	11.32
3251	37262	11.46
3252	37121	11.41
3253	37787	11.62
3254	37287	11.46
3255	37329	11.47
3256	38990	11.97
3257	36802	11.30
3258	37129	11.40
3259	36635	11.24
3260	37261	11.43
3261	37050	11.36
3262	38004	11.65
3263	36883	11.30
3264	36954	11.32
3265	37342	11.44
3266	38378	11.75
3267	36944	11.31
3268	36573	11.19
3269	37454	11.46
3270	37096	11.34
3271	37640	11.51
3272	37182	11.36
3273	37761	11.54
3274	37009	11.30
3275	37478	11.44
3276	36621	11.18
3277	37377	11.41
3278	36739	11.21
3279	37055	11.30
3280	37503	11.43
3281	37317	11.37
3282	37249	11.35
3283	37468	11.41
3284	37544	11.43
3285	38319	11.66
3286	37584	11.44
3287	37597	11.44
3288	37576	11.43
3289	36756	11.18
3290	38392	11.67
3291	37059	11.26
3292	37472	11.38
3293	37294	11.33
3294	37785	11.47
3295	36874	11.19
3296	38576	11.70
3297	37424	11.35
3298	37914	11.50
3299	37426	11.34
3300	38206	11.58
3301	37230	11.28
3302	37382	11.32
3303	37933	11.48
3304	38246	11.58
3305	38018	11.50
3306	37644	11.39
3307	38682	11.70
3308	37741	11.41
3309	37778	11.42
3310	37848	11.43
3311	37719	11.39
3312	38190	11.53
3313	38778	11.70
3314	38033	11.48
3315	38078	11.49
3316	38113	11.49
3317	38049	11.47
3318	38675	11.66
3319	38008	11.45
3320	38483	11.59
3321	37710	11.36
3322	38880	11.70
3323	38233	11.51
3324	38951	11.72
3325	37638	11.32
3326	38256	11.50
3327	38929	11.70
3328	37935	11.40
3329	37707	11.33
3330	38695	11.62
3331	38054	11.42
3332	38263	11.48
3333	38116	11.44
3334	38133	11.44
3335	38022	11.40
3336	38191	11.45
3337	38931	11.67
3338	39339	11.79
3339	38535	11.54
3340	38302	11.47
3341	42464	12.71
3342	38241	11.44
3343	38222	11.43
3344	37915	11.34
3345	38648	11.55
3346	38216	11.42
3347	38696	11.56
3348	37826	11.30
3349	37955	11.33
3350	37864	11.30
3351	38262	11.42
3352	38417	11.46
3353	39538	11.79
3354	38097	11.36
3355	38215	11.39
3356	38323	11.42
3357	38289	11.41
3358	38552	11.48
3359	38244	11.39
3360	38499	11.46
3361	38578	11.48
3362	38892	11.57
3363	38126	11.34
3364	38132	11.34
3365	38753	11.52
3366	39369	11.70
3367	38484	11.43
3368	38927	11.56
3369	38075	11.30
3370	39029	11.58
3371	37775	11.21
3372	39503	11.72
3373	38548	11.43
3374	43079	12.77
3375	38317	11.35
3376	38448	11.39
3377	38287	11.34
3378	38676	11.45
3379	38926	11.52
3380	38479	11.38
3381	38477	11.38
3382	39293	11.62
3383	38725	11.45
3384	38499	11.38
3385	38630	11.41
3386	38435	11.35
3387	39711	11.72
3388	38738	11.43
3389	38945	11.49
3390	38668	11.41
3391	38611	11.39
3392	38521	11.36
3393	39403	11.61
3394	37939	11.18
3395	38490	11.34
3396	38109	11.22
3397	38991	11.48
3398	38494	11.33
3399	39055	11.49
3400	38962	11.46
3401	38582	11.34
3402	39124	11.50
3403	41903	12.31
3404	39538	11.62
3405	38841	11.41
3406	39858	11.70
3407	39383	11.56
3408	39065	11.46
3409	39910	11.71
3410	38810	11.38
3411	39674	11.63
3412	38111	11.17
3413	39145	11.47
3414	39399	11.54
3415	39463	11.56
3416	39348	11.52
3417	39361	11.52
3418	38310	11.21
3419	39338	11.51
3420	38958	11.39
3421	41037	12.00
3422	39279	11.48
3423	39451	11.53
3424	39229	11.46
3425	38869	11.35
3426	38386	11.20
3427	39260	11.46
3428	38444	11.21
3429	38437	11.21
3430	38974	11.36
3431	39309	11.46
3432	39089	11.39
3433	39060	11.38
3434	42816	12.47
3435	39175	11.40
3436	38971	11.34
3437	39133	11.39
3438	39212	11.41
3439	38983	11.34
3440	39282	11.42
3441	39117	11.37
3442	39565	11.49
3443	38371	11.14
3444	39573	11.49
3445	38984	11.32
3446	38829	11.27
3447	38789	11.25
3448	39522	11.46
3449	39352	11.41
3450	39710	11.51
3451	40755	11.81
3452	39476	11.44
3453	38984	11.29
3454	38893	11.26
3455	39156	11.33
3456	39493	11.43
3457	38536	11.15
3458	39520	11.43
3459	39280	11.36
3460	40794	11.79
3461	38850	11.23
3462	39620	11.44
3463	39344	11.36
3464	39734	11.47
3465	39422	11.38
3466	39336	11.35
3467	42450	12.24
3468	39763	11.47
3469	39371	11.35
3470	39012	11.24
3471	39572	11.40
3472	39423	11.35
3473	39239	11.30
3474	39095	11.25
3475	38955	11.21
3476	39385	11.33
3477	39569	11.38
3478	39318	11.30
3479	39248	11.28
3480	38898	11.18
3481	40493	11.63
3482	39358	11.30
3483	39923	11.46
3484	39158	11.24
3485	39347	11.29
3486	39173	11.24
3487	39503	11.33
3488	40159	11.51
3489	39498	11.32
3490	40017	11.47
3491	39220	11.23
3492	39452	11.30
3493	38988	11.16
3494	38961	11.15
3495	39693	11.36
3496	39430	11.28
3497	39163	11.20
3498	39330	11.24
3499	39728	11.35
3500	39725	11.35
3501	39741	11.35
3502	39685	11.33
3503	44073	12.58
3504	41084	11.72
3505	41097	11.73
3506	40468	11.54
3507	41396	11.80
3508	40012	11.41
3509	40137	11.44
3510	39828	11.35
3511	40507	11.54
3512	39907	11.36
3513	39994	11.38
3514	40298	11.47
3515	40572	11.54
3516	40195	11.43
3517	41102	11.69
3518	39460	11.22
3519	39649	11.27
3520	40808	11.59
3521	41073	11.67
3522	40002	11.36
3523	39802	11.30
3524	39863	11.31
3525	40423	11.47
3526	40259	11.42
3527	39681	11.25
3528	40148	11.38
3529	40423	11.45
3530	39893	11.30
3531	41354	11.71
3532	40771	11.54
3533	40219	11.38
3534	43314	12.26
3535	40946	11.58
3536	39722	11.23
3537	40190	11.36
3538	40249	11.38
3539	40463	11.43
3540	40626	11.48
3541	40430	11.42
3542	40295	11.38
3543	40544	11.44
3544	40412	11.40
3545	40967	11.56
3546	40335	11.37
3547	40865	11.52
3548	40317	11.36
3549	40689	11.46
3550	40605	11.44
3551	40471	11.40
3552	40629	11.44
3553	40138	11.30
3554	40504	11.40
3555	40390	11.36
3556	41219	11.59
3557	40179	11.30
3558	40857	11.48
3559	40272	11.32
3560	41160	11.56
3561	40042	11.24
3562	40419	11.35
3563	41047	11.52
3564	40478	11.36
3565	44058	12.36
3566	40376	11.32
3567	40506	11.36
3568	40673	11.40
3569	40304	11.29
3570	40385	11.31
3571	40200	11.26
3572	41295	11.56
3573	40498	11.33
3574	40786	11.41
3575	40738	11.40
3576	41947	11.73
3577	40945	11.45
3578	40765	11.39
3579	40425	11.30
3580	41367	11.56
3581	40765	11.38
3582	40470	11.30
3583	41093	11.47
3584	41253	11.51
3585	40990	11.43
3586	40961	11.42
3587	40799	11.37
3588	40545	11.30
3589	40624	11.32
3590	40367	11.24
3591	40458	11.27
3592	41038	11.42
3593	40925	11.39
3594	41268	11.48
3595	41012	11.41
3596	41174	11.45
3597	40892	11.37
3598	41474	11.53
3599	41307	11.48
3600	42030	11.68
3601	41252	11.46
3602	41472	11.51
3603	40762	11.31
3604	41037	11.39
3605	40776	11.31
3606	41103	11.40
3607	41346	11.46
3608	40745	11.29
3609	40876	11.33
3610	40830	11.31
3611	41168	11.40
3612	41146	11.39
3613	41124	11.38
3614	41094	11.37
3615	41272	11.42
3616	41463	11.47
3617	40644	11.24
3618	41206	11.39
3619	42043	11.62
3620	40933	11.31
3621	41756	11.53
3622	41297	11.40
3623	41733	11.52
3624	41241	11.38
3625	41095	11.34
3626	40964	11.30
3627	41273	11.38
3628	45084	12.43
3629	40892	11.27
3630	41370	11.40
3631	41502	11.43
3632	41772	11.50
3633	41972	11.55
3634	41191	11.33
3635	41677	11.47
3636	41739	11.48
3637	41390	11.38
3638	41924	11.52
3639	42383	11.65
3640	41591	11.43
3641	41706	11.45
3642	41094	11.28
3643	41351	11.35
3644	42322	11.61
3645	41374	11.35
3646	41583	11.41
3647	40956	11.23
3648	42596	11.68
3649	40861	11.20
3650	41529	11.38
3651	41734	11.43
3652	42394	11.61
3653	41746	11.43
3654	41630	11.39
3655	41337	11.31
3656	41592	11.38
3657	42002	11.49
3658	41706	11.40
3659	41968	11.47
3660	42149	11.52
3661	41030	11.21
3662	41239	11.26
3663	41850	11.43
3664	42301	11.55
3665	41947	11.45
3666	41306	11.27
3667	41899	11.43
3668	41473	11.31
3669	42797	11.66
3670	44577	12.15
3671	43927	11.97
3672	41059	11.18
3673	41174	11.21
3674	41331	11.25
3675	42305	11.51
3676	41211	11.21
3677	41463	11.28
3678	41046	11.16
3679	41454	11.27
3680	41052	11.16
3681	41319	11.22
3682	42266	11.48
3683	42299	11.48
3684	41882	11.37
3685	42453	11.52
3686	42143	11.43
3687	41395	11.23
3688	42164	11.43
3689	44803	12.15
3690	42635	11.55
3691	41399	11.22
3692	42260	11.45
3693	42430	11.49
3694	42456	11.49
3695	42406	11.48
3696	42072	11.38
3697	42236	11.42
3698	42287	11.44
3699	42314	11.44
3700	43179	11.67
3701	42152	11.39
3702	41072	11.09
3703	41625	11.24
3704	42621	11.51
3705	42741	11.54
3706	42781	11.54
3707	42655	11.51
3708	42179	11.38
3709	42665	11.50
3710	41403	11.16
3711	43844	11.81
3712	42227	11.38
3713	42565	11.46
3714	42559	11.46
3715	42771	11.51
3716	42348	11.40
3717	42506	11.44
3718	41524	11.17
3719	42517	11.43
3720	42391	11.40
3721	42734	11.48
3722	41973	11.28
3723	41964	11.27
3724	42885	11.52
3725	42365	11.37
3726	42700	11.46
3727	42388	11.37
3728	41923	11.25
3729	42681	11.45
3730	42319	11.35
3731	42011	11.26
3732	42356	11.35
3733	42467	11.38
3734	42041	11.26
3735	42728	11.44
3736	42388	11.35
3737	42243	11.30
3738	42831	11.46
3739	42101	11.26
3740	42279	11.30
3741	41782	11.17
3742	42696	11.41
3743	42526	11.36
3744	41782	11.16
3745	42217	11.27
3746	42844	11.44
3747	42845	11.43
3748	42693	11.39
3749	43226	11.53
3750	45989	12.26
3751	42425	11.31
3752	42537	11.34
3753	42985	11.45
3754	42711	11.38
3755	42799	11.40
3756	42525	11.32
3757	42914	11.42
3758	42368	11.27
3759	42463	11.30
3760	43433	11.55
3761	42928	11.41
3762	42661	11.34
3763	42264	11.23
3764	42830	11.38
3765	43340	11.51
3766	42389	11.26
3767	42657	11.32
3768	43492	11.54
3769	43259	11.48
3770	43119	11.44
3771	43335	11.49
3772	44752	11.86
3773	43419	11.51
3774	42417	11.24
3775	43448	11.51
3776	42916	11.37
3777	42557	11.27
3778	43139	11.42
3779	42851	11.34
3780	42287	11.19
3781	42634	11.28
3782	43055	11.38
3783	42935	11.35
3784	42829	11.32
3785	42964	11.35
3786	43072	11.38
3787	42765	11.29
3788	43001	11.35
3789	43008	11.35
3790	42787	11.29
3791	42701	11.26
3792	42903	11.31
3793	42925	11.32
3794	42636	11.24
3795	42877	11.30
3796	43166	11.37
3797	43093	11.35
3798	42707	11.24
3799	44158	11.62
3800	43702	11.50
3801	43184	11.36
3802	43022	11.32
3803	44233	11.63
3804	43245	11.37
3805	43961	11.55
3806	43216	11.35
3807	43339	11.38
3808	43334	11.38
3809	43439	11.40
3810	43307	11.37
3811	43006	11.28
3812	44056	11.56
3813	43521	11.41
3814	44054	11.55
3815	43414	11.38
3816	43985	11.53
3817	43079	11.29
3818	43438	11.38
3819	43523	11.40
3820	43435	11.37
3821	42617	11.15
3822	43266	11.32
3823	43023	11.25
3824	43626	11.41
3825	44414	11.61
3826	43378	11.34
3827	43458	11.36
3828	43519	11.37
3829	43786	11.44
3830	43736	11.42
3831	43965	11.48
3832	43232	11.28
3833	43198	11.27
3834	43011	11.22
3835	42978	11.21
3836	43073	11.23
3837	43997	11.47
3838	43739	11.40
3839	43457	11.32
3840	43236	11.26
3841	43125	11.23
3842	43443	11.31
3843	43523	11.33
3844	43487	11.31
3845	43524	11.32
3846	43328	11.27
3847	43839	11.40
3848	44205	11.49
3849	43547	11.31
3850	43556	11.31
3851	43258	11.23
3852	43386	11.26
3853	43867	11.39
3854	43926	11.40
3855	43407	11.26
3856	44583	11.56
3857	43312	11.23
3858	43724	11.33
3859	43910	11.38
3860	44054	11.41
3861	43604	11.29
3862	43978	11.39
3863	44095	11.41
3864	43932	11.37
3865	43379	11.22
3866	44186	11.43
3867	43130	11.15
3868	46503	12.02
3869	43904	11.35
3870	45216	11.68
3871	44386	11.47
3872	44037	11.37
3873	44290	11.44
3874	43693	11.28
3875	43402	11.20
3876	44140	11.39
3877	43523	11.23
3878	44059	11.36
3879	43281	11.16
3880	44009	11.34
3881	43577	11.23
3882	43523	11.21
3883	43574	11.22
3884	44403	11.43
3885	43515	11.20
3886	44536	11.46
3887	44910	11.55
3888	43919	11.30
3889	44628	11.48
3890	43676	11.23
3891	44165	11.35
3892	44207	11.36
3893	44026	11.31
3894	43985	11.30
3895	44324	11.38
3896	44214	11.35
3897	43762	11.23
3898	43749	11.22
3899	43456	11.15
3900	45257	11.60
3901	44938	11.52
3902	44400	11.38
3903	44266	11.34
3904	43699	11.19
3905	44596	11.42
3906	44223	11.32
3907	44302	11.34
3908	43954	11.25
3909	44264	11.32
3910	44235	11.31
3911	44091	11.27
3912	44012	11.25
3913	43388	11.09
3914	45183	11.54
3915	44198	11.29
3916	44114	11.27
3917	44415	11.34
3918	44495	11.36
3919	43896	11.20
3920	44152	11.26
3921	43678	11.14
3922	43602	11.12
3923	44222	11.27
3924	44764	11.41
3925	44981	11.46
3926	44783	11.41
3927	44635	11.37
3928	45536	11.59
3929	44088	11.22
3930	45220	11.51
3931	43898	11.17
3932	44165	11.23
3933	44121	11.22
3934	43950	11.17
3935	44273	11.25
3936	44192	11.23
3937	44014	11.18
3938	44028	11.18
3939	44660	11.34
3940	44901	11.40
3941	44357	11.26
3942	44109	11.19
3943	48195	12.22
3944	45513	11.54
3945	46196	11.71
3946	46615	11.81
3947	45320	11.48
3948	45701	11.58
3949	45118	11.43
3950	45317	11.47
3951	45130	11.42
3952	44535	11.27
3953	44982	11.38
3954	45478	11.50
3955	44473	11.24
3956	46028	11.63
3957	44668	11.29
3958	45018	11.37
3959	45165	11.41
3960	45240	11.42
3961	45002	11.36
3962	45884	11.58
3963	44726	11.29
3964	45633	11.51
3965	45600	11.50
3966	45453	11.46
3967	44602	11.24
3968	45437	11.45
3969	44781	11.28
3970	45369	11.43
3971	51773	13.04
3972	45370	11.42
3973	45193	11.38
3974	45197	11.37
3975	45707	11.50
3976	46430	11.68
3977	45052	11.33
3978	45787	11.51
3979	44312	11.14
3980	45050	11.32
3981	45814	11.51
3982	45528	11.43
3983	45306	11.37
3984	45201	11.35
3985	44973	11.29
3986	44968	11.28
3987	45538	11.42
3988	45168	11.33
3989	44644	11.19
3990	45511	11.41
3991	45079	11.30
3992	45487	11.39
3993	45863	11.49
3994	45317	11.35
3995	44593	11.16
3996	45362	11.35
3997	45838	11.47
3998	46351	11.59
3999	46897	11.73
4000	47707	11.93
