N	Total Time	Average CPE
1	54	54.00
2	90	45.00
3	99	33.00
4	105	26.25
5	105	21.00
6	118	19.67
7	128	18.29
8	143	17.88
9	158	17.56
10	181	18.10
11	182	16.55
12	202	16.83
13	229	17.62
14	194	13.86
15	197	13.13
16	299	18.69
17	397	23.35
18	288	16.00
19	293	15.42
20	303	15.15
21	316	15.05
22	322	14.64
23	330	14.35
24	341	14.21
25	358	14.32
26	389	14.96
27	393	14.56
28	421	15.04
29	392	13.52
30	415	13.83
31	426	13.74
32	437	13.66
33	497	15.06
34	496	14.59
35	514	14.69
36	521	14.47
37	538	14.54
38	550	14.47
39	1016	26.05
40	559	13.97
41	541	13.20
42	570	13.57
43	574	13.35
44	584	13.27
45	596	13.24
46	611	13.28
47	866	18.43
48	633	13.19
49	635	12.96
50	638	12.76
51	660	12.94
52	643	12.37
53	680	12.83
54	689	12.76
55	682	12.40
56	2668	47.64
57	794	13.93
58	723	12.47
59	733	12.42
60	783	13.05
61	753	12.34
62	765	12.34
63	771	12.24
64	808	12.62
65	1094	16.83
66	845	12.80
67	858	12.81
68	876	12.88
69	893	12.94
70	911	13.01
71	880	12.39
72	1109	15.40
73	926	12.68
74	919	12.42
75	934	12.45
76	939	12.36
77	966	12.55
78	960	12.31
79	967	12.24
80	973	12.16
81	995	12.28
82	1004	12.24
83	1050	12.65
84	1016	12.10
85	1015	11.94
86	1032	12.00
87	1045	12.01
88	1062	12.07
89	1068	12.00
90	1072	11.91
91	1092	12.00
92	1094	11.89
93	1103	11.86
94	1106	11.77
95	1120	11.79
96	1129	11.76
97	1148	11.84
98	1157	11.81
99	1156	11.68
100	1337	13.37
101	1472	14.57
102	1407	13.79
103	1212	11.77
104	1214	11.67
105	1219	11.61
106	1242	11.72
107	1234	11.53
108	1248	11.56
109	1254	11.50
110	1270	11.55
111	1279	11.52
112	1294	11.55
113	1292	11.43
114	1299	11.39
115	1320	11.48
116	1345	11.59
117	1320	11.28
118	1348	11.42
119	1364	11.46
120	1636	13.63
121	1407	11.63
122	1389	11.39
123	1567	12.74
124	1394	11.24
125	1414	11.31
126	1443	11.45
127	3065	24.13
128	1443	11.27
129	1889	14.64
130	1500	11.54
131	1499	11.44
132	1523	11.54
133	1519	11.42
134	1560	11.64
135	1633	12.10
136	1565	11.51
137	1589	11.60
138	1581	11.46
139	1588	11.42
140	1604	11.46
141	1784	12.65
142	1648	11.61
143	1625	11.36
144	1631	11.33
145	1886	13.01
146	1618	11.08
147	1660	11.29
148	1672	11.30
149	1685	11.31
150	1690	11.27
151	1716	11.36
152	1712	11.26
153	1724	11.27
154	1778	11.55
155	1738	11.21
156	1762	11.29
157	1765	11.24
158	1770	11.20
159	1780	11.19
160	2060	12.88
161	1800	11.18
162	1813	11.19
163	1816	11.14
164	1820	11.10
165	1871	11.34
166	1844	11.11
167	1863	11.16
168	2164	12.88
169	1883	11.14
170	2011	11.83
171	1876	10.97
172	1902	11.06
173	2130	12.31
174	1922	11.05
175	1960	11.20
176	1942	11.03
177	1954	11.04
178	2290	12.87
179	1972	11.02
180	2170	12.06
181	2000	11.05
182	2016	11.08
183	2003	10.95
184	2004	10.89
185	2066	11.17
186	2039	10.96
187	2308	12.34
188	2064	10.98
189	2067	10.94
190	2255	11.87
191	2100	10.99
192	2097	10.92
193	2094	10.85
194	2112	10.89
195	2154	11.05
196	2136	10.90
197	2409	12.23
198	2149	10.85
199	2164	10.87
200	2358	11.79
201	2621	13.04
202	2200	10.89
203	2240	11.03
204	2217	10.87
205	2216	10.81
206	2228	10.82
207	2232	10.78
208	2251	10.82
209	2254	10.78
210	2359	11.23
211	2312	10.96
212	2296	10.83
213	2297	10.78
214	2308	10.79
215	2310	10.74
216	2508	11.61
217	2337	10.77
218	2343	10.75
219	2350	10.73
220	2412	10.96
221	2385	10.79
222	2630	11.85
223	2408	10.80
224	2408	10.75
225	2414	10.73
226	2426	10.73
227	2448	10.78
228	2475	10.86
229	2455	10.72
230	2430	10.57
231	2464	10.67
232	2648	11.41
233	2500	10.73
234	2504	10.70
235	2510	10.68
236	2529	10.72
237	2538	10.71
238	2788	11.71
239	2519	10.54
240	2548	10.62
241	2565	10.64
242	2988	12.35
243	2626	10.81
244	2608	10.69
245	2899	11.83
246	2615	10.63
247	2601	10.53
248	2649	10.68
249	2661	10.69
250	2659	10.64
251	3383	13.48
252	3022	11.99
253	2681	10.60
254	2691	10.59
255	2691	10.55
256	2714	10.60
257	3312	12.89
258	3035	11.76
259	3002	11.59
260	2791	10.73
261	2791	10.69
262	2835	10.82
263	2843	10.81
264	2871	10.88
265	2878	10.86
266	2854	10.73
267	2871	10.75
268	2974	11.10
269	2867	10.66
270	3099	11.48
271	2903	10.71
272	2903	10.67
273	2946	10.79
274	2915	10.64
275	2946	10.71
276	3005	10.89
277	2958	10.68
278	3217	11.57
279	3210	11.51
280	2972	10.61
281	2958	10.53
282	3022	10.72
283	3021	10.67
284	3058	10.77
285	3033	10.64
286	3435	12.01
287	3056	10.65
288	3064	10.64
289	3073	10.63
290	3118	10.75
291	3095	10.64
292	3364	11.52
293	3042	10.38
294	3295	11.21
295	4330	14.68
296	3182	10.75
297	3134	10.55
298	3456	11.60
299	3159	10.57
300	3756	12.52
301	3293	10.94
302	3241	10.73
303	3214	10.61
304	3216	10.58
305	3415	11.20
306	3240	10.59
307	3257	10.61
308	3271	10.62
309	3274	10.60
310	3234	10.43
311	3334	10.72
312	3307	10.60
313	3299	10.54
314	3349	10.67
315	3320	10.54
316	3607	11.41
317	3596	11.34
318	3350	10.53
319	3548	11.12
320	3276	10.24
321	3382	10.54
322	3389	10.52
323	3647	11.29
324	3415	10.54
325	3603	11.09
326	3445	10.57
327	3675	11.24
328	3452	10.52
329	3470	10.55
330	3502	10.61
331	3519	10.63
332	3473	10.46
333	3745	11.25
334	9959	29.82
335	3698	11.04
336	3610	10.74
337	3915	11.62
338	3592	10.63
339	3918	11.56
340	3917	11.52
341	3777	11.08
342	3590	10.50
343	3606	10.51
344	3632	10.56
345	3669	10.63
346	4191	12.11
347	3644	10.50
348	3496	10.05
349	3803	10.90
350	3667	10.48
351	3692	10.52
352	3881	11.03
353	4024	11.40
354	3879	10.96
355	3721	10.48
356	3884	10.91
357	3830	10.73
358	3745	10.46
359	3762	10.48
360	3793	10.54
361	4518	12.52
362	3807	10.52
363	3832	10.56
364	3772	10.36
365	3815	10.45
366	3838	10.49
367	4063	11.07
368	4122	11.20
369	3832	10.38
370	3861	10.44
371	4056	10.93
372	3939	10.59
373	4329	11.61
374	4055	10.84
375	3913	10.43
376	3943	10.49
377	3975	10.54
378	4020	10.63
379	4167	10.99
380	4437	11.68
381	4022	10.56
382	3985	10.43
383	3982	10.40
384	4205	10.95
385	4161	10.81
386	4009	10.39
387	4043	10.45
388	4035	10.40
389	4209	10.82
390	4066	10.43
391	4083	10.44
392	4879	12.45
393	4116	10.47
394	4113	10.44
395	4111	10.41
396	4109	10.38
397	4337	10.92
398	4180	10.50
399	4165	10.44
400	4754	11.88
401	4495	11.21
402	4166	10.36
403	4187	10.39
404	4323	10.70
405	4195	10.36
406	4422	10.89
407	4405	10.82
408	4283	10.50
409	4234	10.35
410	4224	10.30
411	4281	10.42
412	4187	10.16
413	4280	10.36
414	4244	10.25
415	4241	10.22
416	4449	10.69
417	4891	11.73
418	4346	10.40
419	4319	10.31
420	4344	10.34
421	4502	10.69
422	4377	10.37
423	4572	10.81
424	5085	11.99
425	4489	10.56
426	4410	10.35
427	4387	10.27
428	4339	10.14
429	4463	10.40
430	4440	10.33
431	4422	10.26
432	4697	10.87
433	4498	10.39
434	4411	10.16
435	4874	11.20
436	4546	10.43
437	4758	10.89
438	4670	10.66
439	4532	10.32
440	4500	10.23
441	4533	10.28
442	4861	11.00
443	4511	10.18
444	4589	10.34
445	4842	10.88
446	4723	10.59
447	4539	10.15
448	4604	10.28
449	4872	10.85
450	4624	10.28
451	4598	10.20
452	5144	11.38
453	4708	10.39
454	4809	10.59
455	4810	10.57
456	4686	10.28
457	4664	10.21
458	4928	10.76
459	4837	10.54
460	4736	10.30
461	5223	11.33
462	4960	10.74
463	4903	10.59
464	4757	10.25
465	4809	10.34
466	4751	10.20
467	4900	10.49
468	5165	11.04
469	4816	10.27
470	5066	10.78
471	8537	18.13
472	4799	10.17
473	4877	10.31
474	4872	10.28
475	4856	10.22
476	4894	10.28
477	5142	10.78
478	4890	10.23
479	5076	10.60
480	4933	10.28
481	4930	10.25
482	4938	10.24
483	5652	11.70
484	4960	10.25
485	5003	10.32
486	4982	10.25
487	5018	10.30
488	5013	10.27
489	5187	10.61
490	5143	10.50
491	5013	10.21
492	5067	10.30
493	5048	10.24
494	5141	10.41
495	5114	10.33
496	5144	10.37
497	5349	10.76
498	5092	10.22
499	6208	12.44
500	5777	11.55
501	5317	10.61
502	5126	10.21
503	5229	10.40
504	5372	10.66
505	5307	10.51
506	5176	10.23
507	5204	10.26
508	5408	10.65
509	5251	10.32
510	5207	10.21
511	5209	10.19
512	5224	10.20
513	6070	11.83
514	5322	10.35
515	5507	10.69
516	5310	10.29
517	5322	10.29
518	5286	10.20
519	5321	10.25
520	5374	10.33
521	5368	10.30
522	5414	10.37
523	5884	11.25
524	5388	10.28
525	5542	10.56
526	5372	10.21
527	6104	11.58
528	5388	10.20
529	5382	10.17
530	5462	10.31
531	5441	10.25
532	5525	10.39
533	5552	10.42
534	5467	10.24
535	5493	10.27
536	5551	10.36
537	5512	10.26
538	5498	10.22
539	5590	10.37
540	5776	10.70
541	5547	10.25
542	5969	11.01
543	5773	10.63
544	5682	10.44
545	5857	10.75
546	5942	10.88
547	5825	10.65
548	5797	10.58
549	5544	10.10
550	5643	10.26
551	5793	10.51
552	5631	10.20
553	5696	10.30
554	5655	10.21
555	5675	10.23
556	6055	10.89
557	5924	10.64
558	5869	10.52
559	5721	10.23
560	5769	10.30
561	5718	10.19
562	5918	10.53
563	5761	10.23
564	6017	10.67
565	5935	10.50
566	5750	10.16
567	6032	10.64
568	5920	10.42
569	6236	10.96
570	5867	10.29
571	5941	10.40
572	5833	10.20
573	5919	10.33
574	6069	10.57
575	5863	10.20
576	5857	10.17
577	6098	10.57
578	6064	10.49
579	5908	10.20
580	5923	10.21
581	6180	10.64
582	5957	10.24
583	6761	11.60
584	5944	10.18
585	6144	10.50
586	6016	10.27
587	6226	10.61
588	5964	10.14
589	6075	10.31
590	6232	10.56
591	6181	10.46
592	6063	10.24
593	6031	10.17
594	6220	10.47
595	6633	11.15
596	6332	10.62
597	6072	10.17
598	6095	10.19
599	6134	10.24
600	6761	11.27
601	6138	10.21
602	6398	10.63
603	6153	10.20
604	6210	10.28
605	6225	10.29
606	6186	10.21
607	6339	10.44
608	6978	11.48
609	6211	10.20
610	6224	10.20
611	6236	10.21
612	6259	10.23
613	6234	10.17
614	6307	10.27
615	6385	10.38
616	6271	10.18
617	6314	10.23
618	6338	10.26
619	6607	10.67
620	7334	11.83
621	6605	10.64
622	6311	10.15
623	6355	10.20
624	6530	10.46
625	6336	10.14
626	6404	10.23
627	6619	10.56
628	6661	10.61
629	6649	10.57
630	6602	10.48
631	6593	10.45
632	6406	10.14
633	6689	10.57
634	6590	10.39
635	6517	10.26
636	6667	10.48
637	6456	10.14
638	6506	10.20
639	6763	10.58
640	6485	10.13
641	6494	10.13
642	6553	10.21
643	6740	10.48
644	6561	10.19
645	6761	10.48
646	6586	10.20
647	6610	10.22
648	6831	10.54
649	6629	10.21
650	6590	10.14
651	6820	10.48
652	6584	10.10
653	6673	10.22
654	6613	10.11
655	6694	10.22
656	6894	10.51
657	6793	10.34
658	6688	10.16
659	6670	10.12
660	6880	10.42
661	7205	10.90
662	6994	10.56
663	6933	10.46
664	6740	10.15
665	6739	10.13
666	6903	10.36
667	6813	10.21
668	6671	9.99
669	7009	10.48
670	6831	10.20
671	6801	10.14
672	6997	10.41
673	6851	10.18
674	7061	10.48
675	6830	10.12
676	6836	10.11
677	7029	10.38
678	7944	11.72
679	7516	11.07
680	10736	15.79
681	6888	10.11
682	7185	10.54
683	7076	10.36
684	7225	10.56
685	6941	10.13
686	6965	10.15
687	7219	10.51
688	7041	10.23
689	7024	10.19
690	7226	10.47
691	6964	10.08
692	6999	10.11
693	7205	10.40
694	7075	10.19
695	7218	10.39
696	7026	10.09
697	7052	10.12
698	7587	10.87
699	7073	10.12
700	7822	11.17
701	7248	10.34
702	7086	10.09
703	7486	10.65
704	7330	10.41
705	7132	10.12
706	7115	10.08
707	7147	10.11
708	7195	10.16
709	7407	10.45
710	7235	10.19
711	7453	10.48
712	7340	10.31
713	7193	10.09
714	7263	10.17
715	7218	10.10
716	7292	10.18
717	7239	10.10
718	7277	10.14
719	7278	10.12
720	7261	10.08
721	8322	11.54
722	7305	10.12
723	7329	10.14
724	7332	10.13
725	7431	10.25
726	7350	10.12
727	7550	10.39
728	7370	10.12
729	7358	10.09
730	7367	10.09
731	8007	10.95
732	7370	10.07
733	7397	10.09
734	7447	10.15
735	7663	10.43
736	7535	10.24
737	7456	10.12
738	7397	10.02
739	7446	10.08
740	7491	10.12
741	7649	10.32
742	7876	10.61
743	7734	10.41
744	7660	10.30
745	7790	10.46
746	7700	10.32
747	7568	10.13
748	7780	10.40
749	7753	10.35
750	7927	10.57
751	7581	10.09
752	7957	10.58
753	7772	10.32
754	7781	10.32
755	8044	10.65
756	7768	10.28
757	7696	10.17
758	7648	10.09
759	7822	10.31
760	7674	10.10
761	7798	10.25
762	8102	10.63
763	8507	11.15
764	8042	10.53
765	7830	10.24
766	7655	9.99
767	7793	10.16
768	7743	10.08
769	7755	10.08
770	8127	10.55
771	7766	10.07
772	7830	10.14
773	8042	10.40
774	7769	10.04
775	8090	10.44
776	7827	10.09
777	8328	10.72
778	7850	10.09
779	7949	10.20
780	8164	10.47
781	7871	10.08
782	7893	10.09
783	8016	10.24
784	7903	10.08
785	8132	10.36
786	8067	10.26
787	7955	10.11
788	8113	10.30
789	7995	10.13
790	7970	10.09
791	8547	10.81
792	7910	9.99
793	7995	10.08
794	7989	10.06
795	8145	10.25
796	8012	10.07
797	8036	10.08
798	8201	10.28
799	8071	10.10
800	8913	11.14
801	8628	10.77
802	8401	10.48
803	8227	10.25
804	8112	10.09
805	8101	10.06
806	8146	10.11
807	8130	10.07
808	8176	10.12
809	8128	10.05
810	8599	10.62
811	8439	10.41
812	8193	10.09
813	8180	10.06
814	8500	10.44
815	8538	10.48
816	8954	10.97
817	8194	10.03
818	8493	10.38
819	8685	10.60
820	8579	10.46
821	8276	10.08
822	8317	10.12
823	8714	10.59
824	8456	10.26
825	8273	10.03
826	8368	10.13
827	8372	10.12
828	8357	10.09
829	8352	10.07
830	8347	10.06
831	8392	10.10
832	8346	10.03
833	8407	10.09
834	8663	10.39
835	8438	10.11
836	8441	10.10
837	8443	10.09
838	9185	10.96
839	12064	14.38
840	8470	10.08
841	8461	10.06
842	8483	10.07
843	8660	10.27
844	8532	10.11
845	8778	10.39
846	8667	10.24
847	8855	10.45
848	8506	10.03
849	8583	10.11
850	8553	10.06
851	8582	10.08
852	8753	10.27
853	8565	10.04
854	8545	10.01
855	8894	10.40
856	8572	10.01
857	8823	10.30
858	8622	10.05
859	9728	11.32
860	8806	10.24
861	8925	10.37
862	8705	10.10
863	8613	9.98
864	8776	10.16
865	8991	10.39
866	8819	10.18
867	8842	10.20
868	8908	10.26
869	8792	10.12
870	8770	10.08
871	8836	10.14
872	8725	10.01
873	8780	10.06
874	9080	10.39
875	8789	10.04
876	8862	10.12
877	8744	9.97
878	8887	10.12
879	8866	10.09
880	9415	10.70
881	8990	10.20
882	8917	10.11
883	9052	10.25
884	8934	10.11
885	9241	10.44
886	8952	10.10
887	8932	10.07
888	9165	10.32
889	8898	10.01
890	9887	11.11
891	9614	10.79
892	9120	10.22
893	9015	10.10
894	8970	10.03
895	9298	10.39
896	9192	10.26
897	9080	10.12
898	9187	10.23
899	9503	10.57
900	9684	10.76
901	9243	10.26
902	9045	10.03
903	9093	10.07
904	9549	10.56
905	9074	10.03
906	9100	10.04
907	9102	10.04
908	9939	10.95
909	9252	10.18
910	9201	10.11
911	9410	10.33
912	9324	10.22
913	9372	10.27
914	9512	10.41
915	9814	10.73
916	9199	10.04
917	9394	10.24
918	9261	10.09
919	10195	11.09
920	9720	10.57
921	9519	10.34
922	9879	10.71
923	10476	11.35
924	9536	10.32
925	9211	9.96
926	9833	10.62
927	9691	10.45
928	9329	10.05
929	9402	10.12
930	9557	10.28
931	9457	10.16
932	9922	10.65
933	9364	10.04
934	9664	10.35
935	9512	10.17
936	9795	10.46
937	9422	10.06
938	9440	10.06
939	9390	10.00
940	9483	10.09
941	9796	10.41
942	9510	10.10
943	9515	10.09
944	9482	10.04
945	9560	10.12
946	9506	10.05
947	9684	10.23
948	9823	10.36
949	9491	10.00
950	9580	10.08
951	9919	10.43
952	9582	10.07
953	9745	10.23
954	9602	10.06
955	10001	10.47
956	9957	10.42
957	9925	10.37
958	9627	10.05
959	9612	10.02
960	9656	10.06
961	10338	10.76
962	9701	10.08
963	10019	10.40
964	10697	11.10
965	9873	10.23
966	9791	10.14
967	9866	10.20
968	9753	10.08
969	9988	10.31
970	9760	10.06
971	9966	10.26
972	11401	11.73
973	9746	10.02
974	10015	10.28
975	9850	10.10
976	10182	10.43
977	9849	10.08
978	10122	10.35
979	10299	10.52
980	9902	10.10
981	9956	10.15
982	10346	10.54
983	9858	10.03
984	9888	10.05
985	9987	10.14
986	9927	10.07
987	9908	10.04
988	9949	10.07
989	9910	10.02
990	10294	10.40
991	9963	10.05
992	9970	10.05
993	9989	10.06
994	9922	9.98
995	10030	10.08
996	10096	10.14
997	10038	10.07
998	10211	10.23
999	10026	10.04
1000	10715	10.71
1001	10336	10.33
1002	10728	10.71
1003	10035	10.00
1004	10667	10.62
1005	10310	10.26
1006	10198	10.14
1007	10398	10.33
1008	10098	10.02
1009	10243	10.15
1010	10629	10.52
1011	10341	10.23
1012	10146	10.03
1013	10365	10.23
1014	10178	10.04
1015	10291	10.14
1016	10406	10.24
1017	10435	10.26
1018	10204	10.02
1019	10293	10.10
1020	10417	10.21
1021	10402	10.19
1022	10302	10.08
1023	10306	10.07
1024	10309	10.07
1025	11442	11.16
1026	10286	10.03
1027	10334	10.06
1028	10660	10.37
1029	10514	10.22
1030	10551	10.24
1031	10428	10.11
1032	10458	10.13
1033	11337	10.97
1034	10466	10.12
1035	10562	10.20
1036	10465	10.10
1037	10415	10.04
1038	10457	10.07
1039	10678	10.28
1040	10696	10.28
1041	10473	10.06
1042	10510	10.09
1043	10655	10.22
1044	10690	10.24
1045	10526	10.07
1046	10767	10.29
1047	10573	10.10
1048	10521	10.04
1049	10765	10.26
1050	10725	10.21
1051	10594	10.08
1052	10618	10.09
1053	10801	10.26
1054	11058	10.49
1055	10598	10.05
1056	10656	10.09
1057	10646	10.07
1058	10629	10.05
1059	10686	10.09
1060	10994	10.37
1061	10835	10.21
1062	10882	10.25
1063	10715	10.08
1064	10735	10.09
1065	10876	10.21
1066	10866	10.19
1067	10775	10.10
1068	10845	10.15
1069	10781	10.09
1070	10890	10.18
1071	10791	10.08
1072	10927	10.19
1073	11046	10.29
1074	10800	10.06
1075	11236	10.45
1076	10846	10.08
1077	10821	10.05
1078	10824	10.04
1079	10965	10.16
1080	11195	10.37
1081	10840	10.03
1082	11935	11.03
1083	10894	10.06
1084	12144	11.20
1085	10881	10.03
1086	11040	10.17
1087	10929	10.05
1088	10950	10.06
1089	10991	10.09
1090	12657	11.61
1091	13677	12.54
1092	11243	10.30
1093	11120	10.17
1094	11863	10.84
1095	11034	10.08
1096	11425	10.42
1097	11736	10.70
1098	10856	9.89
1099	10993	10.00
1100	11773	10.70
1101	11332	10.29
1102	11357	10.31
1103	11077	10.04
1104	11399	10.33
1105	11095	10.04
1106	11388	10.30
1107	11275	10.19
1108	11263	10.17
1109	11192	10.09
1110	11167	10.06
1111	11386	10.25
1112	11195	10.07
1113	11378	10.22
1114	11252	10.10
1115	11306	10.14
1116	11468	10.28
1117	11807	10.57
1118	11781	10.54
1119	11238	10.04
1120	11352	10.14
1121	11294	10.07
1122	11248	10.02
1123	11319	10.08
1124	11763	10.47
1125	11662	10.37
1126	11392	10.12
1127	11296	10.02
1128	11523	10.22
1129	11788	10.44
1130	11498	10.18
1131	11416	10.09
1132	11712	10.35
1133	11666	10.30
1134	11524	10.16
1135	11746	10.35
1136	11462	10.09
1137	11711	10.30
1138	11653	10.24
1139	11577	10.16
1140	11440	10.04
1141	12003	10.52
1142	11769	10.31
1143	11452	10.02
1144	11602	10.14
1145	12222	10.67
1146	11508	10.04
1147	11749	10.24
1148	11605	10.11
1149	11669	10.16
1150	11706	10.18
1151	12571	10.92
1152	11867	10.30
1153	11549	10.02
1154	11754	10.19
1155	11903	10.31
1156	11548	9.99
1157	11732	10.14
1158	11885	10.26
1159	11622	10.03
1160	11627	10.02
1161	11701	10.08
1162	11816	10.17
1163	11744	10.10
1164	11716	10.07
1165	11932	10.24
1166	11737	10.07
1167	12075	10.35
1168	11707	10.02
1169	11701	10.01
1170	12161	10.39
1171	12116	10.35
1172	11758	10.03
1173	12112	10.33
1174	11842	10.09
1175	11774	10.02
1176	11849	10.08
1177	12249	10.41
1178	11770	9.99
1179	11852	10.05
1180	12679	10.74
1181	12121	10.26
1182	12355	10.45
1183	12194	10.31
1184	12483	10.54
1185	11860	10.01
1186	11872	10.01
1187	12063	10.16
1188	11855	9.98
1189	12227	10.28
1190	11892	9.99
1191	12074	10.14
1192	12211	10.24
1193	11945	10.01
1194	12247	10.26
1195	12031	10.07
1196	12157	10.16
1197	12462	10.41
1198	15664	13.08
1199	12820	10.69
1200	13008	10.84
1201	12211	10.17
1202	12526	10.42
1203	12839	10.67
1204	12243	10.17
1205	12281	10.19
1206	12129	10.06
1207	12077	10.01
1208	12158	10.06
1209	13143	10.87
1210	12116	10.01
1211	12388	10.23
1212	12324	10.17
1213	12189	10.05
1214	12268	10.11
1215	12547	10.33
1216	12632	10.39
1217	12217	10.04
1218	12744	10.46
1219	12404	10.18
1220	12412	10.17
1221	12593	10.31
1222	12910	10.56
1223	12430	10.16
1224	12320	10.07
1225	12284	10.03
1226	12297	10.03
1227	12556	10.23
1228	12795	10.42
1229	12512	10.18
1230	12319	10.02
1231	12509	10.16
1232	12587	10.22
1233	12637	10.25
1234	13077	10.60
1235	12500	10.12
1236	12652	10.24
1237	12572	10.16
1238	12947	10.46
1239	12450	10.05
1240	13177	10.63
1241	12425	10.01
1242	12412	9.99
1243	14288	11.49
1244	12633	10.16
1245	12531	10.07
1246	12722	10.21
1247	13257	10.63
1248	12552	10.06
1249	12723	10.19
1250	12785	10.23
1251	12775	10.21
1252	13365	10.67
1253	12905	10.30
1254	12750	10.17
1255	12815	10.21
1256	12892	10.26
1257	12736	10.13
1258	12811	10.18
1259	12905	10.25
1260	12634	10.03
1261	13043	10.34
1262	12635	10.01
1263	12636	10.00
1264	12691	10.04
1265	12964	10.25
1266	12682	10.02
1267	12718	10.04
1268	12990	10.24
1269	12855	10.13
1270	13146	10.35
1271	13535	10.65
1272	12883	10.13
1273	13016	10.22
1274	12764	10.02
1275	12962	10.17
1276	13072	10.24
1277	13635	10.68
1278	13003	10.17
1279	13295	10.39
1280	12840	10.03
1281	12829	10.01
1282	13269	10.35
1283	13120	10.23
1284	12849	10.01
1285	13078	10.18
1286	13246	10.30
1287	12931	10.05
1288	12914	10.03
1289	13181	10.23
1290	13281	10.30
1291	13132	10.17
1292	12977	10.04
1293	13270	10.26
1294	13204	10.20
1295	13936	10.76
1296	16800	12.96
1297	13274	10.23
1298	13129	10.11
1299	13181	10.15
1300	13503	10.39
1301	13458	10.34
1302	13277	10.20
1303	13196	10.13
1304	13612	10.44
1305	13036	9.99
1306	13735	10.52
1307	13217	10.11
1308	13515	10.33
1309	14359	10.97
1310	13264	10.13
1311	14250	10.87
1312	13599	10.37
1313	13735	10.46
1314	13166	10.02
1315	13315	10.13
1316	13160	10.00
1317	13612	10.34
1318	13362	10.14
1319	13175	9.99
1320	13224	10.02
1321	13949	10.56
1322	13338	10.09
1323	13859	10.48
1324	13397	10.12
1325	13275	10.02
1326	13637	10.28
1327	13500	10.17
1328	14023	10.56
1329	14293	10.75
1330	13524	10.17
1331	13559	10.19
1332	13486	10.12
1333	13336	10.00
1334	13307	9.98
1335	13977	10.47
1336	13336	9.98
1337	13517	10.11
1338	13370	9.99
1339	13679	10.22
1340	13420	10.01
1341	13530	10.09
1342	13746	10.24
1343	13629	10.15
1344	13485	10.03
1345	13602	10.11
1346	14036	10.43
1347	13529	10.04
1348	13604	10.09
1349	13753	10.19
1350	13476	9.98
1351	14029	10.38
1352	13643	10.09
1353	13581	10.04
1354	13700	10.12
1355	13763	10.16
1356	13847	10.21
1357	14010	10.32
1358	13707	10.09
1359	13553	9.97
1360	13994	10.29
1361	13676	10.05
1362	13908	10.21
1363	14495	10.63
1364	13634	10.00
1365	14030	10.28
1366	13656	10.00
1367	14129	10.34
1368	13953	10.20
1369	13861	10.12
1370	13698	10.00
1371	13702	9.99
1372	13843	10.09
1373	13937	10.15
1374	13788	10.03
1375	14141	10.28
1376	13953	10.14
1377	14039	10.20
1378	14013	10.17
1379	15040	10.91
1380	18389	13.33
1381	13799	9.99
1382	13786	9.98
1383	14761	10.67
1384	13794	9.97
1385	14726	10.63
1386	14140	10.20
1387	13856	9.99
1388	14064	10.13
1389	14097	10.15
1390	14305	10.29
1391	13903	9.99
1392	14026	10.08
1393	13962	10.02
1394	14154	10.15
1395	14099	10.11
1396	14321	10.26
1397	13955	9.99
1398	14370	10.28
1399	14209	10.16
1400	14528	10.38
1401	14142	10.09
1402	14185	10.12
1403	14041	10.01
1404	14202	10.12
1405	14213	10.12
1406	14421	10.26
1407	14703	10.45
1408	14124	10.03
1409	14232	10.10
1410	14365	10.19
1411	14622	10.36
1412	15207	10.77
1413	14115	9.99
1414	14295	10.11
1415	14472	10.23
1416	14621	10.33
1417	14395	10.16
1418	14668	10.34
1419	14373	10.13
1420	14426	10.16
1421	14550	10.24
1422	14442	10.16
1423	14736	10.36
1424	14344	10.07
1425	14265	10.01
1426	14512	10.18
1427	14479	10.15
1428	14851	10.40
1429	14431	10.10
1430	14338	10.03
1431	14470	10.11
1432	14431	10.08
1433	14900	10.40
1434	17939	12.51
1435	14587	10.17
1436	14520	10.11
1437	14576	10.14
1438	14359	9.99
1439	14377	9.99
1440	14419	10.01
1441	16417	11.39
1442	14760	10.24
1443	15099	10.46
1444	14475	10.02
1445	14827	10.26
1446	14630	10.12
1447	14730	10.18
1448	14659	10.12
1449	14433	9.96
1450	14512	10.01
1451	14966	10.31
1452	14969	10.31
1453	14480	9.97
1454	14661	10.08
1455	16233	11.16
1456	14852	10.20
1457	14678	10.07
1458	14813	10.16
1459	14510	9.95
1460	15365	10.52
1461	14635	10.02
1462	14794	10.12
1463	14851	10.15
1464	17321	11.83
1465	15824	10.80
1466	18243	12.44
1467	14539	9.91
1468	14776	10.07
1469	14965	10.19
1470	15379	10.46
1471	14827	10.08
1472	14943	10.15
1473	14916	10.13
1474	14682	9.96
1475	14838	10.06
1476	14802	10.03
1477	15044	10.19
1478	15068	10.19
1479	14709	9.95
1480	14952	10.10
1481	15674	10.58
1482	14789	9.98
1483	14992	10.11
1484	15163	10.22
1485	15033	10.12
1486	15177	10.21
1487	14961	10.06
1488	14932	10.03
1489	15063	10.12
1490	15258	10.24
1491	15481	10.38
1492	15665	10.50
1493	14976	10.03
1494	14808	9.91
1495	15124	10.12
1496	14879	9.95
1497	14941	9.98
1498	15195	10.14
1499	15784	10.53
1500	16921	11.28
1501	15103	10.06
1502	14987	9.98
1503	15416	10.26
1504	14984	9.96
1505	15023	9.98
1506	16168	10.74
1507	15022	9.97
1508	15007	9.95
1509	15013	9.95
1510	15182	10.05
1511	15992	10.58
1512	15014	9.93
1513	15560	10.28
1514	15053	9.94
1515	15597	10.30
1516	15184	10.02
1517	15100	9.95
1518	15369	10.12
1519	15418	10.15
1520	15177	9.98
1521	15183	9.98
1522	15870	10.43
1523	15643	10.27
1524	16041	10.53
1525	16970	11.13
1526	16641	10.90
1527	15240	9.98
1528	15561	10.18
1529	15463	10.11
1530	16022	10.47
1531	15573	10.17
1532	15567	10.16
1533	15495	10.11
1534	15785	10.29
1535	15406	10.04
1536	15634	10.18
1537	16255	10.58
1538	15868	10.32
1539	17204	11.18
1540	17857	11.60
1541	15939	10.34
1542	15658	10.15
1543	15675	10.16
1544	15544	10.07
1545	15920	10.30
1546	15886	10.28
1547	15391	9.95
1548	15446	9.98
1549	15724	10.15
1550	15812	10.20
1551	15996	10.31
1552	15446	9.95
1553	15488	9.97
1554	15446	9.94
1555	15445	9.93
1556	16051	10.32
1557	15881	10.20
1558	15569	9.99
1559	15509	9.95
1560	15591	9.99
1561	16036	10.27
1562	15578	9.97
1563	15616	9.99
1564	15960	10.20
1565	16125	10.30
1566	16016	10.23
1567	15727	10.04
1568	16010	10.21
1569	15690	10.00
1570	15689	9.99
1571	15618	9.94
1572	15915	10.12
1573	15797	10.04
1574	15668	9.95
1575	16424	10.43
1576	15874	10.07
1577	16153	10.24
1578	15760	9.99
1579	15994	10.13
1580	15738	9.96
1581	16169	10.23
1582	15993	10.11
1583	16065	10.15
1584	16018	10.11
1585	15941	10.06
1586	15970	10.07
1587	15918	10.03
1588	15940	10.04
1589	16052	10.10
1590	16211	10.20
1591	16120	10.13
1592	15876	9.97
1593	16314	10.24
1594	15780	9.90
1595	15843	9.93
1596	16164	10.13
1597	16236	10.17
1598	15944	9.98
1599	15993	10.00
1600	16382	10.24
1601	16072	10.04
1602	16172	10.09
1603	16104	10.05
1604	16790	10.47
1605	15979	9.96
1606	16014	9.97
1607	16175	10.07
1608	16400	10.20
1609	16540	10.28
1610	16080	9.99
1611	16042	9.96
1612	16327	10.13
1613	17271	10.71
1614	20246	12.54
1615	16051	9.94
1616	16378	10.13
1617	16345	10.11
1618	17183	10.62
1619	16302	10.07
1620	16080	9.93
1621	16435	10.14
1622	16450	10.14
1623	16542	10.19
1624	16399	10.10
1625	16188	9.96
1626	16620	10.22
1627	16173	9.94
1628	16298	10.01
1629	16641	10.22
1630	16400	10.06
1631	16473	10.10
1632	16517	10.12
1633	16641	10.19
1634	16272	9.96
1635	16291	9.96
1636	16460	10.06
1637	16461	10.06
1638	16671	10.18
1639	16430	10.02
1640	16356	9.97
1641	16324	9.95
1642	17090	10.41
1643	16593	10.10
1644	16668	10.14
1645	16752	10.18
1646	16858	10.24
1647	17000	10.32
1648	16399	9.95
1649	16925	10.26
1650	17251	10.46
1651	16364	9.91
1652	16548	10.02
1653	16721	10.12
1654	17126	10.35
1655	17107	10.34
1656	16476	9.95
1657	16784	10.13
1658	16527	9.97
1659	16679	10.05
1660	17391	10.48
1661	16745	10.08
1662	16906	10.17
1663	16750	10.07
1664	16584	9.97
1665	17533	10.53
1666	16837	10.11
1667	16717	10.03
1668	16764	10.05
1669	16764	10.04
1670	16816	10.07
1671	16846	10.08
1672	17004	10.17
1673	16807	10.05
1674	17025	10.17
1675	16974	10.13
1676	16878	10.07
1677	16939	10.10
1678	17272	10.29
1679	16886	10.06
1680	17008	10.12
1681	16901	10.05
1682	16934	10.07
1683	17437	10.36
1684	16884	10.03
1685	17020	10.10
1686	16870	10.01
1687	17761	10.53
1688	17014	10.08
1689	17067	10.10
1690	16892	10.00
1691	16754	9.91
1692	17440	10.31
1693	17127	10.12
1694	17164	10.13
1695	16842	9.94
1696	16850	9.94
1697	18199	10.72
1698	16936	9.97
1699	17424	10.26
1700	17936	10.55
1701	17188	10.10
1702	17160	10.08
1703	17484	10.27
1704	17364	10.19
1705	16962	9.95
1706	17422	10.21
1707	17218	10.09
1708	17136	10.03
1709	17134	10.03
1710	17073	9.98
1711	17489	10.22
1712	17133	10.01
1713	17648	10.30
1714	17494	10.21
1715	17700	10.32
1716	17202	10.02
1717	17238	10.04
1718	17214	10.02
1719	17440	10.15
1720	17427	10.13
1721	17071	9.92
1722	17272	10.03
1723	17891	10.38
1724	17690	10.26
1725	17473	10.13
1726	17607	10.20
1727	17625	10.21
1728	17754	10.27
1729	17187	9.94
1730	17601	10.17
1731	17513	10.12
1732	17218	9.94
1733	17705	10.22
1734	17498	10.09
1735	17260	9.95
1736	17239	9.93
1737	18005	10.37
1738	17212	9.90
1739	17440	10.03
1740	17720	10.18
1741	17253	9.91
1742	17322	9.94
1743	17476	10.03
1744	17644	10.12
1745	17276	9.90
1746	17876	10.24
1747	17824	10.20
1748	17320	9.91
1749	17640	10.09
1750	17448	9.97
1751	17634	10.07
1752	17761	10.14
1753	17762	10.13
1754	17567	10.02
1755	17918	10.21
1756	17384	9.90
1757	18080	10.29
1758	17826	10.14
1759	17426	9.91
1760	21614	12.28
1761	17750	10.08
1762	17673	10.03
1763	18351	10.41
1764	17813	10.10
1765	17792	10.08
1766	17975	10.18
1767	17954	10.16
1768	17690	10.01
1769	17949	10.15
1770	17548	9.91
1771	17729	10.01
1772	18206	10.27
1773	17677	9.97
1774	17781	10.02
1775	17905	10.09
1776	18821	10.60
1777	17942	10.10
1778	17851	10.04
1779	17881	10.05
1780	17649	9.92
1781	17869	10.03
1782	17749	9.96
1783	17717	9.94
1784	18147	10.17
1785	18314	10.26
1786	17952	10.05
1787	17900	10.02
1788	18125	10.14
1789	18338	10.25
1790	18184	10.16
1791	18195	10.16
1792	18026	10.06
1793	18339	10.23
1794	18574	10.35
1795	18364	10.23
1796	17955	10.00
1797	18055	10.05
1798	18122	10.08
1799	18118	10.07
1800	18451	10.25
1801	18193	10.10
1802	18599	10.32
1803	18355	10.18
1804	17928	9.94
1805	18350	10.17
1806	17917	9.92
1807	18131	10.03
1808	17985	9.95
1809	18007	9.95
1810	18507	10.22
1811	18430	10.18
1812	18098	9.99
1813	18197	10.04
1814	18218	10.04
1815	19125	10.54
1816	18380	10.12
1817	18181	10.01
1818	18031	9.92
1819	18357	10.09
1820	18027	9.90
1821	18046	9.91
1822	18233	10.01
1823	18065	9.91
1824	18211	9.98
1825	18369	10.07
1826	18880	10.34
1827	19322	10.58
1828	22155	12.12
1829	18684	10.22
1830	18303	10.00
1831	18102	9.89
1832	19059	10.40
1833	18450	10.07
1834	18207	9.93
1835	18286	9.97
1836	18294	9.96
1837	18295	9.96
1838	18617	10.13
1839	18622	10.13
1840	18840	10.24
1841	18228	9.90
1842	18454	10.02
1843	18542	10.06
1844	18248	9.90
1845	18362	9.95
1846	18715	10.14
1847	18327	9.92
1848	18729	10.13
1849	18734	10.13
1850	18369	9.93
1851	18755	10.13
1852	19462	10.51
1853	18710	10.10
1854	18356	9.90
1855	18700	10.08
1856	18666	10.06
1857	19047	10.26
1858	18665	10.05
1859	18466	9.93
1860	19445	10.45
1861	18483	9.93
1862	18830	10.11
1863	18692	10.03
1864	19018	10.20
1865	18546	9.94
1866	18667	10.00
1867	18721	10.03
1868	18690	10.01
1869	18938	10.13
1870	18807	10.06
1871	18898	10.10
1872	18780	10.03
1873	19169	10.23
1874	18779	10.02
1875	18922	10.09
1876	18757	10.00
1877	19235	10.25
1878	18779	10.00
1879	18990	10.11
1880	18853	10.03
1881	18895	10.05
1882	18985	10.09
1883	18703	9.93
1884	18860	10.01
1885	18833	9.99
1886	18808	9.97
1887	19167	10.16
1888	18916	10.02
1889	18796	9.95
1890	19493	10.31
1891	19234	10.17
1892	19675	10.40
1893	19922	10.52
1894	19286	10.18
1895	19325	10.20
1896	19487	10.28
1897	19271	10.16
1898	19600	10.33
1899	19269	10.15
1900	19125	10.07
1901	18890	9.94
1902	19025	10.00
1903	19326	10.16
1904	18967	9.96
1905	18853	9.90
1906	19292	10.12
1907	18860	9.89
1908	18879	9.89
1909	19490	10.21
1910	19594	10.26
1911	19463	10.18
1912	19079	9.98
1913	18965	9.91
1914	19051	9.95
1915	19464	10.16
1916	19207	10.02
1917	19024	9.92
1918	19025	9.92
1919	19369	10.09
1920	19529	10.17
1921	19550	10.18
1922	19809	10.31
1923	18985	9.87
1924	19031	9.89
1925	19630	10.20
1926	19794	10.28
1927	19608	10.18
1928	19433	10.08
1929	19100	9.90
1930	19110	9.90
1931	19103	9.89
1932	19322	10.00
1933	19544	10.11
1934	19506	10.09
1935	19693	10.18
1936	19676	10.16
1937	19593	10.12
1938	19500	10.06
1939	19213	9.91
1940	19257	9.93
1941	19425	10.01
1942	19376	9.98
1943	19795	10.19
1944	19607	10.09
1945	19367	9.96
1946	19779	10.16
1947	19271	9.90
1948	19718	10.12
1949	19669	10.09
1950	19405	9.95
1951	19670	10.08
1952	19500	9.99
1953	19739	10.11
1954	19482	9.97
1955	20011	10.24
1956	19699	10.07
1957	20448	10.45
1958	22890	11.69
1959	19395	9.90
1960	19835	10.12
1961	20496	10.45
1962	19855	10.12
1963	19615	9.99
1964	19695	10.03
1965	21048	10.71
1966	19718	10.03
1967	19711	10.02
1968	19940	10.13
1969	20066	10.19
1970	19906	10.10
1971	19932	10.11
1972	19879	10.08
1973	20385	10.33
1974	19506	9.88
1975	19730	9.99
1976	19760	10.00
1977	20107	10.17
1978	19818	10.02
1979	19552	9.88
1980	19753	9.98
1981	20008	10.10
1982	20008	10.09
1983	19733	9.95
1984	19849	10.00
1985	19920	10.04
1986	19908	10.02
1987	19953	10.04
1988	20527	10.33
1989	20356	10.23
1990	19900	10.00
1991	19852	9.97
1992	20425	10.25
1993	19913	9.99
1994	20024	10.04
1995	19874	9.96
1996	20066	10.05
1997	20035	10.03
1998	19910	9.96
1999	20346	10.18
2000	20692	10.35
2001	20236	10.11
2002	20081	10.03
2003	20276	10.12
2004	20658	10.31
2005	19979	9.96
2006	19991	9.97
2007	20075	10.00
2008	20512	10.22
2009	20564	10.24
2010	20323	10.11
2011	20215	10.05
2012	20732	10.30
2013	20413	10.14
2014	20248	10.05
2015	20281	10.07
2016	20252	10.05
2017	20382	10.11
2018	20167	9.99
2019	20722	10.26
2020	20306	10.05
2021	20113	9.95
2022	20474	10.13
2023	21332	10.54
2024	20510	10.13
2025	20388	10.07
2026	20270	10.00
2027	20151	9.94
2028	20493	10.11
2029	20439	10.07
2030	20481	10.09
2031	20036	9.87
2032	20545	10.11
2033	20493	10.08
2034	20231	9.95
2035	20575	10.11
2036	20580	10.11
2037	20201	9.92
2038	20538	10.08
2039	20193	9.90
2040	20636	10.12
2041	20193	9.89
2042	20889	10.23
2043	20686	10.13
2044	20409	9.98
2045	20527	10.04
2046	20634	10.09
2047	20691	10.11
2048	20746	10.13
2049	21944	10.71
2050	20355	9.93
2051	20887	10.18
2052	20757	10.12
2053	20731	10.10
2054	20783	10.12
2055	20472	9.96
2056	20386	9.92
2057	21570	10.49
2058	20580	10.00
2059	20449	9.93
2060	20527	9.96
2061	20782	10.08
2062	20895	10.13
2063	20676	10.02
2064	20619	9.99
2065	20814	10.08
2066	20831	10.08
2067	20845	10.08
2068	20818	10.07
2069	20537	9.93
2070	20623	9.96
2071	20935	10.11
2072	20671	9.98
2073	20492	9.89
2074	20792	10.03
2075	20992	10.12
2076	21279	10.25
2077	20535	9.89
2078	20611	9.92
2079	21714	10.44
2080	25042	12.04
2081	20954	10.07
2082	20670	9.93
2083	21466	10.31
2084	20867	10.01
2085	20907	10.03
2086	20815	9.98
2087	20640	9.89
2088	21112	10.11
2089	21047	10.08
2090	21886	10.47
2091	20954	10.02
2092	20952	10.02
2093	20753	9.92
2094	21407	10.22
2095	21070	10.06
2096	20899	9.97
2097	20978	10.00
2098	21038	10.03
2099	21107	10.06
2100	21740	10.35
2101	21570	10.27
2102	21010	10.00
2103	20800	9.89
2104	21018	9.99
2105	21050	10.00
2106	20968	9.96
2107	20963	9.95
2108	21899	10.39
2109	21104	10.01
2110	21096	10.00
2111	20993	9.94
2112	21292	10.08
2113	21196	10.03
2114	21085	9.97
2115	21226	10.04
2116	21636	10.22
2117	21179	10.00
2118	21211	10.01
2119	21181	10.00
2120	21884	10.32
2121	21233	10.01
2122	21295	10.04
2123	22227	10.47
2124	21304	10.03
2125	21379	10.06
2126	21237	9.99
2127	21870	10.28
2128	21307	10.01
2129	21303	10.01
2130	21218	9.96
2131	21873	10.26
2132	21152	9.92
2133	21384	10.03
2134	21289	9.98
2135	21492	10.07
2136	21347	9.99
2137	22151	10.37
2138	21403	10.01
2139	21255	9.94
2140	21374	9.99
2141	21421	10.01
2142	21661	10.11
2143	21625	10.09
2144	21160	9.87
2145	21744	10.14
2146	21245	9.90
2147	21534	10.03
2148	21485	10.00
2149	21697	10.10
2150	21359	9.93
2151	21681	10.08
2152	22391	10.40
2153	22008	10.22
2154	21780	10.11
2155	21620	10.03
2156	22232	10.31
2157	21312	9.88
2158	21307	9.87
2159	22407	10.38
2160	21862	10.12
2161	21407	9.91
2162	21394	9.90
2163	21659	10.01
2164	21834	10.09
2165	21588	9.97
2166	22596	10.43
2167	22271	10.28
2168	21808	10.06
2169	21862	10.08
2170	21885	10.09
2171	21762	10.02
2172	21834	10.05
2173	21970	10.11
2174	22414	10.31
2175	22242	10.23
2176	21737	9.99
2177	21912	10.07
2178	21980	10.09
2179	21741	9.98
2180	22012	10.10
2181	22058	10.11
2182	21569	9.88
2183	22198	10.17
2184	22597	10.35
2185	22006	10.07
2186	21991	10.06
2187	21985	10.05
2188	26997	12.34
2189	22212	10.15
2190	21936	10.02
2191	21659	9.89
2192	22311	10.18
2193	21863	9.97
2194	22125	10.08
2195	25886	11.79
2196	22214	10.12
2197	22255	10.13
2198	22586	10.28
2199	22235	10.11
2200	23125	10.51
2201	22246	10.11
2202	23307	10.58
2203	21813	9.90
2204	21782	9.88
2205	21815	9.89
2206	22089	10.01
2207	22464	10.18
2208	22269	10.09
2209	21760	9.85
2210	22418	10.14
2211	22317	10.09
2212	22900	10.35
2213	22318	10.08
2214	22312	10.08
2215	22435	10.13
2216	21922	9.89
2217	21947	9.90
2218	22238	10.03
2219	22597	10.18
2220	22472	10.12
2221	22374	10.07
2222	23172	10.43
2223	22119	9.95
2224	22362	10.05
2225	21990	9.88
2226	22132	9.94
2227	22593	10.15
2228	22102	9.92
2229	22477	10.08
2230	22228	9.97
2231	22307	10.00
2232	22538	10.10
2233	22388	10.03
2234	22229	9.95
2235	22539	10.08
2236	22306	9.98
2237	22321	9.98
2238	22373	10.00
2239	22441	10.02
2240	22839	10.20
2241	22487	10.03
2242	22560	10.06
2243	22656	10.10
2244	22364	9.97
2245	22719	10.12
2246	22528	10.03
2247	22825	10.16
2248	22567	10.04
2249	22381	9.95
2250	23098	10.27
2251	22547	10.02
2252	22497	9.99
2253	22437	9.96
2254	22489	9.98
2255	22483	9.97
2256	22494	9.97
2257	22765	10.09
2258	22617	10.02
2259	22564	9.99
2260	23075	10.21
2261	22515	9.96
2262	22549	9.97
2263	22533	9.96
2264	22854	10.09
2265	22755	10.05
2266	22616	9.98
2267	22737	10.03
2268	22639	9.98
2269	22609	9.96
2270	22642	9.97
2271	22947	10.10
2272	22726	10.00
2273	22801	10.03
2274	22829	10.04
2275	22795	10.02
2276	22902	10.06
2277	23610	10.37
2278	22745	9.98
2279	23078	10.13
2280	22755	9.98
2281	22775	9.98
2282	23168	10.15
2283	22765	9.97
2284	22848	10.00
2285	22817	9.99
2286	22838	9.99
2287	22862	10.00
2288	23001	10.05
2289	23056	10.07
2290	22845	9.98
2291	23113	10.09
2292	22809	9.95
2293	22963	10.01
2294	22870	9.97
2295	23194	10.11
2296	22955	10.00
2297	22963	10.00
2298	23201	10.10
2299	23196	10.09
2300	23636	10.28
2301	23051	10.02
2302	23042	10.01
2303	22742	9.87
2304	23692	10.28
2305	23126	10.03
2306	22838	9.90
2307	23017	9.98
2308	22780	9.87
2309	23064	9.99
2310	22828	9.88
2311	24565	10.63
2312	23501	10.16
2313	23346	10.09
2314	23490	10.15
2315	23496	10.15
2316	23290	10.06
2317	23516	10.15
2318	23078	9.96
2319	23368	10.08
2320	23185	9.99
2321	23329	10.05
2322	23533	10.13
2323	23403	10.07
2324	23412	10.07
2325	23674	10.18
2326	23227	9.99
2327	23037	9.90
2328	23230	9.98
2329	23030	9.89
2330	24589	10.55
2331	23603	10.13
2332	23293	9.99
2333	23107	9.90
2334	23603	10.11
2335	23639	10.12
2336	23532	10.07
2337	23189	9.92
2338	24054	10.29
2339	23684	10.13
2340	23399	10.00
2341	24677	10.54
2342	23163	9.89
2343	23708	10.12
2344	24199	10.32
2345	23344	9.95
2346	23271	9.92
2347	25446	10.84
2348	24472	10.42
2349	23288	9.91
2350	24554	10.45
2351	23477	9.99
2352	23920	10.17
2353	23339	9.92
2354	23767	10.10
2355	23991	10.19
2356	23526	9.99
2357	24162	10.25
2358	23812	10.10
2359	23766	10.07
2360	24224	10.26
2361	23555	9.98
2362	23550	9.97
2363	23638	10.00
2364	23635	10.00
2365	23845	10.08
2366	24065	10.17
2367	23730	10.03
2368	23888	10.09
2369	24028	10.14
2370	25330	10.69
2371	24215	10.21
2372	23885	10.07
2373	23400	9.86
2374	24226	10.20
2375	23902	10.06
2376	23856	10.04
2377	23803	10.01
2378	24041	10.11
2379	23915	10.05
2380	23979	10.08
2381	23543	9.89
2382	24136	10.13
2383	24026	10.08
2384	24189	10.15
2385	24262	10.17
2386	23775	9.96
2387	24057	10.08
2388	23611	9.89
2389	24000	10.05
2390	23859	9.98
2391	24225	10.13
2392	23913	10.00
2393	23964	10.01
2394	24166	10.09
2395	24755	10.34
2396	24162	10.08
2397	24006	10.02
2398	23759	9.91
2399	25497	10.63
2400	25214	10.51
2401	24190	10.07
2402	23693	9.86
2403	23755	9.89
2404	24356	10.13
2405	24214	10.07
2406	24203	10.06
2407	24005	9.97
2408	24466	10.16
2409	24290	10.08
2410	24163	10.03
2411	24033	9.97
2412	24316	10.08
2413	24439	10.13
2414	23855	9.88
2415	25313	10.48
2416	23891	9.89
2417	24596	10.18
2418	24449	10.11
2419	24651	10.19
2420	24855	10.27
2421	24703	10.20
2422	24158	9.97
2423	24215	9.99
2424	24759	10.21
2425	24284	10.01
2426	24158	9.96
2427	24025	9.90
2428	25445	10.48
2429	24548	10.11
2430	24871	10.23
2431	24233	9.97
2432	24665	10.14
2433	24570	10.10
2434	24252	9.96
2435	24667	10.13
2436	24703	10.14
2437	24906	10.22
2438	24812	10.18
2439	24128	9.89
2440	25447	10.43
2441	24522	10.05
2442	24126	9.88
2443	24600	10.07
2444	24922	10.20
2445	24970	10.21
2446	24936	10.19
2447	26832	10.97
2448	24658	10.07
2449	28447	11.62
2450	24374	9.95
2451	24762	10.10
2452	24584	10.03
2453	24710	10.07
2454	24714	10.07
2455	24453	9.96
2456	25820	10.51
2457	24717	10.06
2458	24486	9.96
2459	24503	9.96
2460	24503	9.96
2461	24714	10.04
2462	24768	10.06
2463	24995	10.15
2464	24494	9.94
2465	25139	10.20
2466	24709	10.02
2467	24778	10.04
2468	24708	10.01
2469	25071	10.15
2470	25330	10.26
2471	24432	9.89
2472	24609	9.96
2473	24677	9.98
2474	24900	10.06
2475	25179	10.17
2476	24823	10.03
2477	25519	10.30
2478	25289	10.21
2479	24937	10.06
2480	25182	10.15
2481	25471	10.27
2482	24659	9.94
2483	24789	9.98
2484	25001	10.06
2485	24779	9.97
2486	24701	9.94
2487	24771	9.96
2488	24841	9.98
2489	24592	9.88
2490	24711	9.92
2491	25282	10.15
2492	25036	10.05
2493	24794	9.95
2494	24941	10.00
2495	24951	10.00
2496	25291	10.13
2497	24996	10.01
2498	24586	9.84
2499	24732	9.90
2500	26373	10.55
2501	24711	9.88
2502	25146	10.05
2503	25391	10.14
2504	25399	10.14
2505	24895	9.94
2506	24965	9.96
2507	25411	10.14
2508	25026	9.98
2509	25197	10.04
2510	25045	9.98
2511	25489	10.15
2512	25296	10.07
2513	25053	9.97
2514	25043	9.96
2515	26599	10.58
2516	25128	9.99
2517	25076	9.96
2518	25497	10.13
2519	25195	10.00
2520	24919	9.89
2521	25363	10.06
2522	25242	10.01
2523	25106	9.95
2524	25629	10.15
2525	29509	11.69
2526	25174	9.97
2527	26339	10.42
2528	25462	10.07
2529	25108	9.93
2530	25301	10.00
2531	25397	10.03
2532	25001	9.87
2533	25923	10.23
2534	25117	9.91
2535	25242	9.96
2536	25444	10.03
2537	25542	10.07
2538	25126	9.90
2539	25272	9.95
2540	25482	10.03
2541	25310	9.96
2542	25391	9.99
2543	25323	9.96
2544	25295	9.94
2545	25527	10.03
2546	25778	10.12
2547	25388	9.97
2548	25366	9.96
2549	25668	10.07
2550	26418	10.36
2551	25443	9.97
2552	25553	10.01
2553	25602	10.03
2554	26138	10.23
2555	25630	10.03
2556	25817	10.10
2557	25445	9.95
2558	25519	9.98
2559	25418	9.93
2560	25803	10.08
2561	25499	9.96
2562	25778	10.06
2563	25551	9.97
2564	25490	9.94
2565	25529	9.95
2566	25545	9.96
2567	25530	9.95
2568	25433	9.90
2569	25698	10.00
2570	25492	9.92
2571	25570	9.95
2572	25847	10.05
2573	25795	10.03
2574	26190	10.17
2575	26248	10.19
2576	25881	10.05
2577	25588	9.93
2578	25549	9.91
2579	25953	10.06
2580	25857	10.02
2581	25639	9.93
2582	25788	9.99
2583	25601	9.91
2584	26063	10.09
2585	25913	10.02
2586	25621	9.91
2587	26630	10.29
2588	26005	10.05
2589	25677	9.92
2590	25880	9.99
2591	25663	9.90
2592	25923	10.00
2593	26199	10.10
2594	26008	10.03
2595	25747	9.92
2596	25870	9.97
2597	25861	9.96
2598	26055	10.03
2599	25799	9.93
2600	27100	10.42
2601	25813	9.92
2602	26731	10.27
2603	25986	9.98
2604	25963	9.97
2605	25895	9.94
2606	25983	9.97
2607	26035	9.99
2608	25804	9.89
2609	25957	9.95
2610	26022	9.97
2611	27085	10.37
2612	26349	10.09
2613	25916	9.92
2614	26562	10.16
2615	26055	9.96
2616	25999	9.94
2617	26197	10.01
2618	25986	9.93
2619	25932	9.90
2620	26561	10.14
2621	30141	11.50
2622	26037	9.93
2623	26554	10.12
2624	26098	9.95
2625	26249	10.00
2626	26606	10.13
2627	26099	9.93
2628	26239	9.98
2629	26216	9.97
2630	26191	9.96
2631	26466	10.06
2632	26029	9.89
2633	26232	9.96
2634	26274	9.97
2635	26702	10.13
2636	26340	9.99
2637	26325	9.98
2638	26617	10.09
2639	26655	10.10
2640	26234	9.94
2641	26215	9.93
2642	26585	10.06
2643	26210	9.92
2644	26310	9.95
2645	26817	10.14
2646	26787	10.12
2647	26471	10.00
2648	26646	10.06
2649	26662	10.06
2650	26406	9.96
2651	26431	9.97
2652	26584	10.02
2653	26692	10.06
2654	26388	9.94
2655	27505	10.36
2656	26303	9.90
2657	26230	9.87
2658	26851	10.10
2659	26578	10.00
2660	26265	9.87
2661	26897	10.11
2662	26523	9.96
2663	26394	9.91
2664	27001	10.14
2665	26505	9.95
2666	26649	10.00
2667	26529	9.95
2668	30062	11.27
2669	26650	9.99
2670	27012	10.12
2671	26688	9.99
2672	26595	9.95
2673	26886	10.06
2674	26694	9.98
2675	26880	10.05
2676	26476	9.89
2677	26838	10.03
2678	29383	10.97
2679	26873	10.03
2680	26723	9.97
2681	27144	10.12
2682	26661	9.94
2683	26697	9.95
2684	26966	10.05
2685	26653	9.93
2686	26681	9.93
2687	27167	10.11
2688	27043	10.06
2689	26917	10.01
2690	26762	9.95
2691	27173	10.10
2692	26936	10.01
2693	27143	10.08
2694	26970	10.01
2695	26738	9.92
2696	27289	10.12
2697	26931	9.99
2698	26679	9.89
2699	27237	10.09
2700	28029	10.38
2701	27506	10.18
2702	27137	10.04
2703	26854	9.93
2704	27165	10.05
2705	26865	9.93
2706	26845	9.92
2707	27456	10.14
2708	26949	9.95
2709	27055	9.99
2710	26999	9.96
2711	26964	9.95
2712	27601	10.18
2713	26937	9.93
2714	27612	10.17
2715	27386	10.09
2716	28166	10.37
2717	28587	10.52
2718	27881	10.26
2719	27156	9.99
2720	27593	10.14
2721	27484	10.10
2722	27098	9.96
2723	27481	10.09
2724	27671	10.16
2725	27427	10.06
2726	27529	10.10
2727	27791	10.19
2728	27558	10.10
2729	26988	9.89
2730	27112	9.93
2731	27354	10.02
2732	27792	10.17
2733	27248	9.97
2734	27442	10.04
2735	27269	9.97
2736	27445	10.03
2737	26932	9.84
2738	28070	10.25
2739	27526	10.05
2740	27404	10.00
2741	27752	10.12
2742	27293	9.95
2743	27362	9.98
2744	27368	9.97
2745	27816	10.13
2746	27770	10.11
2747	27955	10.18
2748	34528	12.56
2749	28960	10.53
2750	27173	9.88
2751	28146	10.23
2752	28058	10.20
2753	27729	10.07
2754	27201	9.88
2755	27490	9.98
2756	27676	10.04
2757	28185	10.22
2758	27933	10.13
2759	28282	10.25
2760	29287	10.61
2761	27290	9.88
2762	28393	10.28
2763	28200	10.21
2764	28496	10.31
2765	28265	10.22
2766	27226	9.84
2767	27788	10.04
2768	27580	9.96
2769	28548	10.31
2770	28101	10.14
2771	28044	10.12
2772	27525	9.93
2773	28121	10.14
2774	28320	10.21
2775	28020	10.10
2776	28601	10.30
2777	28632	10.31
2778	28133	10.13
2779	28184	10.14
2780	28129	10.12
2781	27881	10.03
2782	28355	10.19
2783	28197	10.13
2784	28076	10.08
2785	27456	9.86
2786	27931	10.03
2787	28273	10.14
2788	27556	9.88
2789	28353	10.17
2790	27691	9.93
2791	28237	10.12
2792	30604	10.96
2793	28069	10.05
2794	27628	9.89
2795	27924	9.99
2796	28296	10.12
2797	28000	10.01
2798	27681	9.89
2799	28167	10.06
2800	28524	10.19
2801	28614	10.22
2802	28311	10.10
2803	28124	10.03
2804	27969	9.97
2805	27674	9.87
2806	28080	10.01
2807	28140	10.02
2808	27741	9.88
2809	27963	9.95
2810	28080	9.99
2811	28383	10.10
2812	28151	10.01
2813	28172	10.01
2814	31578	11.22
2815	28282	10.05
2816	28191	10.01
2817	28498	10.12
2818	28257	10.03
2819	28103	9.97
2820	28035	9.94
2821	28297	10.03
2822	28349	10.05
2823	28623	10.14
2824	28355	10.04
2825	28956	10.25
2826	28178	9.97
2827	28373	10.04
2828	28033	9.91
2829	28561	10.10
2830	28262	9.99
2831	28360	10.02
2832	28536	10.08
2833	28721	10.14
2834	28445	10.04
2835	28572	10.08
2836	28355	10.00
2837	28853	10.17
2838	28481	10.04
2839	27824	9.80
2840	28254	9.95
2841	28776	10.13
2842	28914	10.17
2843	28627	10.07
2844	28027	9.85
2845	28314	9.95
2846	28854	10.14
2847	28112	9.87
2848	30300	10.64
2849	28229	9.91
2850	28643	10.05
2851	28177	9.88
2852	28239	9.90
2853	28498	9.99
2854	28690	10.05
2855	28609	10.02
2856	29003	10.16
2857	28649	10.03
2858	31610	11.06
2859	28554	9.99
2860	28599	10.00
2861	29008	10.14
2862	28114	9.82
2863	29007	10.13
2864	28897	10.09
2865	28112	9.81
2866	28160	9.83
2867	28755	10.03
2868	29072	10.14
2869	28943	10.09
2870	28895	10.07
2871	28505	9.93
2872	29130	10.14
2873	28252	9.83
2874	28523	9.92
2875	28751	10.00
2876	29194	10.15
2877	28770	10.00
2878	28600	9.94
2879	28291	9.83
2880	30134	10.46
2881	28414	9.86
2882	28982	10.06
2883	29219	10.13
2884	28540	9.90
2885	28596	9.91
2886	28852	10.00
2887	29005	10.05
2888	29034	10.05
2889	28682	9.93
2890	29132	10.08
2891	28660	9.91
2892	28706	9.93
2893	28816	9.96
2894	28826	9.96
2895	29153	10.07
2896	28502	9.84
2897	28948	9.99
2898	29469	10.17
2899	29248	10.09
2900	33458	11.54
2901	28755	9.91
2902	28721	9.90
2903	28950	9.97
2904	29264	10.08
2905	28776	9.91
2906	29194	10.05
2907	30035	10.33
2908	29128	10.02
2909	29225	10.05
2910	29100	10.00
2911	29704	10.20
2912	29914	10.27
2913	28708	9.86
2914	29050	9.97
2915	29778	10.22
2916	29125	9.99
2917	29343	10.06
2918	28902	9.90
2919	29017	9.94
2920	29380	10.06
2921	29007	9.93
2922	29367	10.05
2923	30148	10.31
2924	29025	9.93
2925	29283	10.01
2926	29198	9.98
2927	29255	9.99
2928	29647	10.13
2929	28959	9.89
2930	29496	10.07
2931	29898	10.20
2932	30080	10.26
2933	29315	9.99
2934	29274	9.98
2935	29745	10.13
2936	29861	10.17
2937	29732	10.12
2938	29509	10.04
2939	29829	10.15
2940	29398	10.00
2941	29512	10.03
2942	29245	9.94
2943	29757	10.11
2944	29739	10.10
2945	29389	9.98
2946	29675	10.07
2947	29054	9.86
2948	29424	9.98
2949	28994	9.83
2950	29644	10.05
2951	29619	10.04
2952	29083	9.85
2953	29932	10.14
2954	29796	10.09
2955	29186	9.88
2956	29332	9.92
2957	29076	9.83
2958	29129	9.85
2959	29556	9.99
2960	29749	10.05
2961	29311	9.90
2962	30078	10.15
2963	29445	9.94
2964	29121	9.82
2965	31083	10.48
2966	29607	9.98
2967	29878	10.07
2968	29624	9.98
2969	29192	9.83
2970	30021	10.11
2971	29516	9.93
2972	29495	9.92
2973	29966	10.08
2974	32625	10.97
2975	30042	10.10
2976	29566	9.93
2977	29513	9.91
2978	29624	9.95
2979	30063	10.09
2980	29883	10.03
2981	29397	9.86
2982	30032	10.07
2983	30758	10.31
2984	29693	9.95
2985	29674	9.94
2986	29930	10.02
2987	29398	9.84
2988	30170	10.10
2989	29827	9.98
2990	32395	10.83
2991	30495	10.20
2992	29797	9.96
2993	30700	10.26
2994	30341	10.13
2995	29826	9.96
2996	29816	9.95
2997	30025	10.02
2998	29823	9.95
2999	29830	9.95
3000	30495	10.16
3001	30403	10.13
3002	29880	9.95
3003	30498	10.16
3004	30254	10.07
3005	30699	10.22
3006	30272	10.07
3007	29978	9.97
3008	29967	9.96
3009	30015	9.98
3010	29958	9.95
3011	29460	9.78
3012	29840	9.91
3013	30543	10.14
3014	30363	10.07
3015	30404	10.08
3016	30429	10.09
3017	30060	9.96
3018	30385	10.07
3019	29871	9.89
3020	29828	9.88
3021	29997	9.93
3022	30135	9.97
3023	29694	9.82
3024	29748	9.84
3025	33908	11.21
3026	30035	9.93
3027	30649	10.13
3028	29830	9.85
3029	29954	9.89
3030	29915	9.87
3031	30336	10.01
3032	30199	9.96
3033	30209	9.96
3034	30553	10.07
3035	30489	10.05
3036	30664	10.10
3037	31732	10.45
3038	30172	9.93
3039	30744	10.12
3040	30198	9.93
3041	30755	10.11
3042	30528	10.04
3043	30284	9.95
3044	30069	9.88
3045	30084	9.88
3046	29951	9.83
3047	30364	9.97
3048	30626	10.05
3049	31918	10.47
3050	31233	10.24
3051	30789	10.09
3052	31640	10.37
3053	30766	10.08
3054	30887	10.11
3055	30695	10.05
3056	30333	9.93
3057	30939	10.12
3058	31195	10.20
3059	34086	11.14
3060	30140	9.85
3061	30925	10.10
3062	30675	10.02
3063	30887	10.08
3064	31071	10.14
3065	30092	9.82
3066	30948	10.09
3067	30762	10.03
3068	30763	10.03
3069	30684	10.00
3070	30305	9.87
3071	31277	10.18
3072	30768	10.02
3073	31077	10.11
3074	30427	9.90
3075	30355	9.87
3076	30564	9.94
3077	30328	9.86
3078	30757	9.99
3079	30697	9.97
3080	30244	9.82
3081	30509	9.90
3082	31738	10.30
3083	30520	9.90
3084	31219	10.12
3085	30785	9.98
3086	30560	9.90
3087	31161	10.09
3088	30974	10.03
3089	31628	10.24
3090	357660	115.75
3091	31797	10.29
3092	31489	10.18
3093	31296	10.12
3094	30990	10.02
3095	30633	9.90
3096	30990	10.01
3097	37503	12.11
3098	31565	10.19
3099	31308	10.10
3100	31464	10.15
3101	30780	9.93
3102	31043	10.01
3103	31363	10.11
3104	30897	9.95
3105	31199	10.05
3106	31802	10.24
3107	31335	10.09
3108	30929	9.95
3109	31221	10.04
3110	30808	9.91
3111	30954	9.95
3112	31002	9.96
3113	30570	9.82
3114	31001	9.96
3115	31314	10.05
3116	31474	10.10
3117	31122	9.98
3118	31389	10.07
3119	31027	9.95
3120	31521	10.10
3121	33326	10.68
3122	30881	9.89
3123	31792	10.18
3124	31189	9.98
3125	31122	9.96
3126	31411	10.05
3127	31010	9.92
3128	30901	9.88
3129	31034	9.92
3130	31052	9.92
3131	34739	11.10
3132	31156	9.95
3133	31336	10.00
3134	31086	9.92
3135	31914	10.18
3136	31445	10.03
3137	31120	9.92
3138	31735	10.11
3139	31672	10.09
3140	31300	9.97
3141	30994	9.87
3142	31325	9.97
3143	31212	9.93
3144	31504	10.02
3145	31369	9.97
3146	30991	9.85
3147	31044	9.86
3148	31544	10.02
3149	31552	10.02
3150	32103	10.19
3151	31256	9.92
3152	31325	9.94
3153	31029	9.84
3154	31654	10.04
3155	31799	10.08
3156	31803	10.08
3157	31396	9.94
3158	31807	10.07
3159	31435	9.95
3160	31774	10.06
3161	31491	9.96
3162	31754	10.04
3163	31753	10.04
3164	31492	9.95
3165	31487	9.95
3166	31658	10.00
3167	31758	10.03
3168	31511	9.95
3169	31357	9.89
3170	31845	10.05
3171	31480	9.93
3172	31767	10.01
3173	31960	10.07
3174	32509	10.24
3175	34918	11.00
3176	31543	9.93
3177	32112	10.11
3178	31354	9.87
3179	31530	9.92
3180	31487	9.90
3181	31338	9.85
3182	31966	10.05
3183	31643	9.94
3184	31719	9.96
3185	31636	9.93
3186	31667	9.94
3187	31556	9.90
3188	36222	11.36
3189	34226	10.73
3190	32046	10.05
3191	31835	9.98
3192	31454	9.85
3193	32273	10.11
3194	31741	9.94
3195	32165	10.07
3196	32655	10.22
3197	31859	9.97
3198	31851	9.96
3199	31201	9.75
3200	32310	10.10
3201	32384	10.12
3202	31862	9.95
3203	31862	9.95
3204	32502	10.14
3205	31688	9.89
3206	32401	10.11
3207	31831	9.93
3208	32513	10.13
3209	32003	9.97
3210	31821	9.91
3211	32074	9.99
3212	32051	9.98
3213	32275	10.05
3214	32108	9.99
3215	31919	9.93
3216	32165	10.00
3217	32032	9.96
3218	31995	9.94
3219	31953	9.93
3220	32000	9.94
3221	33144	10.29
3222	32046	9.95
3223	51435	15.96
3224	36630	11.36
3225	33394	10.35
3226	31872	9.88
3227	32786	10.16
3228	37320	11.56
3229	32362	10.02
3230	33343	10.32
3231	31945	9.89
3232	32278	9.99
3233	32338	10.00
3234	31715	9.81
3235	32380	10.01
3236	32569	10.06
3237	32569	10.06
3238	32299	9.97
3239	34304	10.59
3240	32108	9.91
3241	31792	9.81
3242	32880	10.14
3243	32095	9.90
3244	32454	10.00
3245	32196	9.92
3246	32122	9.90
3247	32425	9.99
3248	32677	10.06
3249	32495	10.00
3250	32285	9.93
3251	32581	10.02
3252	32229	9.91
3253	32814	10.09
3254	32598	10.02
3255	32217	9.90
3256	32498	9.98
3257	32729	10.05
3258	32536	9.99
3259	32527	9.98
3260	32384	9.93
3261	32193	9.87
3262	32748	10.04
3263	32868	10.07
3264	32017	9.81
3265	32660	10.00
3266	32326	9.90
3267	31880	9.76
3268	32611	9.98
3269	32524	9.95
3270	32983	10.09
3271	32304	9.88
3272	31952	9.77
3273	32553	9.95
3274	32380	9.89
3275	32232	9.84
3276	33173	10.13
3277	32126	9.80
3278	32783	10.00
3279	36118	11.01
3280	32626	9.95
3281	32325	9.85
3282	32852	10.01
3283	32378	9.86
3284	33403	10.17
3285	32933	10.03
3286	32261	9.82
3287	32438	9.87
3288	32717	9.95
3289	33030	10.04
3290	32964	10.02
3291	33224	10.10
3292	32458	9.86
3293	32544	9.88
3294	32438	9.85
3295	32537	9.87
3296	32720	9.93
3297	32646	9.90
3298	32884	9.97
3299	33079	10.03
3300	33307	10.09
3301	32967	9.99
3302	32596	9.87
3303	33263	10.07
3304	32729	9.91
3305	33224	10.05
3306	32691	9.89
3307	32940	9.96
3308	32710	9.89
3309	32767	9.90
3310	32928	9.95
3311	32694	9.87
3312	35474	10.71
3313	32825	9.91
3314	32790	9.89
3315	33039	9.97
3316	32649	9.85
3317	36814	11.10
3318	33006	9.95
3319	33983	10.24
3320	33167	9.99
3321	33255	10.01
3322	33373	10.05
3323	32986	9.93
3324	34317	10.32
3325	33001	9.93
3326	33530	10.08
3327	33046	9.93
3328	33339	10.02
3329	33317	10.01
3330	33100	9.94
3331	33117	9.94
3332	32765	9.83
3333	33268	9.98
3334	33291	9.99
3335	33172	9.95
3336	33112	9.93
3337	33328	9.99
3338	33283	9.97
3339	32858	9.84
3340	34003	10.18
3341	33071	9.90
3342	33357	9.98
3343	32925	9.85
3344	33536	10.03
3345	33453	10.00
3346	32935	9.84
3347	33190	9.92
3348	33327	9.95
3349	33562	10.02
3350	33102	9.88
3351	33273	9.93
3352	33327	9.94
3353	33536	10.00
3354	33169	9.89
3355	37178	11.08
3356	33566	10.00
3357	33842	10.08
3358	33347	9.93
3359	34765	10.35
3360	33883	10.08
3361	33337	9.92
3362	33299	9.90
3363	33392	9.93
3364	33165	9.86
3365	33031	9.82
3366	33421	9.93
3367	33032	9.81
3368	33699	10.01
3369	33296	9.88
3370	33916	10.06
3371	33253	9.86
3372	33519	9.94
3373	33778	10.01
3374	33228	9.85
3375	33830	10.02
3376	33341	9.88
3377	34215	10.13
3378	33430	9.90
3379	33329	9.86
3380	33817	10.01
3381	33803	10.00
3382	33942	10.04
3383	33832	10.00
3384	33734	9.97
3385	33797	9.98
3386	33619	9.93
3387	34400	10.16
3388	33402	9.86
3389	34088	10.06
3390	33873	9.99
3391	34189	10.08
3392	36772	10.84
3393	33765	9.95
3394	33374	9.83
3395	33886	9.98
3396	34799	10.25
3397	34060	10.03
3398	33502	9.86
3399	33854	9.96
3400	34274	10.08
3401	34088	10.02
3402	33781	9.93
3403	34695	10.20
3404	33822	9.94
3405	34577	10.15
3406	33686	9.89
3407	34152	10.02
3408	33854	9.93
3409	33899	9.94
3410	33795	9.91
3411	34004	9.97
3412	34205	10.02
3413	33942	9.94
3414	34066	9.98
3415	33890	9.92
3416	33840	9.91
3417	33781	9.89
3418	33996	9.95
3419	34297	10.03
3420	33924	9.92
3421	33831	9.89
3422	34046	9.95
3423	35146	10.27
3424	33960	9.92
3425	33625	9.82
3426	34075	9.95
3427	33876	9.89
3428	34372	10.03
3429	37823	11.03
3430	34633	10.10
3431	34042	9.92
3432	35050	10.21
3433	33765	9.84
3434	34209	9.96
3435	34074	9.92
3436	34060	9.91
3437	34482	10.03
3438	33836	9.84
3439	35422	10.30
3440	34016	9.89
3441	33990	9.88
3442	33984	9.87
3443	34151	9.92
3444	34010	9.88
3445	37064	10.76
3446	34571	10.03
3447	33835	9.82
3448	34676	10.06
3449	34015	9.86
3450	34910	10.12
3451	34322	9.95
3452	34400	9.97
3453	34620	10.03
3454	34479	9.98
3455	34843	10.08
3456	34082	9.86
3457	34793	10.06
3458	34399	9.95
3459	34069	9.85
3460	34215	9.89
3461	34618	10.00
3462	34278	9.90
3463	34438	9.94
3464	34838	10.06
3465	34355	9.91
3466	34553	9.97
3467	34210	9.87
3468	35133	10.13
3469	34666	9.99
3470	34206	9.86
3471	34584	9.96
3472	34354	9.89
3473	34230	9.86
3474	34446	9.92
3475	34071	9.80
3476	34280	9.86
3477	34598	9.95
3478	34486	9.92
3479	34374	9.88
3480	34338	9.87
3481	34572	9.93
3482	34252	9.84
3483	34373	9.87
3484	34337	9.86
3485	34397	9.87
3486	35134	10.08
3487	36940	10.59
3488	34491	9.89
3489	34542	9.90
3490	35220	10.09
3491	34667	9.93
3492	34518	9.88
3493	34215	9.80
3494	34287	9.81
3495	34438	9.85
3496	34219	9.79
3497	34885	9.98
3498	34629	9.90
3499	34575	9.88
3500	35506	10.14
3501	34272	9.79
3502	39085	11.16
3503	34787	9.93
3504	35373	10.10
3505	34526	9.85
3506	34583	9.86
3507	34872	9.94
3508	35226	10.04
3509	34628	9.87
3510	34869	9.93
3511	34906	9.94
3512	35029	9.97
3513	35078	9.99
3514	34615	9.85
3515	34968	9.95
3516	34706	9.87
3517	35307	10.04
3518	34696	9.86
3519	35849	10.19
3520	34891	9.91
3521	35120	9.97
3522	35201	9.99
3523	34799	9.88
3524	35259	10.01
3525	34807	9.87
3526	34927	9.91
3527	34739	9.85
3528	35196	9.98
3529	35200	9.97
3530	35576	10.08
3531	35156	9.96
3532	34567	9.79
3533	35027	9.91
3534	35113	9.94
3535	35297	9.99
3536	35292	9.98
3537	34935	9.88
3538	34901	9.86
3539	35186	9.94
3540	35008	9.89
3541	35337	9.98
3542	35179	9.93
3543	35103	9.91
3544	35099	9.90
3545	35350	9.97
3546	35092	9.90
3547	35145	9.91
3548	35345	9.96
3549	35068	9.88
3550	35449	9.99
3551	34999	9.86
3552	35498	9.99
3553	35075	9.87
3554	35487	9.99
3555	34830	9.80
3556	36024	10.13
3557	35331	9.93
3558	35348	9.93
3559	36026	10.12
3560	35427	9.95
3561	35339	9.92
3562	35416	9.94
3563	35031	9.83
3564	35374	9.93
3565	36634	10.28
3566	35538	9.97
3567	38761	10.87
3568	35329	9.90
3569	35902	10.06
3570	35105	9.83
3571	35289	9.88
3572	36199	10.13
3573	38963	10.90
3574	36215	10.13
3575	35258	9.86
3576	35802	10.01
3577	35616	9.96
3578	35503	9.92
3579	35459	9.91
3580	35401	9.89
3581	35446	9.90
3582	35953	10.04
3583	35533	9.92
3584	35413	9.88
3585	35442	9.89
3586	35591	9.92
3587	35441	9.88
3588	35396	9.87
3589	35560	9.91
3590	35539	9.90
3591	36590	10.19
3592	35318	9.83
3593	35456	9.87
3594	35886	9.98
3595	36017	10.02
3596	35775	9.95
3597	35453	9.86
3598	35797	9.95
3599	35747	9.93
3600	36933	10.26
3601	35557	9.87
3602	35972	9.99
3603	36008	9.99
3604	35950	9.98
3605	35733	9.91
3606	36101	10.01
3607	37738	10.46
3608	36776	10.19
3609	35724	9.90
3610	37010	10.25
3611	36532	10.12
3612	36358	10.07
3613	36768	10.18
3614	36029	9.97
3615	36427	10.08
3616	35992	9.95
3617	36172	10.00
3618	35459	9.80
3619	36215	10.01
3620	35287	9.75
3621	35457	9.79
3622	35623	9.84
3623	36140	9.98
3624	35596	9.82
3625	37126	10.24
3626	36219	9.99
3627	36260	10.00
3628	35477	9.78
3629	35585	9.81
3630	36431	10.04
3631	36263	9.99
3632	36002	9.91
3633	35585	9.79
3634	36812	10.13
3635	36174	9.95
3636	36850	10.13
3637	35548	9.77
3638	36370	10.00
3639	36712	10.09
3640	35735	9.82
3641	40508	11.13
3642	36921	10.14
3643	36385	9.99
3644	36351	9.98
3645	36157	9.92
3646	36252	9.94
3647	36082	9.89
3648	37049	10.16
3649	36087	9.89
3650	36024	9.87
3651	36407	9.97
3652	36062	9.87
3653	36169	9.90
3654	36191	9.90
3655	36361	9.95
3656	35918	9.82
3657	36489	9.98
3658	36047	9.85
3659	35976	9.83
3660	36035	9.85
3661	36821	10.06
3662	36378	9.93
3663	36208	9.88
3664	36269	9.90
3665	36284	9.90
3666	36434	9.94
3667	36349	9.91
3668	36366	9.91
3669	36193	9.86
3670	37711	10.28
3671	36479	9.94
3672	36262	9.88
3673	36215	9.86
3674	36859	10.03
3675	36381	9.90
3676	35921	9.77
3677	36833	10.02
3678	36581	9.95
3679	36579	9.94
3680	36239	9.85
3681	40413	10.98
3682	36254	9.85
3683	36806	9.99
3684	36842	10.00
3685	36632	9.94
3686	36288	9.84
3687	36853	10.00
3688	36318	9.85
3689	36789	9.97
3690	36197	9.81
3691	37519	10.16
3692	36627	9.92
3693	36948	10.00
3694	36410	9.86
3695	37065	10.03
3696	36632	9.91
3697	36521	9.88
3698	41197	11.14
3699	36542	9.88
3700	38154	10.31
3701	36405	9.84
3702	36633	9.90
3703	36936	9.97
3704	37029	10.00
3705	36944	9.97
3706	36717	9.91
3707	37350	10.08
3708	36746	9.91
3709	36382	9.81
3710	36559	9.85
3711	37011	9.97
3712	36761	9.90
3713	37025	9.97
3714	37287	10.04
3715	37334	10.05
3716	37323	10.04
3717	36817	9.91
3718	37830	10.17
3719	36655	9.86
3720	37199	10.00
3721	36905	9.92
3722	36943	9.93
3723	40052	10.76
3724	37752	10.14
3725	37193	9.98
3726	37016	9.93
3727	38761	10.40
3728	38543	10.34
3729	37192	9.97
3730	37948	10.17
3731	37432	10.03
3732	37949	10.17
3733	36896	9.88
3734	37213	9.97
3735	36487	9.77
3736	39405	10.55
3737	37412	10.01
3738	36902	9.87
3739	36970	9.89
3740	36329	9.71
3741	37506	10.03
3742	36714	9.81
3743	36898	9.86
3744	36831	9.84
3745	36670	9.79
3746	37450	10.00
3747	37679	10.06
3748	37891	10.11
3749	37595	10.03
3750	37692	10.05
3751	37532	10.01
3752	37217	9.92
3753	38585	10.28
3754	38412	10.23
3755	36789	9.80
3756	38241	10.18
3757	37988	10.11
3758	37715	10.04
3759	37545	9.99
3760	42180	11.22
3761	37681	10.02
3762	36929	9.82
3763	36922	9.81
3764	37675	10.01
3765	39173	10.40
3766	37665	10.00
3767	37714	10.01
3768	37802	10.03
3769	37996	10.08
3770	36863	9.78
3771	37747	10.01
3772	37697	9.99
3773	37563	9.96
3774	37987	10.07
3775	38084	10.09
3776	36927	9.78
3777	37534	9.94
3778	37457	9.91
3779	37341	9.88
3780	37789	10.00
3781	36979	9.78
3782	37340	9.87
3783	38138	10.08
3784	36940	9.76
3785	37907	10.02
3786	36916	9.75
3787	37770	9.97
3788	37483	9.90
3789	37716	9.95
3790	37603	9.92
3791	38323	10.11
3792	37737	9.95
3793	40938	10.79
3794	37872	9.98
3795	37250	9.82
3796	37759	9.95
3797	37168	9.79
3798	37901	9.98
3799	37605	9.90
3800	38723	10.19
3801	37999	10.00
3802	37604	9.89
3803	37201	9.78
3804	38026	10.00
3805	38206	10.04
3806	37714	9.91
3807	37568	9.87
3808	38449	10.10
3809	37706	9.90
3810	38000	9.97
3811	37913	9.95
3812	38022	9.97
3813	37618	9.87
3814	37809	9.91
3815	37858	9.92
3816	38051	9.97
3817	37833	9.91
3818	37923	9.93
3819	37778	9.89
3820	37911	9.92
3821	37712	9.87
3822	38304	10.02
3823	37997	9.94
3824	37748	9.87
3825	41858	10.94
3826	38005	9.93
3827	39600	10.35
3828	38171	9.97
3829	37567	9.81
3830	37698	9.84
3831	38000	9.92
3832	37964	9.91
3833	38073	9.93
3834	38215	9.97
3835	37942	9.89
3836	37955	9.89
3837	37944	9.89
3838	38229	9.96
3839	38126	9.93
3840	37941	9.88
3841	38375	9.99
3842	38403	10.00
3843	37862	9.85
3844	37850	9.85
3845	38189	9.93
3846	38026	9.89
3847	37925	9.86
3848	38070	9.89
3849	38348	9.96
3850	37926	9.85
3851	38152	9.91
3852	38196	9.92
3853	37897	9.84
3854	38202	9.91
3855	38019	9.86
3856	38420	9.96
3857	38732	10.04
3858	41539	10.77
3859	38653	10.02
3860	38162	9.89
3861	39907	10.34
3862	38230	9.90
3863	38707	10.02
3864	38317	9.92
3865	38926	10.07
3866	38217	9.89
3867	38088	9.85
3868	38349	9.91
3869	38437	9.93
3870	38164	9.86
3871	38768	10.01
3872	38135	9.85
3873	38726	10.00
3874	38881	10.04
3875	38421	9.92
3876	38096	9.83
3877	38685	9.98
3878	38832	10.01
3879	38238	9.86
3880	38331	9.88
3881	38692	9.97
3882	38366	9.88
3883	38474	9.91
3884	38358	9.88
3885	38756	9.98
3886	38567	9.92
3887	38469	9.90
3888	38301	9.85
3889	38572	9.92
3890	38914	10.00
3891	38676	9.94
3892	38490	9.89
3893	39331	10.10
3894	38694	9.94
3895	38506	9.89
3896	38286	9.83
3897	38628	9.91
3898	38379	9.85
3899	38849	9.96
3900	39205	10.05
3901	45715	11.72
3902	43426	11.13
3903	39178	10.04
3904	39082	10.01
3905	38179	9.78
3906	39142	10.02
3907	39105	10.01
3908	39142	10.02
3909	38723	9.91
3910	39022	9.98
3911	38828	9.93
3912	39507	10.10
3913	39201	10.02
3914	38797	9.91
3915	38765	9.90
3916	39397	10.06
3917	39209	10.01
3918	38507	9.83
3919	38658	9.86
3920	39099	9.97
3921	38943	9.93
3922	38737	9.88
3923	38876	9.91
3924	39031	9.95
3925	39167	9.98
3926	38772	9.88
3927	38649	9.84
3928	38989	9.93
3929	39266	9.99
3930	39422	10.03
3931	38836	9.88
3932	39916	10.15
3933	39195	9.97
3934	39563	10.06
3935	38728	9.84
3936	39115	9.94
3937	38554	9.79
3938	38884	9.87
3939	39742	10.09
3940	39341	9.99
3941	39365	9.99
3942	39120	9.92
3943	39318	9.97
3944	39404	9.99
3945	39105	9.91
3946	39434	9.99
3947	38903	9.86
3948	43034	10.90
3949	39246	9.94
3950	40301	10.20
3951	38661	9.79
3952	39312	9.95
3953	39110	9.89
3954	39742	10.05
3955	38924	9.84
3956	38837	9.82
3957	39315	9.94
3958	39342	9.94
3959	39302	9.93
3960	39329	9.93
3961	38751	9.78
3962	39054	9.86
3963	39951	10.08
3964	39234	9.90
3965	39586	9.98
3966	39254	9.90
3967	39918	10.06
3968	39787	10.03
3969	39520	9.96
3970	39527	9.96
3971	39816	10.03
3972	39403	9.92
3973	39741	10.00
3974	39246	9.88
3975	39289	9.88
3976	39133	9.84
3977	39626	9.96
3978	40042	10.07
3979	42285	10.63
3980	39381	9.89
3981	39340	9.88
3982	39884	10.02
3983	39904	10.02
3984	39357	9.88
3985	39171	9.83
3986	39465	9.90
3987	39342	9.87
3988	39532	9.91
3989	40377	10.12
3990	39643	9.94
3991	39211	9.82
3992	39848	9.98
3993	40033	10.03
3994	39814	9.97
3995	41306	10.34
3996	39861	9.98
3997	39543	9.89
3998	39482	9.88
3999	39834	9.96
4000	40360	10.09
