N	Total Time	Average CPE
1	227	227.00
2	47	23.50
3	140	46.67
4	75	18.75
5	152	30.40
6	242	40.33
7	185	26.43
8	329	41.12
9	271	30.11
10	432	43.20
11	388	35.27
12	496	41.33
13	442	34.00
14	541	38.64
15	582	38.80
16	572	35.75
17	557	32.76
18	656	36.44
19	761	40.05
20	764	38.20
21	574	27.33
22	604	27.45
23	695	30.22
24	3646	151.92
25	695	27.80
26	1139	43.81
27	729	27.00
28	906	32.36
29	1081	37.28
30	1027	34.23
31	1085	35.00
32	1136	35.50
33	1163	35.24
34	1239	36.44
35	584	16.69
36	641	17.81
37	653	17.65
38	664	17.47
39	625	16.03
40	781	19.52
41	658	16.05
42	665	15.83
43	676	15.72
44	1224	27.82
45	1375	30.56
46	1582	34.39
47	1318	28.04
48	1240	25.83
49	1028	20.98
50	796	15.92
51	824	16.16
52	841	16.17
53	881	16.62
54	860	15.93
55	863	15.69
56	2360	42.14
57	894	15.68
58	952	16.41
59	921	15.61
60	1130	18.83
61	957	15.69
62	1292	20.84
63	1583	25.13
64	1671	26.11
65	1735	26.69
66	1662	25.18
67	1058	15.79
68	1069	15.72
69	1078	15.62
70	1123	16.04
71	1102	15.52
72	1132	15.72
73	1153	15.79
74	1162	15.70
75	1180	15.73
76	1182	15.55
77	1209	15.70
78	1202	15.41
79	1254	15.87
80	1382	17.27
81	1261	15.57
82	1706	20.80
83	2178	26.24
84	2309	27.49
85	1636	19.25
86	1331	15.48
87	1385	15.92
88	1347	15.31
89	1420	15.96
90	1397	15.52
91	1398	15.36
92	1431	15.55
93	1429	15.37
94	1616	17.19
95	1455	15.32
96	1486	15.48
97	1485	15.31
98	1499	15.30
99	1562	15.78
100	1847	18.47
101	1567	15.51
102	2669	26.17
103	2651	25.74
104	2116	20.35
105	1641	15.63
106	1686	15.91
107	1653	15.45
108	1669	15.45
109	1663	15.26
110	1698	15.44
111	1735	15.63
112	1713	15.29
113	1762	15.59
114	1781	15.62
115	1863	16.20
116	1805	15.56
117	1843	15.75
118	1811	15.35
119	2005	16.85
120	2354	19.62
121	2036	16.83
122	3745	30.70
123	3037	24.69
124	1917	15.46
125	2039	16.31
126	2650	21.03
127	3279	25.82
128	2693	21.04
129	1989	15.42
130	2243	17.25
131	2001	15.27
132	2178	16.50
133	2044	15.37
134	2094	15.63
135	2097	15.53
136	2109	15.51
137	2070	15.11
138	2150	15.58
139	2121	15.26
140	2388	17.06
141	2698	19.13
142	3674	25.87
143	2617	18.30
144	2185	15.17
145	2235	15.41
146	2236	15.32
147	2244	15.27
148	2279	15.40
149	2259	15.16
150	2329	15.53
151	2295	15.20
152	2306	15.17
153	2344	15.32
154	2355	15.29
155	3497	22.56
156	2375	15.22
157	2678	17.06
158	2398	15.18
159	2628	16.53
160	2963	18.52
161	4146	25.75
162	4396	27.14
163	2744	16.83
164	2575	15.70
165	2530	15.33
166	2857	17.21
167	2555	15.30
168	2553	15.20
169	2612	15.46
170	2632	15.48
171	2649	15.49
172	3110	18.08
173	2618	15.13
174	2954	16.98
175	2858	16.33
176	3498	19.88
177	4724	26.69
178	3181	17.87
179	2932	16.38
180	2895	16.08
181	3998	22.09
182	4002	21.99
183	2775	15.16
184	2862	15.55
185	2820	15.24
186	3228	17.35
187	2838	15.18
188	3016	16.04
189	2849	15.07
190	2902	15.27
191	2879	15.07
192	2900	15.10
193	3092	16.02
194	2938	15.14
195	3315	17.00
196	2960	15.10
197	3163	16.06
198	2980	15.05
199	3013	15.14
200	3312	16.56
201	4540	22.59
202	4124	20.42
203	3095	15.25
204	3374	16.54
205	3127	15.25
206	3323	16.13
207	3153	15.23
208	3167	15.23
209	3165	15.14
210	3328	15.85
211	4363	20.68
212	3224	15.21
213	3229	15.16
214	3482	16.27
215	3252	15.13
216	3645	16.88
217	3298	15.20
218	3481	15.97
219	3301	15.07
220	3579	16.27
221	5496	24.87
222	4123	18.57
223	3551	15.92
224	3657	16.33
225	4328	19.24
226	5180	22.92
227	4602	20.27
228	3475	15.24
229	3482	15.21
230	3492	15.18
231	3473	15.03
232	3532	15.22
233	3502	15.03
234	3653	15.61
235	3534	15.04
236	3534	14.97
237	3617	15.26
238	3588	15.08
239	3593	15.03
240	3884	16.18
241	5736	23.80
242	4144	17.12
243	3697	15.21
244	3772	15.46
245	3724	15.20
246	3919	15.93
247	3731	15.11
248	3992	16.10
249	3739	15.02
250	4105	16.42
251	6565	26.16
252	3794	15.06
253	3808	15.05
254	3839	15.11
255	3893	15.27
256	3813	14.89
257	4786	18.62
258	3935	15.25
259	4206	16.24
260	4379	16.84
261	6650	25.48
262	4303	16.42
263	3989	15.17
264	3974	15.05
265	4273	16.12
266	5552	20.87
267	4200	15.73
268	4053	15.12
269	4103	15.25
270	4077	15.10
271	4672	17.24
272	4134	15.20
273	4312	15.79
274	4327	15.79
275	4152	15.10
276	4180	15.14
277	4162	15.03
278	4226	15.20
279	4268	15.30
280	4488	16.03
281	6853	24.39
282	4289	15.21
283	4318	15.26
284	4324	15.23
285	4377	15.36
286	5125	17.92
287	4383	15.27
288	4633	16.09
289	4329	14.98
290	5493	18.94
291	4720	16.22
292	4351	14.90
293	4596	15.69
294	4378	14.89
295	4422	14.99
296	4554	15.39
297	4482	15.09
298	4484	15.05
299	4715	15.77
300	4766	15.89
301	7586	25.20
302	4586	15.19
303	4526	14.94
304	4549	14.96
305	4581	15.02
306	4576	14.95
307	4577	14.91
308	4662	15.14
309	4664	15.09
310	5007	16.15
311	4808	15.46
312	4680	15.00
313	4912	15.69
314	4704	14.98
315	4729	15.01
316	4814	15.23
317	4769	15.04
318	4759	14.97
319	5288	16.58
320	5660	17.69
321	7680	23.93
322	4823	14.98
323	4821	14.93
324	4922	15.19
325	4845	14.91
326	4845	14.86
327	4894	14.97
328	4885	14.89
329	4886	14.85
330	4915	14.89
331	5064	15.30
332	5913	17.81
333	4973	14.93
334	5173	15.49
335	5008	14.95
336	5237	15.59
337	5015	14.88
338	5049	14.94
339	5070	14.96
340	5444	16.01
341	7471	21.91
342	5129	15.00
343	5135	14.97
344	5385	15.65
345	5309	15.39
346	5234	15.13
347	5154	14.85
348	5326	15.30
349	5417	15.52
350	5239	14.97
351	5381	15.33
352	5301	15.06
353	5417	15.35
354	5410	15.28
355	5303	14.94
356	5334	14.98
357	5656	15.84
358	5316	14.85
359	5508	15.34
360	5694	15.82
361	8108	22.46
362	6273	17.33
363	5424	14.94
364	5457	14.99
365	5433	14.88
366	5678	15.51
367	5476	14.92
368	5499	14.94
369	5503	14.91
370	5528	14.94
371	5554	14.97
372	5567	14.97
373	5547	14.87
374	6151	16.45
375	7213	19.23
376	6679	17.76
377	5677	15.06
378	5799	15.34
379	5658	14.93
380	6125	16.12
381	8148	21.39
382	5721	14.98
383	6236	16.28
384	6066	15.80
385	5932	15.41
386	5780	14.97
387	5828	15.06
388	5932	15.29
389	5838	15.01
390	5838	14.97
391	5836	14.93
392	6119	15.61
393	6832	17.38
394	6229	15.81
395	5902	14.94
396	6215	15.69
397	5884	14.82
398	6098	15.32
399	5928	14.86
400	6481	16.20
401	8279	20.65
402	6585	16.38
403	6114	15.17
404	6023	14.91
405	6061	14.97
406	5997	14.77
407	6238	15.33
408	6080	14.90
409	6104	14.92
410	6210	15.15
411	6280	15.28
412	6175	14.99
413	6280	15.21
414	6222	15.03
415	6225	15.00
416	6192	14.88
417	6225	14.93
418	6272	15.00
419	6301	15.04
420	8104	19.30
421	8262	19.62
422	6302	14.93
423	6371	15.06
424	6292	14.84
425	6369	14.99
426	6416	15.06
427	6446	15.10
428	6576	15.36
429	6362	14.83
430	6438	14.97
431	6435	14.93
432	6493	15.03
433	6449	14.89
434	6483	14.94
435	6914	15.89
436	6529	14.97
437	6765	15.48
438	6492	14.82
439	9215	20.99
440	10562	24.00
441	8677	19.68
442	6576	14.88
443	6950	15.69
444	6636	14.95
445	6924	15.56
446	7153	16.04
447	6682	14.95
448	6722	15.00
449	6742	15.02
450	6700	14.89
451	6696	14.85
452	6873	15.21
453	6792	14.99
454	6947	15.30
455	7059	15.51
456	6772	14.85
457	6806	14.89
458	6957	15.19
459	6796	14.81
460	7991	17.37
461	8653	18.77
462	6869	14.87
463	7407	16.00
464	7075	15.25
465	6898	14.83
466	7101	15.24
467	7000	14.99
468	7102	15.18
469	7007	14.94
470	7178	15.27
471	6993	14.85
472	7028	14.89
473	7045	14.89
474	7085	14.95
475	7107	14.96
476	7050	14.81
477	7050	14.78
478	7205	15.07
479	7132	14.89
480	8509	17.73
481	8775	18.24
482	7132	14.80
483	7161	14.83
484	7137	14.75
485	7479	15.42
486	7340	15.10
487	7217	14.82
488	7254	14.86
489	7585	15.51
490	7278	14.85
491	7335	14.94
492	7301	14.84
493	7895	16.01
494	7567	15.32
495	7572	15.30
496	7355	14.83
497	7384	14.86
498	7367	14.79
499	7369	14.77
500	8026	16.05
501	9939	19.84
502	7504	14.95
503	7478	14.87
504	8493	16.85
505	7469	14.79
506	7554	14.93
507	7635	15.06
508	7771	15.30
509	8588	16.87
510	7579	14.86
511	7627	14.93
512	7648	14.94
513	7738	15.08
514	7660	14.90
515	7981	15.50
516	7658	14.84
517	7790	15.07
518	7728	14.92
519	7787	15.00
520	9403	18.08
521	9440	18.12
522	7863	15.06
523	8356	15.98
524	8031	15.33
525	8115	15.46
526	7800	14.83
527	7980	15.14
528	7920	15.00
529	7951	15.03
530	7953	15.01
531	8190	15.42
532	7892	14.83
533	7954	14.92
534	8006	14.99
535	7901	14.77
536	8121	15.15
537	8419	15.68
538	9805	18.22
539	8238	15.28
540	10226	18.94
541	9592	17.73
542	8486	15.66
543	8053	14.83
544	8347	15.34
545	8221	15.08
546	8407	15.40
547	8096	14.80
548	8845	16.14
549	8533	15.54
550	8125	14.77
551	8883	16.12
552	8379	15.18
553	8547	15.46
554	8622	15.56
555	8237	14.84
556	8199	14.75
557	9315	16.72
558	8948	16.04
559	8247	14.75
560	10874	19.42
561	9919	17.68
562	8568	15.25
563	8299	14.74
564	8467	15.01
565	8577	15.18
566	8636	15.26
567	8468	14.93
568	8486	14.94
569	8448	14.85
570	8749	15.35
571	8546	14.97
572	10164	17.77
573	8949	15.62
574	8937	15.57
575	8653	15.05
576	12229	21.23
577	8979	15.56
578	8829	15.28
579	8899	15.37
580	10360	17.86
581	9795	16.86
582	9182	15.78
583	8753	15.01
584	8652	14.82
585	8934	15.27
586	8804	15.02
587	8734	14.88
588	8702	14.80
589	9427	16.01
590	9075	15.38
591	9094	15.39
592	8749	14.78
593	8808	14.85
594	8802	14.82
595	8973	15.08
596	9086	15.24
597	8809	14.76
598	8944	14.96
599	8905	14.87
600	10838	18.06
601	10053	16.73
602	9224	15.32
603	9109	15.11
604	8983	14.87
605	9132	15.09
606	8968	14.80
607	9030	14.88
608	9112	14.99
609	9603	15.77
610	9101	14.92
611	9179	15.02
612	9356	15.29
613	9073	14.80
614	12924	21.05
615	9177	14.92
616	9148	14.85
617	9251	14.99
618	9203	14.89
619	9174	14.82
620	11112	17.92
621	13192	21.24
622	9422	15.15
623	9198	14.76
624	9169	14.69
625	9902	15.84
626	11906	19.02
627	9260	14.77
628	9288	14.79
629	9575	15.22
630	9331	14.81
631	9386	14.87
632	9429	14.92
633	9378	14.82
634	9683	15.27
635	9643	15.19
636	9716	15.28
637	9518	14.94
638	9420	14.76
639	9532	14.92
640	11448	17.89
641	10405	16.23
642	9541	14.86
643	9800	15.24
644	9544	14.82
645	9758	15.13
646	9528	14.75
647	9509	14.70
648	9527	14.70
649	9553	14.72
650	9931	15.28
651	9621	14.78
652	9611	14.74
653	9662	14.80
654	9607	14.69
655	9636	14.71
656	9936	15.15
657	9663	14.71
658	9962	15.14
659	9740	14.78
660	11801	17.88
661	10495	15.88
662	9909	14.97
663	10209	15.40
664	9940	14.97
665	9819	14.77
666	10678	16.03
667	10052	15.07
668	9971	14.93
669	10292	15.38
670	9861	14.72
671	9810	14.62
672	10049	14.95
673	9897	14.71
674	10137	15.04
675	10045	14.88
676	10244	15.15
677	10235	15.12
678	10280	15.16
679	10433	15.37
680	12721	18.71
681	10871	15.96
682	10058	14.75
683	10249	15.01
684	10159	14.85
685	10282	15.01
686	10280	14.99
687	10468	15.24
688	10150	14.75
689	10165	14.75
690	10099	14.64
691	10138	14.67
692	10303	14.89
693	10204	14.72
694	10397	14.98
695	10299	14.82
696	10236	14.71
697	10470	15.02
698	10299	14.76
699	10498	15.02
700	13701	19.57
701	11267	16.07
702	10331	14.72
703	10684	15.20
704	10509	14.93
705	14737	20.90
706	10871	15.40
707	10529	14.89
708	10419	14.72
709	10426	14.71
710	10646	14.99
711	11509	16.19
712	10696	15.02
713	10554	14.80
714	10804	15.13
715	10795	15.10
716	11108	15.51
717	10693	14.91
718	10537	14.68
719	10867	15.11
720	13210	18.35
721	11812	16.38
722	10886	15.08
723	10668	14.76
724	11035	15.24
725	10647	14.69
726	10769	14.83
727	10861	14.94
728	10675	14.66
729	10797	14.81
730	11832	16.21
731	10810	14.79
732	11053	15.10
733	11007	15.02
734	11131	15.16
735	10874	14.79
736	10913	14.83
737	11393	15.46
738	11115	15.06
739	10826	14.65
740	13612	18.39
741	11244	15.17
742	10915	14.71
743	11024	14.84
744	11168	15.01
745	10909	14.64
746	11114	14.90
747	11052	14.80
748	11078	14.81
749	11232	15.00
750	12393	16.52
751	13579	18.08
752	11932	15.87
753	11064	14.69
754	12899	17.11
755	11373	15.06
756	11081	14.66
757	11170	14.76
758	11123	14.67
759	11153	14.69
760	14043	18.48
761	11533	15.16
762	11463	15.04
763	11387	14.92
764	11532	15.09
765	11654	15.23
766	11478	14.98
767	11561	15.07
768	11254	14.65
769	11190	14.55
770	11263	14.63
771	11563	15.00
772	11297	14.63
773	11396	14.74
774	11438	14.78
775	11570	14.93
776	11944	15.39
777	11585	14.91
778	11426	14.69
779	11494	14.75
780	14353	18.40
781	11608	14.86
782	11554	14.77
783	11762	15.02
784	11707	14.93
785	11621	14.80
786	15817	20.12
787	11585	14.72
788	11662	14.80
789	11632	14.74
790	11706	14.82
791	12643	15.98
792	11662	14.72
793	12452	15.70
794	11703	14.74
795	11711	14.73
796	12313	15.47
797	11650	14.62
798	11755	14.73
799	11945	14.95
800	18356	22.95
801	14354	17.92
802	11727	14.62
803	12106	15.08
804	11990	14.91
805	12037	14.95
806	11923	14.79
807	12060	14.94
808	12144	15.03
809	12013	14.85
810	12610	15.57
811	11830	14.59
812	11948	14.71
813	12365	15.21
814	11973	14.71
815	12324	15.12
816	12090	14.82
817	12115	14.83
818	12021	14.70
819	12387	15.12
820	14903	18.17
821	12060	14.69
822	12523	15.23
823	12091	14.69
824	12503	15.17
825	12125	14.70
826	12048	14.59
827	12540	15.16
828	12349	14.91
829	12574	15.17
830	12442	14.99
831	13082	15.74
832	12523	15.05
833	12238	14.69
834	12320	14.77
835	12247	14.67
836	12527	14.98
837	12234	14.62
838	12236	14.60
839	12320	14.68
840	15602	18.57
841	12690	15.09
842	12425	14.76
843	12494	14.82
844	12643	14.98
845	12678	15.00
846	12689	15.00
847	12438	14.68
848	13954	16.46
849	12432	14.64
850	12858	15.13
851	13091	15.38
852	12677	14.88
853	12599	14.77
854	12526	14.67
855	13060	15.27
856	12904	15.07
857	12873	15.02
858	12979	15.13
859	12756	14.85
860	16056	18.67
861	12750	14.81
862	12651	14.68
863	12796	14.83
864	13725	15.89
865	12961	14.98
866	12764	14.74
867	12810	14.78
868	13796	15.89
869	13213	15.20
870	13003	14.95
871	13008	14.93
872	13138	15.07
873	13784	15.79
874	12953	14.82
875	13011	14.87
876	12979	14.82
877	13007	14.83
878	13017	14.83
879	13078	14.88
880	15949	18.12
881	13283	15.08
882	13446	15.24
883	13075	14.81
884	12989	14.69
885	13374	15.11
886	13231	14.93
887	13012	14.67
888	13179	14.84
889	13005	14.63
890	13067	14.68
891	13041	14.64
892	13038	14.62
893	13114	14.69
894	13532	15.14
895	13435	15.01
896	13142	14.67
897	13340	14.87
898	13389	14.91
899	13469	14.98
900	16026	17.81
901	13437	14.91
902	13402	14.86
903	14640	16.21
904	13565	15.01
905	13192	14.58
906	13484	14.88
907	13542	14.93
908	13623	15.00
909	13492	14.84
910	13553	14.89
911	13678	15.01
912	13686	15.01
913	13463	14.75
914	13567	14.84
915	13751	15.03
916	14033	15.32
917	13613	14.85
918	13531	14.74
919	13890	15.11
920	17056	18.54
921	13603	14.77
922	13788	14.95
923	13572	14.70
924	14178	15.34
925	13633	14.74
926	13771	14.87
927	13816	14.90
928	17928	19.32
929	14047	15.12
930	13863	14.91
931	13681	14.69
932	14044	15.07
933	13992	15.00
934	13867	14.85
935	13688	14.64
936	14176	15.15
937	14477	15.45
938	14570	15.53
939	14262	15.19
940	16866	17.94
941	14762	15.69
942	14128	15.00
943	13893	14.73
944	14105	14.94
945	13986	14.80
946	14374	15.19
947	14158	14.95
948	14918	15.74
949	14382	15.15
950	13928	14.66
951	13983	14.70
952	14237	14.95
953	13999	14.69
954	13967	14.64
955	14184	14.85
956	14364	15.03
957	14020	14.65
958	14112	14.73
959	14122	14.73
960	17531	18.26
961	14476	15.06
962	14907	15.50
963	14576	15.14
964	14405	14.94
965	14252	14.77
966	14982	15.51
967	14430	14.92
968	14721	15.21
969	14462	14.92
970	15088	15.55
971	14492	14.92
972	14524	14.94
973	14478	14.88
974	14290	14.67
975	14524	14.90
976	17409	17.84
977	14564	14.91
978	14797	15.13
979	14784	15.10
980	17073	17.42
981	14417	14.70
982	14811	15.08
983	15743	16.02
984	14497	14.73
985	14594	14.82
986	14804	15.01
987	14418	14.61
988	14773	14.95
989	14538	14.70
990	14936	15.09
991	14848	14.98
992	14685	14.80
993	14710	14.81
994	14755	14.84
995	15316	15.39
996	14627	14.69
997	14811	14.86
998	14668	14.70
999	14796	14.81
1000	15463	15.46
1001	17250	17.23
1002	16566	16.53
1003	14629	14.59
1004	14694	14.64
1005	15131	15.06
1006	15392	15.30
1007	14693	14.59
1008	15010	14.89
1009	15726	15.59
1010	15160	15.01
1011	14889	14.73
1012	15396	15.21
1013	14954	14.76
1014	14995	14.79
1015	18051	17.78
1016	16293	16.04
1017	15355	15.10
1018	15306	15.04
1019	15449	15.16
1020	18758	18.39
1021	15857	15.53
1022	15458	15.13
1023	15421	15.07
1024	15234	14.88
1025	17901	17.46
1026	15359	14.97
1027	15466	15.06
1028	15793	15.36
1029	15174	14.75
1030	15151	14.71
1031	15271	14.81
1032	18484	17.91
1033	15409	14.92
1034	15685	15.17
1035	15193	14.68
1036	15261	14.73
1037	15501	14.95
1038	16920	16.30
1039	15900	15.30
1040	18665	17.95
1041	15846	15.22
1042	15596	14.97
1043	15893	15.24
1044	15511	14.86
1045	15832	15.15
1046	16035	15.33
1047	15435	14.74
1048	15468	14.76
1049	15927	15.18
1050	16664	15.87
1051	15502	14.75
1052	16009	15.22
1053	15489	14.71
1054	16031	15.21
1055	15909	15.08
1056	15561	14.74
1057	15759	14.91
1058	15727	14.86
1059	15537	14.67
1060	18782	17.72
1061	15655	14.75
1062	16188	15.24
1063	16472	15.50
1064	17183	16.15
1065	15761	14.80
1066	15756	14.78
1067	16884	15.82
1068	15828	14.82
1069	16489	15.42
1070	15915	14.87
1071	16754	15.64
1072	15802	14.74
1073	15786	14.71
1074	16628	15.48
1075	16258	15.12
1076	16400	15.24
1077	16065	14.92
1078	16977	15.75
1079	15938	14.77
1080	19600	18.15
1081	16326	15.10
1082	17062	15.77
1083	15875	14.66
1084	16458	15.18
1085	15968	14.72
1086	16465	15.16
1087	16106	14.82
1088	16248	14.93
1089	20722	19.03
1090	16111	14.78
1091	16062	14.72
1092	17565	16.09
1093	16136	14.76
1094	16100	14.72
1095	16108	14.71
1096	16798	15.33
1097	16812	15.33
1098	16156	14.71
1099	16626	15.13
1100	19250	17.50
1101	16244	14.75
1102	16591	15.06
1103	16974	15.39
1104	16698	15.12
1105	16372	14.82
1106	18196	16.45
1107	16442	14.85
1108	16596	14.98
1109	16390	14.78
1110	16723	15.07
1111	16692	15.02
1112	16413	14.76
1113	16788	15.08
1114	16839	15.12
1115	16666	14.95
1116	16573	14.85
1117	16453	14.73
1118	16989	15.20
1119	17162	15.34
1120	20352	18.17
1121	16606	14.81
1122	16820	14.99
1123	17523	15.60
1124	16912	15.05
1125	16934	15.05
1126	16552	14.70
1127	16731	14.85
1128	16913	14.99
1129	16655	14.75
1130	16605	14.69
1131	16930	14.97
1132	16909	14.94
1133	17886	15.79
1134	17050	15.04
1135	16911	14.90
1136	16773	14.76
1137	17411	15.31
1138	16758	14.73
1139	16704	14.67
1140	19950	17.50
1141	16825	14.75
1142	17201	15.06
1143	16833	14.73
1144	21042	18.39
1145	17036	14.88
1146	16841	14.70
1147	17424	15.19
1148	17321	15.09
1149	17550	15.27
1150	17661	15.36
1151	17370	15.09
1152	17208	14.94
1153	17798	15.44
1154	17128	14.84
1155	17476	15.13
1156	17174	14.86
1157	17079	14.76
1158	17291	14.93
1159	17488	15.09
1160	21127	18.21
1161	17067	14.70
1162	17203	14.80
1163	17107	14.71
1164	17320	14.88
1165	17373	14.91
1166	17235	14.78
1167	17332	14.85
1168	17493	14.98
1169	17404	14.89
1170	17245	14.74
1171	17359	14.82
1172	17226	14.70
1173	17491	14.91
1174	17376	14.80
1175	18104	15.41
1176	17419	14.81
1177	17347	14.74
1178	17417	14.79
1179	18052	15.31
1180	20331	17.23
1181	17733	15.02
1182	17743	15.01
1183	17516	14.81
1184	17670	14.92
1185	17991	15.18
1186	18264	15.40
1187	17790	14.99
1188	17892	15.06
1189	17727	14.91
1190	17869	15.02
1191	17581	14.76
1192	18279	15.33
1193	17911	15.01
1194	17597	14.74
1195	17996	15.06
1196	17622	14.73
1197	22914	19.14
1198	17962	14.99
1199	17654	14.72
1200	23705	19.75
1201	20617	17.17
1202	17655	14.69
1203	17755	14.76
1204	17998	14.95
1205	18178	15.09
1206	18199	15.09
1207	17712	14.67
1208	17919	14.83
1209	18183	15.04
1210	18062	14.93
1211	19688	16.26
1212	17907	14.77
1213	18221	15.02
1214	18602	15.32
1215	17953	14.78
1216	18261	15.02
1217	17967	14.76
1218	18183	14.93
1219	18115	14.86
1220	21167	17.35
1221	18251	14.95
1222	18162	14.86
1223	18089	14.79
1224	18182	14.85
1225	18463	15.07
1226	18344	14.96
1227	18291	14.91
1228	18221	14.84
1229	18312	14.90
1230	18163	14.77
1231	18372	14.92
1232	18210	14.78
1233	18240	14.79
1234	18147	14.71
1235	18631	15.09
1236	19487	15.77
1237	18512	14.97
1238	18501	14.94
1239	18557	14.98
1240	23385	18.86
1241	18785	15.14
1242	18615	14.99
1243	18622	14.98
1244	18769	15.09
1245	18589	14.93
1246	18339	14.72
1247	18226	14.62
1248	21240	17.02
1249	18482	14.80
1250	19227	15.38
1251	21400	17.11
1252	18468	14.75
1253	18459	14.73
1254	19427	15.49
1255	18785	14.97
1256	18546	14.77
1257	18931	15.06
1258	18647	14.82
1259	18544	14.73
1260	22598	17.93
1261	18779	14.89
1262	18883	14.96
1263	19551	15.48
1264	18899	14.95
1265	18890	14.93
1266	30974	24.47
1267	20822	16.43
1268	19491	15.37
1269	19993	15.75
1270	19210	15.13
1271	19004	14.95
1272	19398	15.25
1273	19265	15.13
1274	19195	15.07
1275	19164	15.03
1276	19077	14.95
1277	18708	14.65
1278	18854	14.75
1279	19252	15.05
1280	22660	17.70
1281	19284	15.05
1282	19104	14.90
1283	19227	14.99
1284	19454	15.15
1285	19135	14.89
1286	19020	14.79
1287	18955	14.73
1288	19074	14.81
1289	19274	14.95
1290	19085	14.79
1291	19217	14.89
1292	19316	14.95
1293	19355	14.97
1294	19123	14.78
1295	19234	14.85
1296	19204	14.82
1297	19073	14.71
1298	19549	15.06
1299	19643	15.12
1300	22598	17.38
1301	19435	14.94
1302	19552	15.02
1303	19682	15.11
1304	19537	14.98
1305	19324	14.81
1306	19566	14.98
1307	19685	15.06
1308	19341	14.79
1309	19461	14.87
1310	19614	14.97
1311	19467	14.85
1312	19518	14.88
1313	20897	15.92
1314	19541	14.87
1315	19574	14.89
1316	19304	14.67
1317	19602	14.88
1318	19561	14.84
1319	19858	15.06
1320	23285	17.64
1321	19833	15.01
1322	19664	14.87
1323	19758	14.93
1324	19770	14.93
1325	19446	14.68
1326	19531	14.73
1327	20724	15.62
1328	19943	15.02
1329	19884	14.96
1330	20404	15.34
1331	19989	15.02
1332	19642	14.75
1333	19666	14.75
1334	19561	14.66
1335	20005	14.99
1336	21296	15.94
1337	20125	15.05
1338	19707	14.73
1339	20492	15.30
1340	23315	17.40
1341	20357	15.18
1342	20061	14.95
1343	19887	14.81
1344	20444	15.21
1345	20227	15.04
1346	19721	14.65
1347	20234	15.02
1348	19698	14.61
1349	19802	14.68
1350	20355	15.08
1351	20236	14.98
1352	19932	14.74
1353	19974	14.76
1354	19961	14.74
1355	19973	14.74
1356	20069	14.80
1357	20184	14.87
1358	20329	14.97
1359	21378	15.73
1360	23027	16.93
1361	20312	14.92
1362	20682	15.19
1363	20375	14.95
1364	20414	14.97
1365	20127	14.75
1366	20364	14.91
1367	20426	14.94
1368	20430	14.93
1369	20463	14.95
1370	20854	15.22
1371	21126	15.41
1372	20731	15.11
1373	20390	14.85
1374	20471	14.90
1375	20312	14.77
1376	23217	16.87
1377	20466	14.86
1378	20582	14.94
1379	20352	14.76
1380	23237	16.84
1381	21834	15.81
1382	20352	14.73
1383	20808	15.05
1384	20809	15.04
1385	20363	14.70
1386	21459	15.48
1387	20578	14.84
1388	20522	14.79
1389	21324	15.35
1390	20444	14.71
1391	20760	14.92
1392	20988	15.08
1393	20876	14.99
1394	20950	15.03
1395	20840	14.94
1396	20886	14.96
1397	21759	15.58
1398	20650	14.77
1399	20924	14.96
1400	24582	17.56
1401	20941	14.95
1402	20827	14.86
1403	20908	14.90
1404	21010	14.96
1405	20742	14.76
1406	20734	14.75
1407	21982	15.62
1408	21312	15.14
1409	21258	15.09
1410	20929	14.84
1411	21583	15.30
1412	21608	15.30
1413	21844	15.46
1414	20948	14.81
1415	21044	14.87
1416	21280	15.03
1417	20843	14.71
1418	20910	14.75
1419	21501	15.15
1420	24255	17.08
1421	20969	14.76
1422	21090	14.83
1423	21306	14.97
1424	22902	16.08
1425	24331	17.07
1426	21682	15.20
1427	21343	14.96
1428	21497	15.05
1429	21496	15.04
1430	21149	14.79
1431	21608	15.10
1432	21563	15.06
1433	20890	14.58
1434	21068	14.69
1435	21506	14.99
1436	21326	14.85
1437	21321	14.84
1438	21125	14.69
1439	21307	14.81
1440	24533	17.04
1441	21338	14.81
1442	21404	14.84
1443	21436	14.86
1444	21564	14.93
1445	22018	15.24
1446	21643	14.97
1447	21480	14.84
1448	21394	14.77
1449	21545	14.87
1450	21893	15.10
1451	21914	15.10
1452	21465	14.78
1453	22079	15.20
1454	21478	14.77
1455	21808	14.99
1456	22465	15.43
1457	21742	14.92
1458	22243	15.26
1459	21683	14.86
1460	24811	16.99
1461	22850	15.64
1462	21976	15.03
1463	21856	14.94
1464	21570	14.73
1465	21821	14.89
1466	25121	17.14
1467	21697	14.79
1468	21688	14.77
1469	21749	14.81
1470	21904	14.90
1471	21799	14.82
1472	22043	14.97
1473	21811	14.81
1474	22285	15.12
1475	29817	20.21
1476	21994	14.90
1477	21940	14.85
1478	21737	14.71
1479	21873	14.79
1480	25295	17.09
1481	21819	14.73
1482	22078	14.90
1483	21918	14.78
1484	22085	14.88
1485	21911	14.75
1486	26307	17.70
1487	23082	15.52
1488	21966	14.76
1489	22325	14.99
1490	22207	14.90
1491	22162	14.86
1492	22277	14.93
1493	22173	14.85
1494	22856	15.30
1495	22203	14.85
1496	22051	14.74
1497	22314	14.91
1498	22176	14.80
1499	22572	15.06
1500	27987	18.66
1501	24612	16.40
1502	22405	14.92
1503	22631	15.06
1504	22421	14.91
1505	24713	16.42
1506	23390	15.53
1507	22123	14.68
1508	23258	15.42
1509	22447	14.88
1510	26430	17.50
1511	22844	15.12
1512	22420	14.83
1513	22773	15.05
1514	22270	14.71
1515	22223	14.67
1516	23229	15.32
1517	22191	14.63
1518	22903	15.09
1519	22614	14.89
1520	26110	17.18
1521	24246	15.94
1522	22839	15.01
1523	22604	14.84
1524	23570	15.47
1525	22938	15.04
1526	24872	16.30
1527	22698	14.86
1528	22579	14.78
1529	23277	15.22
1530	22974	15.02
1531	22516	14.71
1532	23030	15.03
1533	22865	14.92
1534	23430	15.27
1535	22840	14.88
1536	23185	15.09
1537	22710	14.78
1538	22901	14.89
1539	23334	15.16
1540	26279	17.06
1541	23140	15.02
1542	24155	15.66
1543	22781	14.76
1544	27755	17.98
1545	23279	15.07
1546	23780	15.38
1547	22757	14.71
1548	22859	14.77
1549	22981	14.84
1550	23229	14.99
1551	22704	14.64
1552	23174	14.93
1553	23053	14.84
1554	23870	15.36
1555	23014	14.80
1556	23869	15.34
1557	23120	14.85
1558	23479	15.07
1559	23303	14.95
1560	26451	16.96
1561	24203	15.50
1562	23540	15.07
1563	22944	14.68
1564	23250	14.87
1565	23515	15.03
1566	23170	14.80
1567	23370	14.91
1568	23506	14.99
1569	23140	14.75
1570	23348	14.87
1571	23430	14.91
1572	23279	14.81
1573	23344	14.84
1574	23310	14.81
1575	23374	14.84
1576	23778	15.09
1577	23692	15.02
1578	23131	14.66
1579	23757	15.05
1580	27108	17.16
1581	24128	15.26
1582	23701	14.98
1583	23623	14.92
1584	23898	15.09
1585	23931	15.10
1586	23678	14.93
1587	23459	14.78
1588	23769	14.97
1589	23987	15.10
1590	23904	15.03
1591	23790	14.95
1592	24020	15.09
1593	23851	14.97
1594	24003	15.06
1595	23802	14.92
1596	24014	15.05
1597	23964	15.01
1598	23693	14.83
1599	23618	14.77
1600	31496	19.68
1601	26215	16.37
1602	23864	14.90
1603	24058	15.01
1604	24033	14.98
1605	24251	15.11
1606	24102	15.01
1607	23990	14.93
1608	23937	14.89
1609	24313	15.11
1610	23828	14.80
1611	24325	15.10
1612	23983	14.88
1613	23716	14.70
1614	24009	14.88
1615	24098	14.92
1616	24064	14.89
1617	23939	14.80
1618	24499	15.14
1619	24857	15.35
1620	27189	16.78
1621	23882	14.73
1622	24350	15.01
1623	23997	14.79
1624	25605	15.77
1625	26332	16.20
1626	25293	15.56
1627	24216	14.88
1628	25489	15.66
1629	25109	15.41
1630	24381	14.96
1631	24288	14.89
1632	24699	15.13
1633	24121	14.77
1634	24429	14.95
1635	24830	15.19
1636	24318	14.86
1637	25170	15.38
1638	24530	14.98
1639	24113	14.71
1640	27356	16.68
1641	24502	14.93
1642	24404	14.86
1643	24554	14.94
1644	24728	15.04
1645	24302	14.77
1646	25398	15.43
1647	24560	14.91
1648	24631	14.95
1649	24796	15.04
1650	24643	14.94
1651	25216	15.27
1652	24641	14.92
1653	24636	14.90
1654	25209	15.24
1655	24375	14.73
1656	25575	15.44
1657	24705	14.91
1658	28978	17.48
1659	24550	14.80
1660	28138	16.95
1661	24611	14.82
1662	24603	14.80
1663	25279	15.20
1664	24727	14.86
1665	24960	14.99
1666	25128	15.08
1667	24850	14.91
1668	24435	14.65
1669	24575	14.72
1670	25232	15.11
1671	24821	14.85
1672	25117	15.02
1673	24770	14.81
1674	25410	15.18
1675	24876	14.85
1676	25119	14.99
1677	24987	14.90
1678	24472	14.58
1679	25565	15.23
1680	28721	17.10
1681	24950	14.84
1682	25074	14.91
1683	25335	15.05
1684	25156	14.94
1685	25321	15.03
1686	24973	14.81
1687	25051	14.85
1688	25465	15.09
1689	25130	14.88
1690	25518	15.10
1691	25166	14.88
1692	25577	15.12
1693	25124	14.84
1694	25216	14.89
1695	24771	14.61
1696	25662	15.13
1697	25240	14.87
1698	25409	14.96
1699	26011	15.31
1700	28556	16.80
1701	25544	15.02
1702	25475	14.97
1703	25722	15.10
1704	25797	15.14
1705	25396	14.90
1706	25955	15.21
1707	25558	14.97
1708	25767	15.09
1709	25201	14.75
1710	26612	15.56
1711	25300	14.79
1712	25818	15.08
1713	25270	14.75
1714	25240	14.73
1715	25303	14.75
1716	25604	14.92
1717	25700	14.97
1718	25855	15.05
1719	25646	14.92
1720	28655	16.66
1721	25563	14.85
1722	26024	15.11
1723	27276	15.83
1724	25907	15.03
1725	25437	14.75
1726	25758	14.92
1727	26227	15.19
1728	25915	15.00
1729	25589	14.80
1730	25774	14.90
1731	26029	15.04
1732	26579	15.35
1733	25484	14.71
1734	25799	14.88
1735	25639	14.78
1736	25830	14.88
1737	26102	15.03
1738	25391	14.61
1739	26288	15.12
1740	29178	16.77
1741	25877	14.86
1742	25650	14.72
1743	25701	14.75
1744	25934	14.87
1745	26623	15.26
1746	26425	15.13
1747	26103	14.94
1748	26199	14.99
1749	26045	14.89
1750	28807	16.46
1751	26083	14.90
1752	26072	14.88
1753	26087	14.88
1754	26456	15.08
1755	26117	14.88
1756	26064	14.84
1757	25960	14.78
1758	25943	14.76
1759	26174	14.88
1760	29034	16.50
1761	26739	15.18
1762	26181	14.86
1763	27417	15.55
1764	25881	14.67
1765	29990	16.99
1766	26159	14.81
1767	26093	14.77
1768	26020	14.72
1769	26676	15.08
1770	26572	15.01
1771	28114	15.87
1772	26191	14.78
1773	26553	14.98
1774	26447	14.91
1775	26526	14.94
1776	30228	17.02
1777	26452	14.89
1778	26394	14.84
1779	26617	14.96
1780	30575	17.18
1781	26291	14.76
1782	26503	14.87
1783	26829	15.05
1784	26745	14.99
1785	26413	14.80
1786	26975	15.10
1787	26276	14.70
1788	26140	14.62
1789	26916	15.05
1790	27184	15.19
1791	27111	15.14
1792	26735	14.92
1793	26612	14.84
1794	29186	16.27
1795	26697	14.87
1796	26714	14.87
1797	27575	15.35
1798	27091	15.07
1799	27411	15.24
1800	30342	16.86
1801	27031	15.01
1802	26883	14.92
1803	26917	14.93
1804	26570	14.73
1805	26818	14.86
1806	27205	15.06
1807	26604	14.72
1808	27216	15.05
1809	27143	15.00
1810	27222	15.04
1811	26800	14.80
1812	26962	14.88
1813	26782	14.77
1814	28913	15.94
1815	26806	14.77
1816	26746	14.73
1817	27136	14.93
1818	26955	14.83
1819	27404	15.07
1820	30285	16.64
1821	26978	14.81
1822	28276	15.52
1823	27280	14.96
1824	27431	15.04
1825	30126	16.51
1826	27021	14.80
1827	27320	14.95
1828	27460	15.02
1829	27370	14.96
1830	27576	15.07
1831	29303	16.00
1832	27075	14.78
1833	26879	14.66
1834	27232	14.85
1835	28586	15.58
1836	27056	14.74
1837	27070	14.74
1838	27599	15.02
1839	27038	14.70
1840	30439	16.54
1841	28232	15.34
1842	27693	15.03
1843	28167	15.28
1844	28243	15.32
1845	28296	15.34
1846	27831	15.08
1847	28623	15.50
1848	27390	14.82
1849	27436	14.84
1850	27223	14.72
1851	27467	14.84
1852	27162	14.67
1853	27179	14.67
1854	27498	14.83
1855	28331	15.27
1856	27715	14.93
1857	27199	14.65
1858	28078	15.11
1859	28539	15.35
1860	30921	16.62
1861	27337	14.69
1862	27987	15.03
1863	28210	15.14
1864	27899	14.97
1865	27301	14.64
1866	28536	15.29
1867	27440	14.70
1868	27512	14.73
1869	28223	15.10
1870	27992	14.97
1871	28349	15.15
1872	27883	14.89
1873	28260	15.09
1874	27944	14.91
1875	34046	18.16
1876	30648	16.34
1877	27717	14.77
1878	28040	14.93
1879	28046	14.93
1880	31117	16.55
1881	28255	15.02
1882	27734	14.74
1883	28238	15.00
1884	27935	14.83
1885	28098	14.91
1886	28634	15.18
1887	28537	15.12
1888	28275	14.98
1889	28212	14.93
1890	28213	14.93
1891	28097	14.86
1892	28390	15.01
1893	27976	14.78
1894	28336	14.96
1895	28566	15.07
1896	29168	15.38
1897	28480	15.01
1898	28562	15.05
1899	28455	14.98
1900	31817	16.75
1901	28292	14.88
1902	28240	14.85
1903	28406	14.93
1904	28516	14.98
1905	28222	14.81
1906	28387	14.89
1907	28682	15.04
1908	28689	15.04
1909	28611	14.99
1910	28767	15.06
1911	28125	14.72
1912	29501	15.43
1913	28678	14.99
1914	28724	15.01
1915	28526	14.90
1916	28789	15.03
1917	28819	15.03
1918	28388	14.80
1919	28421	14.81
1920	33200	17.29
1921	28511	14.84
1922	30053	15.64
1923	28497	14.82
1924	29107	15.13
1925	29130	15.13
1926	29054	15.09
1927	29009	15.05
1928	29319	15.21
1929	28667	14.86
1930	33360	17.28
1931	28624	14.82
1932	28696	14.85
1933	28525	14.76
1934	29262	15.13
1935	28603	14.78
1936	29417	15.19
1937	28993	14.97
1938	29786	15.37
1939	28910	14.91
1940	33235	17.13
1941	29222	15.06
1942	28840	14.85
1943	29419	15.14
1944	29538	15.19
1945	29375	15.10
1946	29114	14.96
1947	28865	14.83
1948	28622	14.69
1949	29154	14.96
1950	29053	14.90
1951	29085	14.91
1952	28846	14.78
1953	29721	15.22
1954	29231	14.96
1955	28936	14.80
1956	29160	14.91
1957	29370	15.01
1958	29492	15.06
1959	30546	15.59
1960	34862	17.79
1961	29459	15.02
1962	29793	15.19
1963	30386	15.48
1964	29062	14.80
1965	29137	14.83
1966	29858	15.19
1967	31238	15.88
1968	29518	15.00
1969	29552	15.01
1970	29261	14.85
1971	29743	15.09
1972	29504	14.96
1973	29953	15.18
1974	29828	15.11
1975	29269	14.82
1976	29381	14.87
1977	29602	14.97
1978	29426	14.88
1979	29650	14.98
1980	33506	16.92
1981	29192	14.74
1982	30391	15.33
1983	29861	15.06
1984	29172	14.70
1985	30116	15.17
1986	33948	17.09
1987	29595	14.89
1988	30853	15.52
1989	30771	15.47
1990	30072	15.11
1991	30609	15.37
1992	30451	15.29
1993	30240	15.17
1994	31966	16.03
1995	29847	14.96
1996	29943	15.00
1997	29337	14.69
1998	29039	14.53
1999	30001	15.01
2000	29993	15.00
2001	32695	16.34
2002	29836	14.90
2003	29374	14.67
2004	30098	15.02
2005	30482	15.20
2006	32072	15.99
2007	30222	15.06
2008	30679	15.28
2009	30171	15.02
2010	29895	14.87
2011	30763	15.30
2012	30341	15.08
2013	30814	15.31
2014	30191	14.99
2015	30747	15.26
2016	30620	15.19
2017	30409	15.08
2018	30360	15.04
2019	31521	15.61
2020	33977	16.82
2021	30089	14.89
2022	29988	14.83
2023	30469	15.06
2024	30325	14.98
2025	30494	15.06
2026	40904	20.19
2027	30678	15.13
2028	30085	14.83
2029	30665	15.11
2030	31161	15.35
2031	30663	15.10
2032	30474	15.00
2033	30528	15.02
2034	30840	15.16
2035	30696	15.08
2036	30463	14.96
2037	30653	15.05
2038	30435	14.93
2039	30588	15.00
2040	36335	17.81
2041	30959	15.17
2042	31170	15.26
2043	30681	15.02
2044	30658	15.00
2045	33471	16.37
2046	31862	15.57
2047	30695	15.00
2048	30612	14.95
2049	33795	16.49
2050	30779	15.01
2051	31089	15.16
2052	30094	14.67
2053	31280	15.24
2054	30637	14.92
2055	31230	15.20
2056	30550	14.86
2057	30844	14.99
2058	31007	15.07
2059	30547	14.84
2060	34487	16.74
2061	31195	15.14
2062	30491	14.79
2063	31373	15.21
2064	30758	14.90
2065	30523	14.78
2066	31139	15.07
2067	30840	14.92
2068	30865	14.93
2069	31805	15.37
2070	31040	15.00
2071	31247	15.09
2072	31052	14.99
2073	31580	15.23
2074	31409	15.14
2075	30900	14.89
2076	30761	14.82
2077	31409	15.12
2078	31500	15.16
2079	31310	15.06
2080	33832	16.27
2081	31357	15.07
2082	31674	15.21
2083	31450	15.10
2084	31073	14.91
2085	31685	15.20
2086	31902	15.29
2087	30809	14.76
2088	31981	15.32
2089	31517	15.09
2090	31185	14.92
2091	31361	15.00
2092	31386	15.00
2093	30736	14.69
2094	31262	14.93
2095	30910	14.75
2096	31715	15.13
2097	32418	15.46
2098	30954	14.75
2099	31083	14.81
2100	42928	20.44
2101	31247	14.87
2102	31387	14.93
2103	31678	15.06
2104	31793	15.11
2105	31827	15.12
2106	31546	14.98
2107	31504	14.95
2108	31248	14.82
2109	31304	14.84
2110	31653	15.00
2111	31343	14.85
2112	31265	14.80
2113	31542	14.93
2114	31760	15.02
2115	31375	14.83
2116	31490	14.88
2117	32041	15.14
2118	33567	15.85
2119	31233	14.74
2120	35818	16.90
2121	31774	14.98
2122	32177	15.16
2123	31682	14.92
2124	31388	14.78
2125	34166	16.08
2126	32052	15.08
2127	36871	17.33
2128	32550	15.30
2129	32122	15.09
2130	31734	14.90
2131	32761	15.37
2132	31584	14.81
2133	31786	14.90
2134	32235	15.11
2135	32050	15.01
2136	31797	14.89
2137	32206	15.07
2138	31642	14.80
2139	31924	14.92
2140	35727	16.69
2141	31899	14.90
2142	33572	15.67
2143	31633	14.76
2144	31884	14.87
2145	31886	14.87
2146	32089	14.95
2147	33218	15.47
2148	31636	14.73
2149	32211	14.99
2150	32058	14.91
2151	32250	14.99
2152	31908	14.83
2153	31700	14.72
2154	32208	14.95
2155	32297	14.99
2156	32228	14.95
2157	32498	15.07
2158	33072	15.33
2159	32089	14.86
2160	35038	16.22
2161	32235	14.92
2162	32012	14.81
2163	32512	15.03
2164	32487	15.01
2165	32277	14.91
2166	32079	14.81
2167	32474	14.99
2168	32018	14.77
2169	32075	14.79
2170	32013	14.75
2171	33262	15.32
2172	32449	14.94
2173	32384	14.90
2174	32400	14.90
2175	32475	14.93
2176	36058	16.57
2177	32767	15.05
2178	32452	14.90
2179	32742	15.03
2180	35015	16.06
2181	33098	15.18
2182	32846	15.05
2183	32930	15.08
2184	33027	15.12
2185	32709	14.97
2186	33062	15.12
2187	32581	14.90
2188	32991	15.08
2189	32547	14.87
2190	32536	14.86
2191	32388	14.78
2192	32767	14.95
2193	32808	14.96
2194	32820	14.96
2195	32976	15.02
2196	32805	14.94
2197	34442	15.68
2198	32598	14.83
2199	33094	15.05
2200	37625	17.10
2201	33031	15.01
2202	32831	14.91
2203	33255	15.10
2204	32742	14.86
2205	33155	15.04
2206	32808	14.87
2207	32976	14.94
2208	33104	14.99
2209	33326	15.09
2210	32574	14.74
2211	33161	15.00
2212	37371	16.89
2213	33926	15.33
2214	32713	14.78
2215	33234	15.00
2216	32976	14.88
2217	33006	14.89
2218	33001	14.88
2219	32883	14.82
2220	36437	16.41
2221	33107	14.91
2222	33256	14.97
2223	33190	14.93
2224	33722	15.16
2225	36053	16.20
2226	33676	15.13
2227	33166	14.89
2228	33215	14.91
2229	33181	14.89
2230	32981	14.79
2231	33173	14.87
2232	33862	15.17
2233	33480	14.99
2234	32968	14.76
2235	33555	15.01
2236	33412	14.94
2237	33667	15.05
2238	33137	14.81
2239	33830	15.11
2240	37060	16.54
2241	33633	15.01
2242	33630	15.00
2243	33107	14.76
2244	33716	15.02
2245	33360	14.86
2246	33333	14.84
2247	33619	14.96
2248	33374	14.85
2249	34118	15.17
2250	36347	16.15
2251	33880	15.05
2252	33158	14.72
2253	34860	15.47
2254	33497	14.86
2255	33659	14.93
2256	33661	14.92
2257	33612	14.89
2258	34079	15.09
2259	33709	14.92
2260	36949	16.35
2261	33790	14.94
2262	33316	14.73
2263	34419	15.21
2264	33726	14.90
2265	33695	14.88
2266	34042	15.02
2267	34415	15.18
2268	34316	15.13
2269	33458	14.75
2270	33940	14.95
2271	34274	15.09
2272	33944	14.94
2273	33792	14.87
2274	33496	14.73
2275	33818	14.87
2276	34021	14.95
2277	34164	15.00
2278	34030	14.94
2279	33802	14.83
2280	37548	16.47
2281	33768	14.80
2282	34507	15.12
2283	34218	14.99
2284	38014	16.64
2285	34145	14.94
2286	33973	14.86
2287	33698	14.73
2288	34220	14.96
2289	34768	15.19
2290	34280	14.97
2291	34453	15.04
2292	33749	14.72
2293	35058	15.29
2294	34416	15.00
2295	34352	14.97
2296	34507	15.03
2297	33759	14.70
2298	33880	14.74
2299	34600	15.05
2300	37528	16.32
2301	34225	14.87
2302	33969	14.76
2303	34159	14.83
2304	33891	14.71
2305	34218	14.85
2306	34126	14.80
2307	35178	15.25
2308	33702	14.60
2309	34720	15.04
2310	33868	14.66
2311	34103	14.76
2312	34970	15.13
2313	34443	14.89
2314	33998	14.69
2315	34527	14.91
2316	34952	15.09
2317	34575	14.92
2318	34117	14.72
2319	34800	15.01
2320	38426	16.56
2321	35403	15.25
2322	35155	15.14
2323	34604	14.90
2324	34353	14.78
2325	34743	14.94
2326	34269	14.73
2327	34776	14.94
2328	34580	14.85
2329	34393	14.77
2330	34967	15.01
2331	34324	14.73
2332	35299	15.14
2333	35137	15.06
2334	34438	14.75
2335	34667	14.85
2336	34483	14.76
2337	34416	14.73
2338	34932	14.94
2339	34856	14.90
2340	38550	16.47
2341	35546	15.18
2342	34670	14.80
2343	34953	14.92
2344	34628	14.77
2345	38604	16.46
2346	35538	15.15
2347	35671	15.20
2348	34688	14.77
2349	35048	14.92
2350	35295	15.02
2351	34780	14.79
2352	36099	15.35
2353	34700	14.75
2354	35309	15.00
2355	35026	14.87
2356	35161	14.92
2357	35490	15.06
2358	35872	15.21
2359	36166	15.33
2360	39813	16.87
2361	36141	15.31
2362	35219	14.91
2363	35420	14.99
2364	35271	14.92
2365	35266	14.91
2366	35462	14.99
2367	35325	14.92
2368	34811	14.70
2369	35587	15.02
2370	36086	15.23
2371	35503	14.97
2372	35974	15.17
2373	35462	14.94
2374	35035	14.76
2375	38273	16.11
2376	35326	14.87
2377	35862	15.09
2378	36039	15.16
2379	35131	14.77
2380	38123	16.02
2381	36191	15.20
2382	35102	14.74
2383	35150	14.75
2384	36016	15.11
2385	35263	14.79
2386	35086	14.70
2387	35324	14.80
2388	36033	15.09
2389	36545	15.30
2390	36146	15.12
2391	36240	15.16
2392	36862	15.41
2393	36273	15.16
2394	36739	15.35
2395	36655	15.30
2396	36737	15.33
2397	37459	15.63
2398	44866	18.71
2399	35683	14.87
2400	43123	17.97
2401	38063	15.85
2402	36224	15.08
2403	35732	14.87
2404	35964	14.96
2405	35633	14.82
2406	36222	15.05
2407	35602	14.79
2408	35891	14.90
2409	36659	15.22
2410	35845	14.87
2411	35911	14.89
2412	35900	14.88
2413	35788	14.83
2414	36082	14.95
2415	36311	15.04
2416	35665	14.76
2417	36182	14.97
2418	36036	14.90
2419	36368	15.03
2420	39959	16.51
2421	36558	15.10
2422	39048	16.12
2423	37054	15.29
2424	36234	14.95
2425	36310	14.97
2426	37422	15.43
2427	36163	14.90
2428	36786	15.15
2429	36111	14.87
2430	36693	15.10
2431	36499	15.01
2432	36414	14.97
2433	36309	14.92
2434	36563	15.02
2435	36733	15.09
2436	36502	14.98
2437	36569	15.01
2438	36194	14.85
2439	36835	15.10
2440	40725	16.69
2441	36517	14.96
2442	36608	14.99
2443	36759	15.05
2444	36373	14.88
2445	36744	15.03
2446	36099	14.76
2447	37965	15.51
2448	37260	15.22
2449	36300	14.82
2450	36996	15.10
2451	37005	15.10
2452	36648	14.95
2453	37412	15.25
2454	36397	14.83
2455	36631	14.92
2456	36325	14.79
2457	36959	15.04
2458	36908	15.02
2459	46579	18.94
2460	41384	16.82
2461	37658	15.30
2462	37418	15.20
2463	36750	14.92
2464	37061	15.04
2465	37453	15.19
2466	39732	16.11
2467	36811	14.92
2468	36947	14.97
2469	37267	15.09
2470	36857	14.92
2471	36841	14.91
2472	37464	15.16
2473	36782	14.87
2474	37817	15.29
2475	36652	14.81
2476	37308	15.07
2477	36906	14.90
2478	37458	15.12
2479	36623	14.77
2480	42015	16.94
2481	36858	14.86
2482	37504	15.11
2483	37681	15.18
2484	38256	15.40
2485	36948	14.87
2486	37395	15.04
2487	38503	15.48
2488	36950	14.85
2489	37160	14.93
2490	37049	14.88
2491	37091	14.89
2492	37686	15.12
2493	36902	14.80
2494	37916	15.20
2495	37121	14.88
2496	36750	14.72
2497	36777	14.73
2498	36800	14.73
2499	36608	14.65
2500	38240	15.30
2501	39571	15.82
2502	36719	14.68
2503	36851	14.72
2504	37030	14.79
2505	36800	14.69
2506	37337	14.90
2507	38221	15.25
2508	38092	15.19
2509	37922	15.11
2510	37822	15.07
2511	36589	14.57
2512	38059	15.15
2513	37552	14.94
2514	37056	14.74
2515	46396	18.45
2516	37238	14.80
2517	38400	15.26
2518	37151	14.75
2519	37456	14.87
2520	45062	17.88
2521	37496	14.87
2522	38011	15.07
2523	36885	14.62
2524	37591	14.89
2525	36816	14.58
2526	38700	15.32
2527	37605	14.88
2528	37594	14.87
2529	38013	15.03
2530	38386	15.17
2531	38206	15.10
2532	38356	15.15
2533	38075	15.03
2534	38481	15.19
2535	37284	14.71
2536	37678	14.86
2537	38250	15.08
2538	38285	15.08
2539	37855	14.91
2540	41380	16.29
2541	37555	14.78
2542	37886	14.90
2543	37696	14.82
2544	42740	16.80
2545	38122	14.98
2546	37427	14.70
2547	38079	14.95
2548	38113	14.96
2549	37956	14.89
2550	38142	14.96
2551	37874	14.85
2552	38162	14.95
2553	38084	14.92
2554	38196	14.96
2555	38660	15.13
2556	37580	14.70
2557	38409	15.02
2558	38461	15.04
2559	38003	14.85
2560	41748	16.31
2561	37988	14.83
2562	38403	14.99
2563	38189	14.90
2564	38518	15.02
2565	38223	14.90
2566	38219	14.89
2567	38015	14.81
2568	38015	14.80
2569	39792	15.49
2570	38840	15.11
2571	38386	14.93
2572	38082	14.81
2573	38916	15.12
2574	38020	14.77
2575	39292	15.26
2576	42465	16.48
2577	38976	15.12
2578	38392	14.89
2579	37997	14.73
2580	40914	15.86
2581	39073	15.14
2582	38785	15.02
2583	38400	14.87
2584	38125	14.75
2585	38363	14.84
2586	38204	14.77
2587	38769	14.99
2588	38736	14.97
2589	39086	15.10
2590	38550	14.88
2591	39079	15.08
2592	43082	16.62
2593	39639	15.29
2594	38188	14.72
2595	39286	15.14
2596	38445	14.81
2597	38644	14.88
2598	38834	14.95
2599	38550	14.83
2600	42837	16.48
2601	39135	15.05
2602	38407	14.76
2603	38710	14.87
2604	38856	14.92
2605	40137	15.41
2606	39046	14.98
2607	39320	15.08
2608	39482	15.14
2609	38793	14.87
2610	38943	14.92
2611	38817	14.87
2612	38546	14.76
2613	40447	15.48
2614	39808	15.23
2615	43782	16.74
2616	39016	14.91
2617	39327	15.03
2618	39423	15.06
2619	40085	15.31
2620	42515	16.23
2621	39009	14.88
2622	39229	14.96
2623	39580	15.09
2624	39190	14.94
2625	42067	16.03
2626	39947	15.21
2627	39642	15.09
2628	38954	14.82
2629	40331	15.34
2630	39398	14.98
2631	39459	15.00
2632	39313	14.94
2633	38810	14.74
2634	40178	15.25
2635	39043	14.82
2636	39099	14.83
2637	39500	14.98
2638	38911	14.75
2639	39593	15.00
2640	43601	16.52
2641	39960	15.13
2642	39248	14.86
2643	40045	15.15
2644	39858	15.07
2645	40239	15.21
2646	41297	15.61
2647	39593	14.96
2648	39321	14.85
2649	38912	14.69
2650	39057	14.74
2651	39452	14.88
2652	39240	14.80
2653	41137	15.51
2654	40488	15.26
2655	40471	15.24
2656	40691	15.32
2657	40347	15.19
2658	40142	15.10
2659	40757	15.33
2660	43435	16.33
2661	39944	15.01
2662	39223	14.73
2663	39330	14.77
2664	40521	15.21
2665	39492	14.82
2666	39589	14.85
2667	40294	15.11
2668	40673	15.24
2669	40074	15.01
2670	39311	14.72
2671	39325	14.72
2672	40204	15.05
2673	40561	15.17
2674	39494	14.77
2675	39520	14.77
2676	40117	14.99
2677	39824	14.88
2678	40451	15.10
2679	39818	14.86
2680	43579	16.26
2681	39915	14.89
2682	39934	14.89
2683	40208	14.99
2684	40179	14.97
2685	40502	15.08
2686	39958	14.88
2687	40167	14.95
2688	41180	15.32
2689	40018	14.88
2690	40326	14.99
2691	40594	15.09
2692	39494	14.67
2693	40185	14.92
2694	39971	14.84
2695	40029	14.85
2696	41238	15.30
2697	40300	14.94
2698	40216	14.91
2699	39702	14.71
2700	44026	16.31
2701	40508	15.00
2702	40445	14.97
2703	40157	14.86
2704	41389	15.31
2705	40296	14.90
2706	41271	15.25
2707	40696	15.03
2708	40292	14.88
2709	40392	14.91
2710	40453	14.93
2711	42192	15.56
2712	40365	14.88
2713	40840	15.05
2714	42008	15.48
2715	41126	15.15
2716	40502	14.91
2717	40753	15.00
2718	40190	14.79
2719	40406	14.86
2720	44982	16.54
2721	40969	15.06
2722	40462	14.86
2723	41204	15.13
2724	40763	14.96
2725	41346	15.17
2726	40785	14.96
2727	40515	14.86
2728	40658	14.90
2729	41402	15.17
2730	41238	15.11
2731	41346	15.14
2732	41446	15.17
2733	40669	14.88
2734	42319	15.48
2735	40870	14.94
2736	40616	14.85
2737	40837	14.92
2738	41080	15.00
2739	41114	15.01
2740	43697	15.95
2741	41140	15.01
2742	41245	15.04
2743	40942	14.93
2744	41202	15.02
2745	41438	15.10
2746	42247	15.38
2747	41072	14.95
2748	42158	15.34
2749	42660	15.52
2750	44786	16.29
2751	42524	15.46
2752	42179	15.33
2753	46188	16.78
2754	41700	15.14
2755	42815	15.54
2756	42050	15.26
2757	41766	15.15
2758	41575	15.07
2759	42235	15.31
2760	44385	16.08
2761	41249	14.94
2762	44367	16.06
2763	42414	15.35
2764	42070	15.22
2765	42285	15.29
2766	41883	15.14
2767	41820	15.11
2768	41199	14.88
2769	41317	14.92
2770	41464	14.97
2771	41294	14.90
2772	41409	14.94
2773	42004	15.15
2774	41335	14.90
2775	41244	14.86
2776	41443	14.93
2777	41443	14.92
2778	41432	14.91
2779	41590	14.97
2780	45929	16.52
2781	41637	14.97
2782	41713	14.99
2783	41124	14.78
2784	43006	15.45
2785	41393	14.86
2786	41451	14.88
2787	41600	14.93
2788	41594	14.92
2789	41544	14.90
2790	41650	14.93
2791	41754	14.96
2792	42526	15.23
2793	41698	14.93
2794	41749	14.94
2795	43695	15.63
2796	42247	15.11
2797	42112	15.06
2798	41623	14.88
2799	41762	14.92
2800	48706	17.39
2801	44149	15.76
2802	42094	15.02
2803	41539	14.82
2804	41542	14.82
2805	41634	14.84
2806	42993	15.32
2807	41874	14.92
2808	42008	14.96
2809	43571	15.51
2810	41353	14.72
2811	42160	15.00
2812	42367	15.07
2813	42118	14.97
2814	42577	15.13
2815	42158	14.98
2816	45886	16.29
2817	43668	15.50
2818	43135	15.31
2819	42360	15.03
2820	46114	16.35
2821	42698	15.14
2822	42790	15.16
2823	42397	15.02
2824	42756	15.14
2825	42153	14.92
2826	42753	15.13
2827	43216	15.29
2828	41961	14.84
2829	42791	15.13
2830	42714	15.09
2831	42682	15.08
2832	42378	14.96
2833	42165	14.88
2834	42696	15.07
2835	43686	15.41
2836	41996	14.81
2837	42847	15.10
2838	43254	15.24
2839	43351	15.27
2840	45495	16.02
2841	42854	15.08
2842	42702	15.03
2843	42265	14.87
2844	42615	14.98
2845	42593	14.97
2846	43088	15.14
2847	43677	15.34
2848	42373	14.88
2849	43698	15.34
2850	42738	15.00
2851	42655	14.96
2852	42382	14.86
2853	42779	14.99
2854	42684	14.96
2855	43183	15.13
2856	42703	14.95
2857	43466	15.21
2858	42955	15.03
2859	43760	15.31
2860	46605	16.30
2861	42866	14.98
2862	42823	14.96
2863	43107	15.06
2864	42955	15.00
2865	42910	14.98
2866	42417	14.80
2867	42837	14.94
2868	43030	15.00
2869	42660	14.87
2870	44995	15.68
2871	42746	14.89
2872	43050	14.99
2873	42545	14.81
2874	43365	15.09
2875	42674	14.84
2876	42805	14.88
2877	43203	15.02
2878	42745	14.85
2879	43262	15.03
2880	46902	16.29
2881	43802	15.20
2882	43166	14.98
2883	43584	15.12
2884	43028	14.92
2885	42977	14.90
2886	42934	14.88
2887	43440	15.05
2888	42626	14.76
2889	42999	14.88
2890	43115	14.92
2891	43226	14.95
2892	43089	14.90
2893	44098	15.24
2894	43658	15.09
2895	43680	15.09
2896	43356	14.97
2897	43177	14.90
2898	43193	14.90
2899	43597	15.04
2900	50308	17.35
2901	42796	14.75
2902	43813	15.10
2903	43095	14.84
2904	43593	15.01
2905	43196	14.87
2906	43366	14.92
2907	43821	15.07
2908	43694	15.03
2909	43155	14.83
2910	43692	15.01
2911	43583	14.97
2912	45426	15.60
2913	43564	14.96
2914	43457	14.91
2915	43389	14.88
2916	43578	14.94
2917	43766	15.00
2918	43641	14.96
2919	43863	15.03
2920	46875	16.05
2921	44274	15.16
2922	43800	14.99
2923	45356	15.52
2924	43319	14.81
2925	43626	14.91
2926	43773	14.96
2927	43637	14.91
2928	43650	14.91
2929	43734	14.93
2930	44115	15.06
2931	43653	14.89
2932	43879	14.97
2933	44376	15.13
2934	43609	14.86
2935	44638	15.21
2936	47838	16.29
2937	44125	15.02
2938	43673	14.86
2939	43657	14.85
2940	47170	16.04
2941	44152	15.01
2942	44308	15.06
2943	43999	14.95
2944	43683	14.84
2945	43875	14.90
2946	44517	15.11
2947	43752	14.85
2948	44082	14.95
2949	44114	14.96
2950	43858	14.87
2951	44227	14.99
2952	43924	14.88
2953	44189	14.96
2954	46048	15.59
2955	44583	15.09
2956	44345	15.00
2957	44475	15.04
2958	43843	14.82
2959	44252	14.96
2960	47310	15.98
2961	44889	15.16
2962	43840	14.80
2963	44551	15.04
2964	48248	16.28
2965	44217	14.91
2966	44303	14.94
2967	44457	14.98
2968	44115	14.86
2969	44606	15.02
2970	44868	15.11
2971	44599	15.01
2972	44046	14.82
2973	44569	14.99
2974	44705	15.03
2975	44475	14.95
2976	48608	16.33
2977	45082	15.14
2978	44680	15.00
2979	44436	14.92
2980	47385	15.90
2981	44639	14.97
2982	44514	14.93
2983	52406	17.57
2984	49254	16.51
2985	44887	15.04
2986	45301	15.17
2987	44931	15.04
2988	44680	14.95
2989	45023	15.06
2990	44879	15.01
2991	44778	14.97
2992	45285	15.14
2993	44839	14.98
2994	44995	15.03
2995	44795	14.96
2996	44433	14.83
2997	44406	14.82
2998	44481	14.84
2999	44006	14.67
3000	59920	19.97
3001	46394	15.46
3002	45096	15.02
3003	45689	15.21
3004	45026	14.99
3005	45396	15.11
3006	44436	14.78
3007	45825	15.24
3008	44797	14.89
3009	45942	15.27
3010	45366	15.07
3011	46304	15.38
3012	45311	15.04
3013	45761	15.19
3014	45488	15.09
3015	45160	14.98
3016	45299	15.02
3017	46048	15.26
3018	45731	15.15
3019	45199	14.97
3020	48682	16.12
3021	45910	15.20
3022	45183	14.95
3023	45184	14.95
3024	45536	15.06
3025	48043	15.88
3026	45708	15.11
3027	45851	15.15
3028	45186	14.92
3029	45195	14.92
3030	45223	14.93
3031	45276	14.94
3032	45674	15.06
3033	45413	14.97
3034	45451	14.98
3035	47265	15.57
3036	45680	15.05
3037	45967	15.14
3038	46602	15.34
3039	45333	14.92
3040	48770	16.04
3041	45925	15.10
3042	45509	14.96
3043	46104	15.15
3044	45394	14.91
3045	45409	14.91
3046	45838	15.05
3047	45829	15.04
3048	45927	15.07
3049	45936	15.07
3050	45659	14.97
3051	45587	14.94
3052	46589	15.27
3053	46503	15.23
3054	45309	14.84
3055	45765	14.98
3056	46250	15.13
3057	45628	14.93
3058	46797	15.30
3059	45927	15.01
3060	49587	16.20
3061	46475	15.18
3062	45876	14.98
3063	46022	15.03
3064	45745	14.93
3065	45677	14.90
3066	45623	14.88
3067	53972	17.60
3068	47147	15.37
3069	46509	15.15
3070	46230	15.06
3071	46538	15.15
3072	46880	15.26
3073	45790	14.90
3074	48539	15.79
3075	46882	15.25
3076	47165	15.33
3077	47721	15.51
3078	46337	15.05
3079	46457	15.09
3080	50357	16.35
3081	47665	15.47
3082	51356	16.66
3083	46440	15.06
3084	46414	15.05
3085	46688	15.13
3086	46398	15.03
3087	46645	15.11
3088	46336	15.01
3089	47168	15.27
3090	46391	15.01
3091	47502	15.37
3092	46374	15.00
3093	46439	15.01
3094	46518	15.03
3095	46603	15.06
3096	48514	15.67
3097	46254	14.94
3098	47062	15.19
3099	46683	15.06
3100	49454	15.95
3101	46897	15.12
3102	46134	14.87
3103	46914	15.12
3104	45996	14.82
3105	51162	16.48
3106	48000	15.45
3107	47075	15.15
3108	46610	15.00
3109	47207	15.18
3110	46797	15.05
3111	46642	14.99
3112	48417	15.56
3113	47380	15.22
3114	46799	15.03
3115	47749	15.33
3116	46480	14.92
3117	48884	15.68
3118	47075	15.10
3119	47799	15.33
3120	50961	16.33
3121	47799	15.32
3122	46988	15.05
3123	46823	14.99
3124	47221	15.12
3125	55532	17.77
3126	46852	14.99
3127	46849	14.98
3128	46976	15.02
3129	47578	15.21
3130	46956	15.00
3131	47886	15.29
3132	47326	15.11
3133	54130	17.28
3134	48797	15.57
3135	48318	15.41
3136	48075	15.33
3137	47177	15.04
3138	47048	14.99
3139	48261	15.37
3140	50650	16.13
3141	46853	14.92
3142	47823	15.22
3143	46949	14.94
3144	47629	15.15
3145	46936	14.92
3146	46905	14.91
3147	47317	15.04
3148	46962	14.92
3149	46733	14.84
3150	49131	15.60
3151	47515	15.08
3152	48133	15.27
3153	47944	15.21
3154	47207	14.97
3155	47172	14.95
3156	47830	15.16
3157	47771	15.13
3158	46983	14.88
3159	47645	15.08
3160	50668	16.03
3161	48504	15.34
3162	48330	15.28
3163	47738	15.09
3164	47498	15.01
3165	46913	14.82
3166	47548	15.02
3167	46861	14.80
3168	47791	15.09
3169	47303	14.93
3170	47227	14.90
3171	47492	14.98
3172	47820	15.08
3173	47048	14.83
3174	47177	14.86
3175	47581	14.99
3176	47610	14.99
3177	47459	14.94
3178	48476	15.25
3179	48030	15.11
3180	51896	16.32
3181	48198	15.15
3182	47693	14.99
3183	47514	14.93
3184	47480	14.91
3185	52990	16.64
3186	48516	15.23
3187	48816	15.32
3188	47635	14.94
3189	48368	15.17
3190	47815	14.99
3191	48309	15.14
3192	48950	15.34
3193	47807	14.97
3194	48144	15.07
3195	48190	15.08
3196	47979	15.01
3197	47959	15.00
3198	48167	15.06
3199	48165	15.06
3200	54432	17.01
3201	51637	16.13
3202	47667	14.89
3203	47625	14.87
3204	48289	15.07
3205	47848	14.93
3206	49709	15.50
3207	48375	15.08
3208	47896	14.93
3209	48358	15.07
3210	49744	15.50
3211	48531	15.11
3212	50331	15.67
3213	48239	15.01
3214	48351	15.04
3215	48477	15.08
3216	48201	14.99
3217	48684	15.13
3218	48871	15.19
3219	47754	14.84
3220	52695	16.36
3221	49080	15.24
3222	48744	15.13
3223	52305	16.23
3224	49155	15.25
3225	48542	15.05
3226	48242	14.95
3227	48698	15.09
3228	48427	15.00
3229	48858	15.13
3230	48628	15.06
3231	48674	15.06
3232	48341	14.96
3233	49138	15.20
3234	48192	14.90
3235	48296	14.93
3236	48008	14.84
3237	48761	15.06
3238	48515	14.98
3239	49214	15.19
3240	53001	16.36
3241	49893	15.39
3242	48630	15.00
3243	48436	14.94
3244	48343	14.90
3245	48701	15.01
3246	48343	14.89
3247	48654	14.98
3248	48644	14.98
3249	48883	15.05
3250	52640	16.20
3251	49145	15.12
3252	49144	15.11
3253	50321	15.47
3254	48973	15.05
3255	48255	14.82
3256	48502	14.90
3257	49134	15.09
3258	48660	14.94
3259	48950	15.02
3260	52131	15.99
3261	50355	15.44
3262	48939	15.00
3263	50249	15.40
3264	49181	15.07
3265	48964	15.00
3266	48813	14.95
3267	48894	14.97
3268	49014	15.00
3269	49204	15.05
3270	50140	15.33
3271	48942	14.96
3272	49259	15.05
3273	49435	15.10
3274	48732	14.88
3275	49535	15.13
3276	49348	15.06
3277	48977	14.95
3278	49485	15.10
3279	50021	15.25
3280	52999	16.16
3281	49216	15.00
3282	49005	14.93
3283	49756	15.16
3284	49225	14.99
3285	49323	15.01
3286	49519	15.07
3287	51760	15.75
3288	51339	15.61
3289	49014	14.90
3290	49755	15.12
3291	49509	15.04
3292	50090	15.22
3293	50108	15.22
3294	49339	14.98
3295	49869	15.13
3296	49501	15.02
3297	56306	17.08
3298	52312	15.86
3299	51469	15.60
3300	53116	16.10
3301	49159	14.89
3302	50602	15.32
3303	49501	14.99
3304	49005	14.83
3305	49740	15.05
3306	49025	14.83
3307	50196	15.18
3308	49731	15.03
3309	54825	16.57
3310	53204	16.07
3311	50314	15.20
3312	49884	15.06
3313	52001	15.70
3314	49887	15.05
3315	49056	14.80
3316	50255	15.16
3317	50676	15.28
3318	49421	14.89
3319	49212	14.83
3320	53582	16.14
3321	50408	15.18
3322	50121	15.09
3323	50276	15.13
3324	49995	15.04
3325	49809	14.98
3326	50606	15.22
3327	50871	15.29
3328	51561	15.49
3329	51126	15.36
3330	51587	15.49
3331	50847	15.26
3332	50763	15.23
3333	50423	15.13
3334	50583	15.17
3335	51205	15.35
3336	50481	15.13
3337	50661	15.18
3338	51790	15.52
3339	51244	15.35
3340	53593	16.05
3341	49474	14.81
3342	49588	14.84
3343	49620	14.84
3344	50092	14.98
3345	51780	15.48
3346	51942	15.52
3347	49269	14.72
3348	50321	15.03
3349	49929	14.91
3350	51155	15.27
3351	51060	15.24
3352	50184	14.97
3353	50868	15.17
3354	51843	15.46
3355	50341	15.00
3356	50381	15.01
3357	51393	15.31
3358	50042	14.90
3359	50883	15.15
3360	54113	16.11
3361	50066	14.90
3362	51982	15.46
3363	50380	14.98
3364	68024	20.22
3365	50568	15.03
3366	52724	15.66
3367	51208	15.21
3368	50768	15.07
3369	50819	15.08
3370	53046	15.74
3371	55182	16.37
3372	51463	15.26
3373	50475	14.96
3374	51041	15.13
3375	52094	15.44
3376	53778	15.93
3377	51614	15.28
3378	52914	15.66
3379	50778	15.03
3380	55265	16.35
3381	58707	17.36
3382	51172	15.13
3383	51616	15.26
3384	50767	15.00
3385	51819	15.31
3386	50250	14.84
3387	50568	14.93
3388	51620	15.24
3389	50933	15.03
3390	52159	15.39
3391	51467	15.18
3392	50615	14.92
3393	50382	14.85
3394	51755	15.25
3395	50879	14.99
3396	52060	15.33
3397	51698	15.22
3398	54119	15.93
3399	51631	15.19
3400	55367	16.28
3401	51999	15.29
3402	51982	15.28
3403	51853	15.24
3404	51903	15.25
3405	52204	15.33
3406	52444	15.40
3407	52123	15.30
3408	61463	18.03
3409	52444	15.38
3410	52295	15.34
3411	51386	15.06
3412	51837	15.19
3413	55974	16.40
3414	52798	15.47
3415	52705	15.43
3416	51741	15.15
3417	51522	15.08
3418	52263	15.29
3419	50952	14.90
3420	54537	15.95
3421	52010	15.20
3422	51683	15.10
3423	52047	15.21
3424	51815	15.13
3425	54794	16.00
3426	51871	15.14
3427	51744	15.10
3428	51975	15.16
3429	51864	15.13
3430	56297	16.41
3431	51897	15.13
3432	53178	15.49
3433	51308	14.95
3434	51445	14.98
3435	51763	15.07
3436	51779	15.07
3437	51754	15.06
3438	51928	15.10
3439	52073	15.14
3440	54502	15.84
3441	52936	15.38
3442	51829	15.06
3443	51577	14.98
3444	51371	14.92
3445	52576	15.26
3446	51214	14.86
3447	52127	15.12
3448	52843	15.33
3449	51780	15.01
3450	51391	14.90
3451	52581	15.24
3452	51668	14.97
3453	51857	15.02
3454	51997	15.05
3455	52310	15.14
3456	65065	18.83
3457	51883	15.01
3458	52346	15.14
3459	52006	15.03
3460	55125	15.93
3461	51785	14.96
3462	51978	15.01
3463	52258	15.09
3464	56091	16.19
3465	52427	15.13
3466	51475	14.85
3467	52407	15.12
3468	52387	15.11
3469	52110	15.02
3470	52404	15.10
3471	52320	15.07
3472	52272	15.06
3473	52369	15.08
3474	52498	15.11
3475	51826	14.91
3476	52375	15.07
3477	52911	15.22
3478	53828	15.48
3479	52658	15.14
3480	55581	15.97
3481	51976	14.93
3482	53394	15.33
3483	52381	15.04
3484	52431	15.05
3485	52642	15.11
3486	52648	15.10
3487	52422	15.03
3488	52226	14.97
3489	52240	14.97
3490	52500	15.04
3491	53181	15.23
3492	56331	16.13
3493	52906	15.15
3494	52538	15.04
3495	52454	15.01
3496	52204	14.93
3497	52721	15.08
3498	52267	14.94
3499	52032	14.87
3500	61902	17.69
3501	53441	15.26
3502	52063	14.87
3503	53146	15.17
3504	52395	14.95
3505	52740	15.05
3506	52235	14.90
3507	53031	15.12
3508	52364	14.93
3509	53888	15.36
3510	52210	14.87
3511	53000	15.10
3512	52450	14.93
3513	52850	15.04
3514	52322	14.89
3515	52644	14.98
3516	52347	14.89
3517	53982	15.35
3518	52632	14.96
3519	52557	14.94
3520	57745	16.40
3521	53385	15.16
3522	52398	14.88
3523	52494	14.90
3524	52903	15.01
3525	52765	14.97
3526	53387	15.14
3527	52586	14.91
3528	52882	14.99
3529	52812	14.97
3530	53069	15.03
3531	52798	14.95
3532	53765	15.22
3533	53200	15.06
3534	53464	15.13
3535	56435	15.96
3536	53013	14.99
3537	53287	15.07
3538	52615	14.87
3539	53184	15.03
3540	56482	15.96
3541	52939	14.95
3542	52576	14.84
3543	53703	15.16
3544	53146	15.00
3545	53300	15.04
3546	53805	15.17
3547	53251	15.01
3548	53614	15.11
3549	53212	14.99
3550	53485	15.07
3551	59917	16.87
3552	53455	15.05
3553	52799	14.86
3554	53368	15.02
3555	53273	14.99
3556	54092	15.21
3557	52989	14.90
3558	53326	14.99
3559	53453	15.02
3560	57671	16.20
3561	53312	14.97
3562	53992	15.16
3563	53499	15.02
3564	53641	15.05
3565	53583	15.03
3566	54319	15.23
3567	53858	15.10
3568	54108	15.16
3569	54616	15.30
3570	53462	14.98
3571	53393	14.95
3572	54246	15.19
3573	53549	14.99
3574	53697	15.02
3575	54096	15.13
3576	54170	15.15
3577	54675	15.29
3578	53646	14.99
3579	53709	15.01
3580	57939	16.18
3581	53769	15.02
3582	53519	14.94
3583	53683	14.98
3584	54195	15.12
3585	53709	14.98
3586	55139	15.38
3587	54172	15.10
3588	53809	15.00
3589	53830	15.00
3590	53720	14.96
3591	54269	15.11
3592	55375	15.42
3593	53896	15.00
3594	56068	15.60
3595	53974	15.01
3596	53913	14.99
3597	53923	14.99
3598	53719	14.93
3599	53819	14.95
3600	60987	16.94
3601	56508	15.69
3602	55129	15.31
3603	54049	15.00
3604	53950	14.97
3605	53983	14.97
3606	53947	14.96
3607	53957	14.96
3608	54124	15.00
3609	54211	15.02
3610	54146	15.00
3611	54858	15.19
3612	54122	14.98
3613	54305	15.03
3614	54724	15.14
3615	54283	15.02
3616	55146	15.25
3617	54664	15.11
3618	54210	14.98
3619	55521	15.34
3620	59244	16.37
3621	54568	15.07
3622	54801	15.13
3623	54330	15.00
3624	54978	15.17
3625	57472	15.85
3626	54748	15.10
3627	54947	15.15
3628	54843	15.12
3629	56646	15.61
3630	55196	15.21
3631	58011	15.98
3632	54470	15.00
3633	56111	15.44
3634	56275	15.49
3635	54398	14.97
3636	55318	15.21
3637	55496	15.26
3638	56217	15.45
3639	54359	14.94
3640	58545	16.08
3641	55084	15.13
3642	55036	15.11
3643	54714	15.02
3644	62310	17.10
3645	54748	15.02
3646	55465	15.21
3647	56252	15.42
3648	54696	14.99
3649	55782	15.29
3650	56103	15.37
3651	55808	15.29
3652	55364	15.16
3653	55814	15.28
3654	55434	15.17
3655	55903	15.29
3656	55732	15.24
3657	55684	15.23
3658	54629	14.93
3659	54488	14.89
3660	58315	15.93
3661	55744	15.23
3662	54700	14.94
3663	55968	15.28
3664	56117	15.32
3665	55491	15.14
3666	59597	16.26
3667	56164	15.32
3668	56602	15.43
3669	55870	15.23
3670	55792	15.20
3671	54468	14.84
3672	55531	15.12
3673	56261	15.32
3674	55290	15.05
3675	55323	15.05
3676	54911	14.94
3677	56338	15.32
3678	56437	15.34
3679	54940	14.93
3680	58126	15.80
3681	54906	14.92
3682	55539	15.08
3683	55618	15.10
3684	55260	15.00
3685	55585	15.08
3686	55415	15.03
3687	62401	16.92
3688	58168	15.77
3689	55892	15.15
3690	56234	15.24
3691	55408	15.01
3692	56377	15.27
3693	55450	15.01
3694	55908	15.13
3695	55466	15.01
3696	56604	15.31
3697	56004	15.15
3698	56045	15.16
3699	55817	15.09
3700	60169	16.26
3701	55563	15.01
3702	56083	15.15
3703	60042	16.21
3704	56686	15.30
3705	55919	15.09
3706	55582	15.00
3707	55955	15.09
3708	55820	15.05
3709	56547	15.25
3710	59218	15.96
3711	56830	15.31
3712	55979	15.08
3713	55219	14.87
3714	57760	15.55
3715	55969	15.07
3716	55299	14.88
3717	56000	15.07
3718	56995	15.33
3719	56438	15.18
3720	66827	17.96
3721	56413	15.16
3722	56444	15.16
3723	56010	15.04
3724	55790	14.98
3725	55758	14.97
3726	56522	15.17
3727	55976	15.02
3728	57305	15.37
3729	55938	15.00
3730	56646	15.19
3731	55828	14.96
3732	56197	15.06
3733	56403	15.11
3734	56434	15.11
3735	57241	15.33
3736	57497	15.39
3737	56508	15.12
3738	55864	14.94
3739	56587	15.13
3740	59316	15.86
3741	56097	15.00
3742	55738	14.90
3743	57520	15.37
3744	56242	15.02
3745	56135	14.99
3746	56444	15.07
3747	56620	15.11
3748	55732	14.87
3749	56033	14.95
3750	72416	19.31
3751	55966	14.92
3752	56093	14.95
3753	56463	15.04
3754	56066	14.94
3755	56568	15.06
3756	56885	15.15
3757	56734	15.10
3758	56162	14.94
3759	57181	15.21
3760	60185	16.01
3761	56990	15.15
3762	56970	15.14
3763	56473	15.01
3764	57339	15.23
3765	57223	15.20
3766	56666	15.05
3767	57180	15.18
3768	57253	15.19
3769	56873	15.09
3770	56108	14.88
3771	56472	14.98
3772	57555	15.26
3773	57856	15.33
3774	56611	15.00
3775	56715	15.02
3776	61140	16.19
3777	56637	15.00
3778	58376	15.45
3779	56895	15.06
3780	60447	15.99
3781	57089	15.10
3782	57099	15.10
3783	56682	14.98
3784	57212	15.12
3785	56932	15.04
3786	57662	15.23
3787	57315	15.13
3788	56410	14.89
3789	57648	15.21
3790	57166	15.08
3791	57329	15.12
3792	58920	15.54
3793	57407	15.13
3794	57565	15.17
3795	57588	15.17
3796	56842	14.97
3797	56950	15.00
3798	57140	15.04
3799	58140	15.30
3800	64935	17.09
3801	56797	14.94
3802	57250	15.06
3803	57458	15.11
3804	57753	15.18
3805	57371	15.08
3806	57346	15.07
3807	57271	15.04
3808	58939	15.48
3809	57007	14.97
3810	56858	14.92
3811	57412	15.06
3812	57543	15.10
3813	58045	15.22
3814	57536	15.09
3815	57493	15.07
3816	62637	16.41
3817	57618	15.10
3818	57658	15.10
3819	57595	15.08
3820	60657	15.88
3821	58089	15.20
3822	57538	15.05
3823	58522	15.31
3824	57394	15.01
3825	61706	16.13
3826	58544	15.30
3827	58152	15.20
3828	57837	15.11
3829	57472	15.01
3830	58010	15.15
3831	58431	15.25
3832	57546	15.02
3833	57846	15.09
3834	57733	15.06
3835	57801	15.07
3836	57488	14.99
3837	57884	15.09
3838	58419	15.22
3839	58851	15.33
3840	60988	15.88
3841	57814	15.05
3842	59411	15.46
3843	57752	15.03
3844	58541	15.23
3845	62605	16.28
3846	58829	15.30
3847	58807	15.29
3848	62230	16.17
3849	58069	15.09
3850	57850	15.03
3851	58951	15.31
3852	58545	15.20
3853	58231	15.11
3854	58513	15.18
3855	58465	15.17
3856	59472	15.42
3857	58375	15.13
3858	58581	15.18
3859	58027	15.04
3860	61663	15.97
3861	58139	15.06
3862	59331	15.36
3863	62436	16.16
3864	58399	15.11
3865	58292	15.08
3866	57852	14.96
3867	59020	15.26
3868	58560	15.14
3869	58337	15.08
3870	58404	15.09
3871	58714	15.17
3872	58854	15.20
3873	58562	15.12
3874	58571	15.12
3875	61119	15.77
3876	58757	15.16
3877	58369	15.06
3878	57987	14.95
3879	63473	16.36
3880	61873	15.95
3881	58694	15.12
3882	58176	14.99
3883	58088	14.96
3884	58651	15.10
3885	58156	14.97
3886	59999	15.44
3887	58773	15.12
3888	58111	14.95
3889	63408	16.30
3890	58562	15.05
3891	58906	15.14
3892	58977	15.15
3893	58448	15.01
3894	58370	14.99
3895	58729	15.08
3896	58699	15.07
3897	58706	15.06
3898	58806	15.09
3899	58950	15.12
3900	64880	16.64
3901	58810	15.08
3902	59932	15.36
3903	59074	15.14
3904	58556	15.00
3905	58856	15.07
3906	58615	15.01
3907	59583	15.25
3908	58692	15.02
3909	58678	15.01
3910	64970	16.62
3911	58502	14.96
3912	58762	15.02
3913	59729	15.26
3914	58083	14.84
3915	59054	15.08
3916	59568	15.21
3917	58742	15.00
3918	60282	15.39
3919	60774	15.51
3920	63346	16.16
3921	63831	16.28
3922	58841	15.00
3923	59272	15.11
3924	59851	15.25
3925	59346	15.12
3926	63701	16.23
3927	59047	15.04
3928	59921	15.25
3929	60658	15.44
3930	59923	15.25
3931	59276	15.08
3932	59723	15.19
3933	60331	15.34
3934	59824	15.21
3935	59169	15.04
3936	59258	15.06
3937	60006	15.24
3938	59707	15.16
3939	60118	15.26
3940	63797	16.19
3941	59934	15.21
3942	60112	15.25
3943	59987	15.21
3944	64523	16.36
3945	59475	15.08
3946	59799	15.15
3947	59564	15.09
3948	59557	15.09
3949	59623	15.10
3950	59967	15.18
3951	59892	15.16
3952	59603	15.08
3953	59930	15.16
3954	59820	15.13
3955	59623	15.08
3956	59680	15.09
3957	59723	15.09
3958	63864	16.14
3959	59357	14.99
3960	64146	16.20
3961	61133	15.43
3962	61756	15.59
3963	61109	15.42
3964	59997	15.14
3965	59726	15.06
3966	63309	15.96
3967	61984	15.62
3968	61620	15.53
3969	61166	15.41
3970	61555	15.51
3971	61348	15.45
3972	67102	16.89
3973	63800	16.06
3974	59259	14.91
3975	59653	15.01
3976	59138	14.87
3977	59424	14.94
3978	60361	15.17
3979	60181	15.12
3980	64332	16.16
3981	59654	14.98
3982	59304	14.89
3983	59524	14.94
3984	58933	14.79
3985	60100	15.08
3986	59413	14.91
3987	59325	14.88
3988	66435	16.66
3989	59640	14.95
3990	58783	14.73
3991	58878	14.75
3992	59522	14.91
3993	60040	15.04
3994	61151	15.31
3995	61095	15.29
3996	61510	15.39
3997	58659	14.68
3998	58926	14.74
3999	59154	14.79
4000	86032	21.51
