N	Total Time	Average CPE
1	79	79.00
2	78	39.00
3	561	187.00
4	86	21.50
5	80	16.00
6	89	14.83
7	99	14.14
8	106	13.25
9	115	12.78
10	122	12.20
11	132	12.00
12	180	15.00
13	148	11.38
14	158	11.29
15	199	13.27
16	194	12.12
17	276	16.24
18	266	14.78
19	278	14.63
20	288	14.40
21	295	14.05
22	303	13.77
23	310	13.48
24	320	13.33
25	329	13.16
26	358	13.77
27	394	14.59
28	653	23.32
29	643	22.17
30	408	13.60
31	398	12.84
32	411	12.84
33	464	14.06
34	470	13.82
35	483	13.80
36	487	13.53
37	497	13.43
38	505	13.29
39	519	13.31
40	523	13.07
41	549	13.39
42	533	12.69
43	538	12.51
44	558	12.68
45	575	12.78
46	569	12.37
47	586	12.47
48	585	12.19
49	592	12.08
50	604	12.08
51	610	11.96
52	617	11.87
53	638	12.04
54	633	11.72
55	644	11.71
56	651	11.62
57	659	11.56
58	670	11.55
59	674	11.42
60	685	11.42
61	703	11.52
62	743	11.98
63	708	11.24
64	724	11.31
65	889	13.68
66	782	11.85
67	1503	22.43
68	1005	14.78
69	886	12.84
70	817	11.67
71	820	11.55
72	830	11.53
73	1014	13.89
74	844	11.41
75	854	11.39
76	867	11.41
77	1337	17.36
78	888	11.38
79	885	11.20
80	893	11.16
81	917	11.32
82	926	11.29
83	919	11.07
84	975	11.61
85	940	11.06
86	946	11.00
87	954	10.97
88	970	11.02
89	967	10.87
90	980	10.89
91	987	10.85
92	1363	14.82
93	1006	10.82
94	1012	10.77
95	1029	10.83
96	1034	10.77
97	1041	10.73
98	1044	10.65
99	1063	10.74
100	1343	13.43
101	1067	10.56
102	1154	11.31
103	1090	10.58
104	1095	10.53
105	1347	12.83
106	1111	10.48
107	1122	10.49
108	1131	10.47
109	1137	10.43
110	1300	11.82
111	1156	10.41
112	1206	10.77
113	1182	10.46
114	1190	10.44
115	1197	10.41
116	1194	10.29
117	1209	10.33
118	1256	10.64
119	1221	10.26
120	1227	10.22
121	1242	10.26
122	1260	10.33
123	1264	10.28
124	1268	10.23
125	1267	10.14
126	1457	11.56
127	1298	10.22
128	1314	10.27
129	1626	12.60
130	1366	10.51
131	1372	10.47
132	1376	10.42
133	1416	10.65
134	1391	10.38
135	1400	10.37
136	1564	11.50
137	1416	10.34
138	1471	10.66
139	1599	11.50
140	1439	10.28
141	1843	13.07
142	1505	10.60
143	1465	10.24
144	1474	10.24
145	1530	10.55
146	1498	10.26
147	1506	10.24
148	1526	10.31
149	1514	10.16
150	1535	10.23
151	1813	12.01
152	1571	10.34
153	1551	10.14
154	1557	10.11
155	1564	10.09
156	1583	10.15
157	1630	10.38
158	1605	10.16
159	1638	10.30
160	1618	10.11
161	1625	10.09
162	1639	10.12
163	1632	10.01
164	1647	10.04
165	2001	12.13
166	1664	10.02
167	1660	9.94
168	1670	9.94
169	1718	10.17
170	1707	10.04
171	1713	10.02
172	1720	10.00
173	2241	12.95
174	1738	9.99
175	1745	9.97
176	1742	9.90
177	1756	9.92
178	1749	9.83
179	1798	10.04
180	1771	9.84
181	2602	14.38
182	2020	11.10
183	1882	10.28
184	1986	10.79
185	1810	9.78
186	2176	11.70
187	1836	9.82
188	1837	9.77
189	1886	9.98
190	1853	9.75
191	1855	9.71
192	1873	9.76
193	1877	9.73
194	2060	10.62
195	1903	9.76
196	1924	9.82
197	1911	9.70
198	1924	9.72
199	2023	10.17
200	2214	11.07
201	1943	9.67
202	1949	9.65
203	2125	10.47
204	1976	9.69
205	2413	11.77
206	2159	10.48
207	1994	9.63
208	2030	9.76
209	2061	9.86
210	2015	9.60
211	2031	9.63
212	2044	9.64
213	2048	9.62
214	2066	9.65
215	2067	9.61
216	2073	9.60
217	2118	9.76
218	2084	9.56
219	3179	14.52
220	2102	9.55
221	2132	9.65
222	2134	9.61
223	2141	9.60
224	2141	9.56
225	2191	9.74
226	2155	9.54
227	2159	9.51
228	2166	9.50
229	2343	10.23
230	2184	9.50
231	2565	11.10
232	2203	9.50
233	2207	9.47
234	2503	10.70
235	2236	9.51
236	2244	9.51
237	2236	9.43
238	2385	10.02
239	2663	11.14
240	2280	9.50
241	2288	9.49
242	2325	9.61
243	2290	9.42
244	2307	9.45
245	2548	10.40
246	2465	10.02
247	2339	9.47
248	2335	9.42
249	2366	9.50
250	2358	9.43
251	2501	9.96
252	2612	10.37
253	2380	9.41
254	2408	9.48
255	2391	9.38
256	2394	9.35
257	2784	10.83
258	2493	9.66
259	2487	9.60
260	2477	9.53
261	2643	10.13
262	2949	11.26
263	2500	9.51
264	2556	9.68
265	2528	9.54
266	2529	9.51
267	2535	9.49
268	2556	9.54
269	2888	10.74
270	2610	9.67
271	2628	9.70
272	2578	9.48
273	2589	9.48
274	2602	9.50
275	2618	9.52
276	2975	10.78
277	2622	9.47
278	2679	9.64
279	2648	9.49
280	3412	12.19
281	2666	9.49
282	2713	9.62
283	3058	10.81
284	2683	9.45
285	2735	9.60
286	2719	9.51
287	2709	9.44
288	2915	10.12
289	2731	9.45
290	2731	9.42
291	2747	9.44
292	2790	9.55
293	2759	9.42
294	2777	9.45
295	2773	9.40
296	2785	9.41
297	2784	9.37
298	2837	9.52
299	2811	9.40
300	2831	9.44
301	3085	10.25
302	2835	9.39
303	2849	9.40
304	2913	9.58
305	2878	9.44
306	3892	12.72
307	2873	9.36
308	2870	9.32
309	3248	10.51
310	2885	9.31
311	2938	9.45
312	2913	9.34
313	2920	9.33
314	2950	9.39
315	2952	9.37
316	2953	9.34
317	2989	9.43
318	2966	9.33
319	3014	9.45
320	2986	9.33
321	3003	9.36
322	3001	9.32
323	3050	9.44
324	3013	9.30
325	3426	10.54
326	3181	9.76
327	3080	9.42
328	3050	9.30
329	3092	9.40
330	3324	10.07
331	3112	9.40
332	3246	9.78
333	3101	9.31
334	3091	9.25
335	3141	9.38
336	3115	9.27
337	3127	9.28
338	3295	9.75
339	3162	9.33
340	3228	9.49
341	3166	9.28
342	3181	9.30
343	3180	9.27
344	3681	10.70
345	3203	9.28
346	3251	9.40
347	3212	9.26
348	3213	9.23
349	3241	9.29
350	3568	10.19
351	3254	9.27
352	3293	9.36
353	3666	10.39
354	3280	9.27
355	3649	10.28
356	3356	9.43
357	3444	9.65
358	3297	9.21
359	3345	9.32
360	3487	9.69
361	3789	10.50
362	3340	9.23
363	3391	9.34
364	3467	9.52
365	3525	9.66
366	3379	9.23
367	3375	9.20
368	3437	9.34
369	3404	9.22
370	3415	9.23
371	3921	10.57
372	3431	9.22
373	3488	9.35
374	3446	9.21
375	3460	9.23
376	3453	9.18
377	3467	9.20
378	3509	9.28
379	3479	9.18
380	3495	9.20
381	3518	9.23
382	3879	10.15
383	3524	9.20
384	3569	9.29
385	3529	9.17
386	3696	9.58
387	3927	10.15
388	3567	9.19
389	3609	9.28
390	3602	9.24
391	3754	9.60
392	3938	10.05
393	3608	9.18
394	3656	9.28
395	4057	10.27
396	3775	9.53
397	3980	10.03
398	3651	9.17
399	3716	9.31
400	3683	9.21
401	3680	9.18
402	3696	9.19
403	3703	9.19
404	3728	9.23
405	3707	9.15
406	3711	9.14
407	4107	10.09
408	3763	9.22
409	3733	9.13
410	3751	9.15
411	3928	9.56
412	3770	9.15
413	3794	9.19
414	3772	9.11
415	3780	9.11
416	3800	9.13
417	4147	9.94
418	3840	9.19
419	4025	9.61
420	3986	9.49
421	4186	9.94
422	3846	9.11
423	3903	9.23
424	3866	9.12
425	3870	9.11
426	4216	9.90
427	3922	9.19
428	3883	9.07
429	3909	9.11
430	4074	9.47
431	4272	9.91
432	3974	9.20
433	3937	9.09
434	4094	9.43
435	4298	9.88
436	3954	9.07
437	4012	9.18
438	3971	9.07
439	4165	9.49
440	4336	9.85
441	4041	9.16
442	3999	9.05
443	4007	9.05
444	4031	9.08
445	4035	9.07
446	4064	9.11
447	4042	9.04
448	4060	9.06
449	4558	10.15
450	4129	9.18
451	4449	9.86
452	4228	9.35
453	4433	9.79
454	4148	9.14
455	4114	9.04
456	4133	9.06
457	4339	9.49
458	4143	9.05
459	4189	9.13
460	4180	9.09
461	4326	9.38
462	4182	9.05
463	4464	9.64
464	4193	9.04
465	4362	9.38
466	4669	10.02
467	4271	9.15
468	4710	10.06
469	4366	9.31
470	4579	9.74
471	4264	9.05
472	4291	9.09
473	4264	9.01
474	4413	9.31
475	4275	9.00
476	4372	9.18
477	4301	9.02
478	4317	9.03
479	4322	9.02
480	4777	9.95
481	4327	9.00
482	4350	9.02
483	4367	9.04
484	4375	9.04
485	5192	10.71
486	4758	9.79
487	4399	9.03
488	5393	11.05
489	4398	8.99
490	4934	10.07
491	4421	9.00
492	4451	9.05
493	4474	9.08
494	4624	9.36
495	4456	9.00
496	4488	9.05
497	4460	8.97
498	4866	9.77
499	4471	8.96
500	4563	9.13
501	4921	9.82
502	4658	9.28
503	4516	8.98
504	4548	9.02
505	4554	9.02
506	4561	9.01
507	4549	8.97
508	4613	9.08
509	4568	8.97
510	4593	9.01
511	4605	9.01
512	4608	9.00
513	4787	9.33
514	4673	9.09
515	4702	9.13
516	5119	9.92
517	4856	9.39
518	5079	9.81
519	4740	9.13
520	4688	9.02
521	4893	9.39
522	4721	9.04
523	4780	9.14
524	4745	9.06
525	4759	9.06
526	5140	9.77
527	4817	9.14
528	4784	9.06
529	4780	9.04
530	5129	9.68
531	4822	9.08
532	5260	9.89
533	4829	9.06
534	4853	9.09
535	4839	9.04
536	5039	9.40
537	4872	9.07
538	4923	9.15
539	4870	9.04
540	5024	9.30
541	4874	9.01
542	4904	9.05
543	4891	9.01
544	5074	9.33
545	4986	9.15
546	5446	9.97
547	4927	9.01
548	4946	9.03
549	4995	9.10
550	4946	8.99
551	5104	9.26
552	4987	9.03
553	5015	9.07
554	4998	9.02
555	5167	9.31
556	5044	9.07
557	5007	8.99
558	5178	9.28
559	5027	8.99
560	5060	9.04
561	5058	9.02
562	5490	9.77
563	5111	9.08
564	5071	8.99
565	5093	9.01
566	5099	9.01
567	5121	9.03
568	5262	9.26
569	5658	9.94
570	5121	8.98
571	5206	9.12
572	5296	9.26
573	5151	8.99
574	5172	9.01
575	5528	9.61
576	5652	9.81
577	5231	9.07
578	5186	8.97
579	5200	8.98
580	5573	9.61
581	5220	8.98
582	5214	8.96
583	5823	9.99
584	5234	8.96
585	5217	8.92
586	5242	8.95
587	5242	8.93
588	5262	8.95
589	5262	8.93
590	5601	9.49
591	5298	8.96
592	5326	9.00
593	5486	9.25
594	5299	8.92
595	5356	9.00
596	5334	8.95
597	5771	9.67
598	5382	9.00
599	5335	8.91
600	5781	9.63
601	5520	9.18
602	5925	9.84
603	5809	9.63
604	5654	9.36
605	5460	9.02
606	5797	9.57
607	5848	9.63
608	5561	9.15
609	5691	9.34
610	5609	9.20
611	5474	8.96
612	6040	9.87
613	5632	9.19
614	5496	8.95
615	5503	8.95
616	6451	10.47
617	5508	8.93
618	5695	9.22
619	5514	8.91
620	5530	8.92
621	5598	9.01
622	6132	9.86
623	5696	9.14
624	5581	8.94
625	5829	9.33
626	5771	9.22
627	5581	8.90
628	5737	9.14
629	5752	9.14
630	5603	8.89
631	5700	9.03
632	5645	8.93
633	5851	9.24
634	5673	8.95
635	5706	8.99
636	6153	9.67
637	5718	8.98
638	6058	9.50
639	5853	9.16
640	5892	9.21
641	5708	8.90
642	6117	9.53
643	5759	8.96
644	6204	9.63
645	5740	8.90
646	5752	8.90
647	5978	9.24
648	5897	9.10
649	5883	9.06
650	6071	9.34
651	5862	9.00
652	5797	8.89
653	5824	8.92
654	6003	9.18
655	5823	8.89
656	5893	8.98
657	5841	8.89
658	5842	8.88
659	5899	8.95
660	5880	8.91
661	6195	9.37
662	5938	8.97
663	6041	9.11
664	6116	9.21
665	6433	9.67
666	5931	8.91
667	5936	8.90
668	6384	9.56
669	5940	8.88
670	5947	8.88
671	6394	9.53
672	6118	9.10
673	6295	9.35
674	6458	9.58
675	6169	9.14
676	5993	8.87
677	6042	8.92
678	6020	8.88
679	5985	8.81
680	6044	8.89
681	6024	8.85
682	6028	8.84
683	6077	8.90
684	6230	9.11
685	6059	8.85
686	6789	9.90
687	6241	9.08
688	6078	8.83
689	6546	9.50
690	6250	9.06
691	6350	9.19
692	6132	8.86
693	6134	8.85
694	6176	8.90
695	6147	8.84
696	6160	8.85
697	6163	8.84
698	6534	9.36
699	6314	9.03
700	6618	9.45
701	6184	8.82
702	6206	8.84
703	6243	8.88
704	6384	9.07
705	6220	8.82
706	6277	8.89
707	6424	9.09
708	6701	9.46
709	6275	8.85
710	6251	8.80
711	6298	8.86
712	6292	8.84
713	6307	8.85
714	6376	8.93
715	6342	8.87
716	6472	9.04
717	6387	8.91
718	6332	8.82
719	6501	9.04
720	6429	8.93
721	6372	8.84
722	6374	8.83
723	6775	9.37
724	6630	9.16
725	6407	8.84
726	6452	8.89
727	6426	8.84
728	6498	8.93
729	6581	9.03
730	6439	8.82
731	6460	8.84
732	6457	8.82
733	6650	9.07
734	6907	9.41
735	6485	8.82
736	6612	8.98
737	6493	8.81
738	6644	9.00
739	6557	8.87
740	6525	8.82
741	6531	8.81
742	6706	9.04
743	6619	8.91
744	6572	8.83
745	6946	9.32
746	6725	9.01
747	6640	8.89
748	6605	8.83
749	6600	8.81
750	6653	8.87
751	6654	8.86
752	6624	8.81
753	6708	8.91
754	6711	8.90
755	6670	8.83
756	6657	8.81
757	6672	8.81
758	6671	8.80
759	7083	9.33
760	6688	8.80
761	6706	8.81
762	6862	9.01
763	6784	8.89
764	6706	8.78
765	6912	9.04
766	7145	9.33
767	6796	8.86
768	6865	8.94
769	6872	8.94
770	6769	8.79
771	6787	8.80
772	6803	8.81
773	6804	8.80
774	7705	9.95
775	6812	8.79
776	6892	8.88
777	7190	9.25
778	6979	8.97
779	6994	8.98
780	6850	8.78
781	6884	8.81
782	7139	9.13
783	10754	13.73
784	7640	9.74
785	9876	12.58
786	8396	10.68
787	6934	8.81
788	6980	8.86
789	7002	8.87
790	6952	8.80
791	7021	8.88
792	6972	8.80
793	7336	9.25
794	7326	9.23
795	7218	9.08
796	7372	9.26
797	7257	9.11
798	7214	9.04
799	7424	9.29
800	7020	8.78
801	7102	8.87
802	7193	8.97
803	7434	9.26
804	7442	9.26
805	7083	8.80
806	7110	8.82
807	7237	8.97
808	7091	8.78
809	7511	9.28
810	7100	8.77
811	7165	8.83
812	7634	9.40
813	7882	9.69
814	7579	9.31
815	7304	8.96
816	7164	8.78
817	7405	9.06
818	7168	8.76
819	7585	9.26
820	7194	8.77
821	7215	8.79
822	7710	9.38
823	7219	8.77
824	7641	9.27
825	7227	8.76
826	7322	8.86
827	7801	9.43
828	7282	8.79
829	7403	8.93
830	7268	8.76
831	7672	9.23
832	7574	9.10
833	7666	9.20
834	7674	9.20
835	7503	8.99
836	7803	9.33
837	7457	8.91
838	7352	8.77
839	8072	9.62
840	7387	8.79
841	7574	9.01
842	8128	9.65
843	7443	8.83
844	7610	9.02
845	7509	8.89
846	7825	9.25
847	7447	8.79
848	7493	8.84
849	7638	9.00
850	7482	8.80
851	7486	8.80
852	7502	8.81
853	7930	9.30
854	7690	9.00
855	7534	8.81
856	7729	9.03
857	7546	8.81
858	7552	8.80
859	7552	8.79
860	8238	9.58
861	7727	8.97
862	7582	8.80
863	7739	8.97
864	7625	8.83
865	7753	8.96
866	7598	8.77
867	8013	9.24
868	7634	8.79
869	7688	8.85
870	7792	8.96
871	8138	9.34
872	7830	8.98
873	7840	8.98
874	8095	9.26
875	7716	8.82
876	8055	9.20
877	7872	8.98
878	7732	8.81
879	8064	9.17
880	8116	9.22
881	8115	9.21
882	8101	9.18
883	8128	9.20
884	7923	8.96
885	7860	8.88
886	7992	9.02
887	7774	8.76
888	7798	8.78
889	8337	9.38
890	7873	8.85
891	7824	8.78
892	7859	8.81
893	8084	9.05
894	7835	8.76
895	8032	8.97
896	7833	8.74
897	7884	8.79
898	8613	9.59
899	8314	9.25
900	7904	8.78
901	8366	9.29
902	7920	8.78
903	7948	8.80
904	7928	8.77
905	7979	8.82
906	8075	8.91
907	8420	9.28
908	8448	9.30
909	7968	8.77
910	7987	8.78
911	8054	8.84
912	7992	8.76
913	8255	9.04
914	8040	8.80
915	8343	9.12
916	8036	8.77
917	8449	9.21
918	8037	8.75
919	8082	8.79
920	8049	8.75
921	8110	8.81
922	8063	8.75
923	8071	8.74
924	8082	8.75
925	8507	9.20
926	8091	8.74
927	8364	9.02
928	8175	8.81
929	8221	8.85
930	8146	8.76
931	8303	8.92
932	9177	9.85
933	8277	8.87
934	8541	9.14
935	11585	12.39
936	8260	8.82
937	8328	8.89
938	8289	8.84
939	8386	8.93
940	8269	8.80
941	8594	9.13
942	8602	9.13
943	8268	8.77
944	8419	8.92
945	8630	9.13
946	8267	8.74
947	8695	9.18
948	8506	8.97
949	8643	9.11
950	8291	8.73
951	8353	8.78
952	8826	9.27
953	8365	8.78
954	8321	8.72
955	8354	8.75
956	8346	8.73
957	8471	8.85
958	8938	9.33
959	8346	8.70
960	8401	8.75
961	8561	8.91
962	8455	8.79
963	8863	9.20
964	8409	8.72
965	8560	8.87
966	8426	8.72
967	8930	9.23
968	8444	8.72
969	8623	8.90
970	8479	8.74
971	8831	9.09
972	8627	8.88
973	8822	9.07
974	8561	8.79
975	8866	9.09
976	9609	9.85
977	8806	9.01
978	8518	8.71
979	9000	9.19
980	8707	8.88
981	8579	8.75
982	8656	8.81
983	8643	8.79
984	9317	9.47
985	8806	8.94
986	8665	8.79
987	9030	9.15
988	8595	8.70
989	9237	9.34
990	8595	8.68
991	8677	8.76
992	8789	8.86
993	8692	8.75
994	8652	8.70
995	9080	9.13
996	8818	8.85
997	9458	9.49
998	8669	8.69
999	9407	9.42
1000	8857	8.86
1001	8767	8.76
1002	8762	8.74
1003	8808	8.78
1004	8724	8.69
1005	8754	8.71
1006	8907	8.85
1007	8903	8.84
1008	8921	8.85
1009	8775	8.70
1010	8766	8.68
1011	8841	8.74
1012	9017	8.91
1013	8855	8.74
1014	8971	8.85
1015	9250	9.11
1016	9411	9.26
1017	9232	9.08
1018	8993	8.83
1019	9267	9.09
1020	8935	8.76
1021	9291	9.10
1022	9044	8.85
1023	8878	8.68
1024	9438	9.22
1025	9988	9.74
1026	9345	9.11
1027	9666	9.41
1028	9145	8.90
1029	9503	9.24
1030	9163	8.90
1031	9573	9.29
1032	9208	8.92
1033	9144	8.85
1034	9318	9.01
1035	9439	9.12
1036	9208	8.89
1037	9532	9.19
1038	9231	8.89
1039	9089	8.75
1040	9270	8.91
1041	9149	8.79
1042	9104	8.74
1043	9314	8.93
1044	9305	8.91
1045	9527	9.12
1046	9142	8.74
1047	9216	8.80
1048	9150	8.73
1049	9233	8.80
1050	9300	8.86
1051	9575	9.11
1052	9339	8.88
1053	9604	9.12
1054	9193	8.72
1055	9580	9.08
1056	9854	9.33
1057	9297	8.80
1058	9655	9.13
1059	9240	8.73
1060	9609	9.07
1061	9258	8.73
1062	9507	8.95
1063	9288	8.74
1064	9684	9.10
1065	9293	8.73
1066	9374	8.79
1067	9316	8.73
1068	9400	8.80
1069	9346	8.74
1070	9881	9.23
1071	9689	9.05
1072	9353	8.72
1073	9415	8.77
1074	9984	9.30
1075	9942	9.25
1076	9384	8.72
1077	9811	9.11
1078	9569	8.88
1079	9816	9.10
1080	9595	8.88
1081	9933	9.19
1082	9423	8.71
1083	9451	8.73
1084	9449	8.72
1085	9898	9.12
1086	9943	9.16
1087	9946	9.15
1088	9524	8.75
1089	9859	9.05
1090	9509	8.72
1091	9698	8.89
1092	9546	8.74
1093	9514	8.70
1094	9946	9.09
1095	9546	8.72
1096	9593	8.75
1097	9588	8.74
1098	9604	8.75
1099	9775	8.89
1100	9604	8.73
1101	9610	8.73
1102	9598	8.71
1103	9603	8.71
1104	9623	8.72
1105	9994	9.04
1106	9642	8.72
1107	9886	8.93
1108	9790	8.84
1109	10086	9.09
1110	10851	9.78
1111	10227	9.21
1112	9687	8.71
1113	9707	8.72
1114	10124	9.09
1115	9778	8.77
1116	9829	8.81
1117	9941	8.90
1118	10093	9.03
1119	9726	8.69
1120	9817	8.77
1121	10217	9.11
1122	10408	9.28
1123	10182	9.07
1124	9961	8.86
1125	10146	9.02
1126	9799	8.70
1127	10446	9.27
1128	9834	8.72
1129	10195	9.03
1130	9854	8.72
1131	10194	9.01
1132	9905	8.75
1133	9989	8.82
1134	10319	9.10
1135	10035	8.84
1136	9926	8.74
1137	9901	8.71
1138	10239	9.00
1139	10065	8.84
1140	10415	9.14
1141	10003	8.77
1142	10314	9.03
1143	10017	8.76
1144	10258	8.97
1145	10365	9.05
1146	9956	8.69
1147	10509	9.16
1148	10060	8.76
1149	10526	9.16
1150	10041	8.73
1151	10348	8.99
1152	10385	9.01
1153	10021	8.69
1154	10107	8.76
1155	10121	8.76
1156	10594	9.16
1157	10164	8.78
1158	10424	9.00
1159	10113	8.73
1160	10239	8.83
1161	10495	9.04
1162	10157	8.74
1163	10582	9.10
1164	10179	8.74
1165	10804	9.27
1166	10528	9.03
1167	10303	8.83
1168	10171	8.71
1169	10390	8.89
1170	10343	8.84
1171	10224	8.73
1172	10349	8.83
1173	10197	8.69
1174	10372	8.83
1175	10924	9.30
1176	10285	8.75
1177	10629	9.03
1178	10818	9.18
1179	11219	9.52
1180	10691	9.06
1181	13957	11.82
1182	10845	9.18
1183	10313	8.72
1184	10296	8.70
1185	10703	9.03
1186	10965	9.25
1187	10324	8.70
1188	10361	8.72
1189	10849	9.12
1190	10328	8.68
1191	10495	8.81
1192	10375	8.70
1193	10468	8.77
1194	10603	8.88
1195	10400	8.70
1196	10555	8.83
1197	10771	9.00
1198	10425	8.70
1199	10489	8.75
1200	11180	9.32
1201	10441	8.69
1202	10493	8.73
1203	10587	8.80
1204	10834	9.00
1205	10451	8.67
1206	10967	9.09
1207	10853	8.99
1208	10494	8.69
1209	10552	8.73
1210	10709	8.85
1211	10660	8.80
1212	10568	8.72
1213	10537	8.69
1214	10920	9.00
1215	10616	8.74
1216	10555	8.68
1217	10611	8.72
1218	10743	8.82
1219	10923	8.96
1220	10992	9.01
1221	10753	8.81
1222	10983	8.99
1223	10742	8.78
1224	10708	8.75
1225	10637	8.68
1226	11108	9.06
1227	11012	8.97
1228	10652	8.67
1229	11119	9.05
1230	10812	8.79
1231	10699	8.69
1232	11382	9.24
1233	10736	8.71
1234	10738	8.70
1235	10704	8.67
1236	11093	8.97
1237	11100	8.97
1238	10747	8.68
1239	11107	8.96
1240	11175	9.01
1241	11255	9.07
1242	11171	8.99
1243	10781	8.67
1244	11049	8.88
1245	10988	8.83
1246	10954	8.79
1247	10972	8.80
1248	10830	8.68
1249	11382	9.11
1250	11284	9.03
1251	10859	8.68
1252	10941	8.74
1253	11108	8.87
1254	11226	8.95
1255	11298	9.00
1256	10877	8.66
1257	10878	8.65
1258	11130	8.85
1259	11263	8.95
1260	11248	8.93
1261	10907	8.65
1262	11584	9.18
1263	10934	8.66
1264	10937	8.65
1265	10966	8.67
1266	11672	9.22
1267	11352	8.96
1268	11506	9.07
1269	11362	8.95
1270	11130	8.76
1271	11051	8.69
1272	11521	9.06
1273	11773	9.25
1274	11214	8.80
1275	11078	8.69
1276	11165	8.75
1277	11065	8.66
1278	11776	9.21
1279	11058	8.65
1280	11573	9.04
1281	11119	8.68
1282	11165	8.71
1283	11120	8.67
1284	11729	9.13
1285	11125	8.66
1286	11550	8.98
1287	11607	9.02
1288	11095	8.61
1289	11212	8.70
1290	11185	8.67
1291	11212	8.68
1292	11635	9.01
1293	11242	8.69
1294	11603	8.97
1295	11266	8.70
1296	11351	8.76
1297	11609	8.95
1298	12060	9.29
1299	11342	8.73
1300	11508	8.85
1301	11293	8.68
1302	11353	8.72
1303	11602	8.90
1304	11841	9.08
1305	11642	8.92
1306	11384	8.72
1307	11528	8.82
1308	11842	9.05
1309	11365	8.68
1310	11859	9.05
1311	11484	8.76
1312	11581	8.83
1313	11365	8.66
1314	11481	8.74
1315	11447	8.70
1316	12140	9.22
1317	11780	8.94
1318	11552	8.76
1319	11969	9.07
1320	11753	8.90
1321	11573	8.76
1322	11616	8.79
1323	12169	9.20
1324	11650	8.80
1325	11499	8.68
1326	11818	8.91
1327	11640	8.77
1328	11536	8.69
1329	11944	8.99
1330	11503	8.65
1331	11518	8.65
1332	11529	8.66
1333	12054	9.04
1334	12330	9.24
1335	12259	9.18
1336	11712	8.77
1337	12064	9.02
1338	11819	8.83
1339	12932	9.66
1340	12728	9.50
1341	13193	9.84
1342	12024	8.96
1343	11806	8.79
1344	12074	8.98
1345	11661	8.67
1346	11694	8.69
1347	12184	9.05
1348	11669	8.66
1349	11795	8.74
1350	11807	8.75
1351	11819	8.75
1352	11669	8.63
1353	11693	8.64
1354	11860	8.76
1355	11845	8.74
1356	11813	8.71
1357	11860	8.74
1358	11732	8.64
1359	12144	8.94
1360	11836	8.70
1361	11863	8.72
1362	12119	8.90
1363	11751	8.62
1364	11758	8.62
1365	11929	8.74
1366	11969	8.76
1367	12378	9.05
1368	12325	9.01
1369	12004	8.77
1370	12265	8.95
1371	13056	9.52
1372	12003	8.75
1373	11843	8.63
1374	12210	8.89
1375	11833	8.61
1376	12591	9.15
1377	12313	8.94
1378	12073	8.76
1379	12304	8.92
1380	12882	9.33
1381	11914	8.63
1382	12673	9.17
1383	12368	8.94
1384	12131	8.77
1385	12183	8.80
1386	12316	8.89
1387	12268	8.84
1388	12569	9.06
1389	12044	8.67
1390	11997	8.63
1391	12537	9.01
1392	12357	8.88
1393	12047	8.65
1394	12395	8.89
1395	12031	8.62
1396	12312	8.82
1397	12219	8.75
1398	12441	8.90
1399	12121	8.66
1400	12219	8.73
1401	12277	8.76
1402	12150	8.67
1403	12100	8.62
1404	12466	8.88
1405	12647	9.00
1406	13341	9.49
1407	12581	8.94
1408	12584	8.94
1409	12520	8.89
1410	12173	8.63
1411	13111	9.29
1412	12590	8.92
1413	13088	9.26
1414	12668	8.96
1415	12616	8.92
1416	12677	8.95
1417	12514	8.83
1418	12561	8.86
1419	12611	8.89
1420	12246	8.62
1421	12627	8.89
1422	12626	8.88
1423	12315	8.65
1424	12795	8.99
1425	12608	8.85
1426	12370	8.67
1427	12286	8.61
1428	12372	8.66
1429	12371	8.66
1430	12315	8.61
1431	13808	9.65
1432	12765	8.91
1433	12394	8.65
1434	12890	8.99
1435	12441	8.67
1436	12422	8.65
1437	12504	8.70
1438	12915	8.98
1439	12464	8.66
1440	12495	8.68
1441	12414	8.61
1442	12791	8.87
1443	12650	8.77
1444	12622	8.74
1445	12473	8.63
1446	12539	8.67
1447	12771	8.83
1448	13010	8.98
1449	12547	8.66
1450	12526	8.64
1451	12508	8.62
1452	12941	8.91
1453	12550	8.64
1454	12683	8.72
1455	12917	8.88
1456	12606	8.66
1457	13151	9.03
1458	12714	8.72
1459	13074	8.96
1460	12628	8.65
1461	12764	8.74
1462	12972	8.87
1463	12688	8.67
1464	12599	8.61
1465	12771	8.72
1466	13018	8.88
1467	12694	8.65
1468	12648	8.62
1469	13019	8.86
1470	12664	8.61
1471	12828	8.72
1472	13224	8.98
1473	13189	8.95
1474	12845	8.71
1475	13329	9.04
1476	13485	9.14
1477	12790	8.66
1478	12778	8.65
1479	13075	8.84
1480	13207	8.92
1481	12766	8.62
1482	12992	8.77
1483	13158	8.87
1484	12781	8.61
1485	12959	8.73
1486	12806	8.62
1487	13395	9.01
1488	13236	8.90
1489	12841	8.62
1490	12847	8.62
1491	13482	9.04
1492	13259	8.89
1493	13010	8.71
1494	13460	9.01
1495	13751	9.20
1496	13128	8.78
1497	12855	8.59
1498	12950	8.64
1499	13322	8.89
1500	12996	8.66
1501	13521	9.01
1502	13610	9.06
1503	12927	8.60
1504	13012	8.65
1505	13557	9.01
1506	13157	8.74
1507	13445	8.92
1508	12992	8.62
1509	13184	8.74
1510	12992	8.60
1511	13430	8.89
1512	13704	9.06
1513	13037	8.62
1514	13534	8.94
1515	13469	8.89
1516	13050	8.61
1517	13460	8.87
1518	13598	8.96
1519	13636	8.98
1520	13541	8.91
1521	13289	8.74
1522	13472	8.85
1523	13516	8.87
1524	13104	8.60
1525	13754	9.02
1526	13116	8.60
1527	13367	8.75
1528	13826	9.05
1529	13650	8.93
1530	13695	8.95
1531	13165	8.60
1532	13220	8.63
1533	13372	8.72
1534	13200	8.60
1535	13216	8.61
1536	13533	8.81
1537	13217	8.60
1538	13207	8.59
1539	13598	8.84
1540	13594	8.83
1541	13868	9.00
1542	13669	8.86
1543	13510	8.76
1544	13499	8.74
1545	13527	8.76
1546	13319	8.62
1547	13428	8.68
1548	13306	8.60
1549	13698	8.84
1550	13743	8.87
1551	13511	8.71
1552	13366	8.61
1553	13606	8.76
1554	13359	8.60
1555	13381	8.61
1556	13922	8.95
1557	13447	8.64
1558	13455	8.64
1559	13490	8.65
1560	14674	9.41
1561	13503	8.65
1562	14435	9.24
1563	14007	8.96
1564	13630	8.71
1565	14392	9.20
1566	13455	8.59
1567	14008	8.94
1568	14080	8.98
1569	13650	8.70
1570	13993	8.91
1571	14557	9.27
1572	13716	8.73
1573	13895	8.83
1574	13577	8.63
1575	13951	8.86
1576	14353	9.11
1577	13553	8.59
1578	13719	8.69
1579	13622	8.63
1580	14071	8.91
1581	13591	8.60
1582	13668	8.64
1583	14037	8.87
1584	13946	8.80
1585	13845	8.74
1586	14117	8.90
1587	14038	8.85
1588	13994	8.81
1589	14110	8.88
1590	13673	8.60
1591	14027	8.82
1592	14032	8.81
1593	14073	8.83
1594	13714	8.60
1595	14092	8.84
1596	13969	8.75
1597	14425	9.03
1598	13741	8.60
1599	14118	8.83
1600	14127	8.83
1601	13832	8.64
1602	13853	8.65
1603	14904	9.30
1604	13731	8.56
1605	14286	8.90
1606	14381	8.95
1607	13878	8.64
1608	14555	9.05
1609	14355	8.92
1610	14202	8.82
1611	14182	8.80
1612	13894	8.62
1613	14050	8.71
1614	13994	8.67
1615	14034	8.69
1616	13961	8.64
1617	13900	8.60
1618	13909	8.60
1619	13980	8.63
1620	14219	8.78
1621	14065	8.68
1622	14300	8.82
1623	14062	8.66
1624	14415	8.88
1625	13923	8.57
1626	14313	8.80
1627	14336	8.81
1628	14299	8.78
1629	14116	8.67
1630	14031	8.61
1631	13984	8.57
1632	14007	8.58
1633	14004	8.58
1634	14558	8.91
1635	14088	8.62
1636	14274	8.72
1637	14341	8.76
1638	14538	8.88
1639	14619	8.92
1640	14128	8.61
1641	14645	8.92
1642	15084	9.19
1643	14490	8.82
1644	14757	8.98
1645	14183	8.62
1646	14370	8.73
1647	14294	8.68
1648	14417	8.75
1649	14534	8.81
1650	14197	8.60
1651	14224	8.62
1652	14333	8.68
1653	14566	8.81
1654	14216	8.59
1655	14285	8.63
1656	14402	8.70
1657	14345	8.66
1658	14369	8.67
1659	14245	8.59
1660	14975	9.02
1661	14682	8.84
1662	14269	8.59
1663	14451	8.69
1664	14664	8.81
1665	14677	8.82
1666	14747	8.85
1667	14687	8.81
1668	14546	8.72
1669	14406	8.63
1670	14740	8.83
1671	14503	8.68
1672	14969	8.95
1673	14379	8.59
1674	14543	8.69
1675	14567	8.70
1676	14810	8.84
1677	14808	8.83
1678	14460	8.62
1679	14778	8.80
1680	14639	8.71
1681	14865	8.84
1682	15296	9.09
1683	15499	9.21
1684	17845	10.60
1685	14823	8.80
1686	14991	8.89
1687	14659	8.69
1688	14945	8.85
1689	15112	8.95
1690	14683	8.69
1691	15108	8.93
1692	14680	8.68
1693	14903	8.80
1694	15063	8.89
1695	14781	8.72
1696	15749	9.29
1697	14590	8.60
1698	14571	8.58
1699	14554	8.57
1700	14592	8.58
1701	15012	8.83
1702	15090	8.87
1703	14730	8.65
1704	15214	8.93
1705	15003	8.80
1706	15594	9.14
1707	14753	8.64
1708	14658	8.58
1709	15333	8.97
1710	14667	8.58
1711	14723	8.60
1712	14861	8.68
1713	14676	8.57
1714	15280	8.91
1715	14722	8.58
1716	15133	8.82
1717	14890	8.67
1718	14990	8.73
1719	14758	8.59
1720	14758	8.58
1721	14797	8.60
1722	15930	9.25
1723	14791	8.58
1724	14929	8.66
1725	15008	8.70
1726	14785	8.57
1727	14991	8.68
1728	14958	8.66
1729	14842	8.58
1730	15292	8.84
1731	14861	8.59
1732	14961	8.64
1733	15344	8.85
1734	14909	8.60
1735	15648	9.02
1736	14885	8.57
1737	15071	8.68
1738	15286	8.80
1739	16720	9.61
1740	15110	8.68
1741	15377	8.83
1742	14943	8.58
1743	15190	8.71
1744	15680	8.99
1745	15313	8.78
1746	15415	8.83
1747	15348	8.79
1748	14988	8.57
1749	16085	9.20
1750	15434	8.82
1751	15030	8.58
1752	15388	8.78
1753	15402	8.79
1754	15204	8.67
1755	15044	8.57
1756	15189	8.65
1757	15250	8.68
1758	15081	8.58
1759	15098	8.58
1760	18695	10.62
1761	15391	8.74
1762	15105	8.57
1763	15127	8.58
1764	15525	8.80
1765	15321	8.68
1766	15295	8.66
1767	15482	8.76
1768	15151	8.57
1769	15407	8.71
1770	15747	8.90
1771	15328	8.65
1772	15176	8.56
1773	15183	8.56
1774	15251	8.60
1775	15765	8.88
1776	15220	8.57
1777	15995	9.00
1778	15902	8.94
1779	15581	8.76
1780	15770	8.86
1781	16551	9.29
1782	15813	8.87
1783	15808	8.87
1784	16322	9.15
1785	15826	8.87
1786	15922	8.91
1787	15457	8.65
1788	15863	8.87
1789	15682	8.77
1790	16461	9.20
1791	15356	8.57
1792	15716	8.77
1793	15660	8.73
1794	15422	8.60
1795	15771	8.79
1796	15400	8.57
1797	15984	8.89
1798	15933	8.86
1799	15493	8.61
1800	15525	8.62
1801	15834	8.79
1802	15720	8.72
1803	15712	8.71
1804	15479	8.58
1805	15673	8.68
1806	15733	8.71
1807	15574	8.62
1808	15703	8.69
1809	15914	8.80
1810	15709	8.68
1811	15747	8.70
1812	15707	8.67
1813	16937	9.34
1814	15866	8.75
1815	15788	8.70
1816	15817	8.71
1817	15648	8.61
1818	16187	8.90
1819	15664	8.61
1820	15820	8.69
1821	15797	8.67
1822	16004	8.78
1823	15651	8.59
1824	15963	8.75
1825	15656	8.58
1826	15847	8.68
1827	15894	8.70
1828	16183	8.85
1829	15716	8.59
1830	15825	8.65
1831	15836	8.65
1832	15890	8.67
1833	16725	9.12
1834	16273	8.87
1835	16136	8.79
1836	16373	8.92
1837	16270	8.86
1838	15803	8.60
1839	15810	8.60
1840	15915	8.65
1841	16062	8.72
1842	15962	8.67
1843	15797	8.57
1844	15856	8.60
1845	16289	8.83
1846	15854	8.59
1847	15829	8.57
1848	15825	8.56
1849	16652	9.01
1850	15906	8.60
1851	16045	8.67
1852	15931	8.60
1853	15930	8.60
1854	16311	8.80
1855	15917	8.58
1856	16236	8.75
1857	16265	8.76
1858	16116	8.67
1859	15903	8.55
1860	16391	8.81
1861	16362	8.79
1862	16492	8.86
1863	16383	8.79
1864	16323	8.76
1865	16204	8.69
1866	15979	8.56
1867	16430	8.80
1868	16679	8.93
1869	15987	8.55
1870	16409	8.77
1871	16403	8.77
1872	16543	8.84
1873	16455	8.79
1874	16067	8.57
1875	16398	8.75
1876	16407	8.75
1877	16061	8.56
1878	16503	8.79
1879	16071	8.55
1880	16955	9.02
1881	16064	8.54
1882	16080	8.54
1883	16435	8.73
1884	16102	8.55
1885	16664	8.84
1886	16179	8.58
1887	16662	8.83
1888	16737	8.86
1889	16692	8.84
1890	16318	8.63
1891	16569	8.76
1892	16156	8.54
1893	16758	8.85
1894	16221	8.56
1895	16454	8.68
1896	16581	8.75
1897	16254	8.57
1898	16220	8.55
1899	16323	8.60
1900	16285	8.57
1901	16738	8.80
1902	16341	8.59
1903	17443	9.17
1904	16285	8.55
1905	16335	8.57
1906	17474	9.17
1907	16312	8.55
1908	16692	8.75
1909	16553	8.67
1910	16305	8.54
1911	16489	8.63
1912	16923	8.85
1913	16936	8.85
1914	16440	8.59
1915	17285	9.03
1916	16453	8.59
1917	187805	97.97
1918	16639	8.68
1919	17385	9.06
1920	16985	8.85
1921	16423	8.55
1922	16824	8.75
1923	17497	9.10
1924	16653	8.66
1925	16989	8.83
1926	16596	8.62
1927	16591	8.61
1928	17090	8.86
1929	16479	8.54
1930	17067	8.84
1931	20738	10.74
1932	18266	9.45
1933	16676	8.63
1934	16979	8.78
1935	17162	8.87
1936	16697	8.62
1937	16798	8.67
1938	16717	8.63
1939	17015	8.78
1940	17013	8.77
1941	17031	8.77
1942	16853	8.68
1943	16835	8.66
1944	17445	8.97
1945	17146	8.82
1946	16682	8.57
1947	17252	8.86
1948	16922	8.69
1949	16710	8.57
1950	16991	8.71
1951	18940	9.71
1952	17083	8.75
1953	17083	8.75
1954	17142	8.77
1955	16934	8.66
1956	17148	8.77
1957	16885	8.63
1958	17397	8.89
1959	16982	8.67
1960	17416	8.89
1961	16905	8.62
1962	16779	8.55
1963	16825	8.57
1964	17175	8.74
1965	17455	8.88
1966	16875	8.58
1967	16957	8.62
1968	17044	8.66
1969	16870	8.57
1970	17224	8.74
1971	17005	8.63
1972	17665	8.96
1973	17434	8.84
1974	16851	8.54
1975	17115	8.67
1976	16893	8.55
1977	17445	8.82
1978	16887	8.54
1979	17283	8.73
1980	17063	8.62
1981	17081	8.62
1982	17688	8.92
1983	17848	9.00
1984	17588	8.86
1985	17177	8.65
1986	17340	8.73
1987	17099	8.61
1988	17192	8.65
1989	17216	8.66
1990	17423	8.76
1991	17221	8.65
1992	17227	8.65
1993	17540	8.80
1994	17361	8.71
1995	17058	8.55
1996	17060	8.55
1997	17078	8.55
1998	17663	8.84
1999	17323	8.67
2000	17549	8.77
2001	17063	8.53
2002	17507	8.74
2003	17082	8.53
2004	17163	8.56
2005	17587	8.77
2006	17197	8.57
2007	17540	8.74
2008	17544	8.74
2009	17548	8.73
2010	17707	8.81
2011	17673	8.79
2012	17657	8.78
2013	17244	8.57
2014	18223	9.05
2015	17233	8.55
2016	18214	9.03
2017	20181	10.01
2018	17920	8.88
2019	17417	8.63
2020	18088	8.95
2021	27841	13.78
2022	17311	8.56
2023	17248	8.53
2024	17431	8.61
2025	17564	8.67
2026	17575	8.67
2027	17368	8.57
2028	18398	9.07
2029	17332	8.54
2030	17313	8.53
2031	17548	8.64
2032	17878	8.80
2033	17543	8.63
2034	17382	8.55
2035	17423	8.56
2036	17772	8.73
2037	17969	8.82
2038	17442	8.56
2039	17426	8.55
2040	17473	8.57
2041	17419	8.53
2042	18810	9.21
2043	17911	8.77
2044	17417	8.52
2045	17449	8.53
2046	17682	8.64
2047	18331	8.96
2048	20326	9.92
2049	19136	9.34
2050	18285	8.92
2051	17638	8.60
2052	18012	8.78
2053	18178	8.85
2054	18162	8.84
2055	17774	8.65
2056	17702	8.61
2057	17673	8.59
2058	18195	8.84
2059	17695	8.59
2060	18251	8.86
2061	18229	8.84
2062	18089	8.77
2063	18072	8.76
2064	17739	8.59
2065	18209	8.82
2066	18019	8.72
2067	18337	8.87
2068	17729	8.57
2069	17736	8.57
2070	18153	8.77
2071	17750	8.57
2072	17717	8.55
2073	17736	8.56
2074	18441	8.89
2075	17793	8.57
2076	18314	8.82
2077	17777	8.56
2078	18341	8.83
2079	17998	8.66
2080	18804	9.04
2081	18409	8.85
2082	18263	8.77
2083	18357	8.81
2084	17978	8.63
2085	18353	8.80
2086	18050	8.65
2087	18289	8.76
2088	18621	8.92
2089	18608	8.91
2090	17981	8.60
2091	18392	8.80
2092	18055	8.63
2093	18117	8.66
2094	18415	8.79
2095	18000	8.59
2096	18344	8.75
2097	19369	9.24
2098	19235	9.17
2099	20859	9.94
2100	18170	8.65
2101	18923	9.01
2102	18628	8.86
2103	18190	8.65
2104	18173	8.64
2105	17996	8.55
2106	23631	11.22
2107	20695	9.82
2108	19148	9.08
2109	19407	9.20
2110	18216	8.63
2111	18215	8.63
2112	18049	8.55
2113	18383	8.70
2114	18117	8.57
2115	18888	8.93
2116	18980	8.97
2117	18484	8.73
2118	18096	8.54
2119	18126	8.55
2120	18686	8.81
2121	18924	8.92
2122	18425	8.68
2123	19518	9.19
2124	19253	9.06
2125	18857	8.87
2126	18787	8.84
2127	18781	8.83
2128	18939	8.90
2129	18325	8.61
2130	18337	8.61
2131	18241	8.56
2132	18781	8.81
2133	18345	8.60
2134	18576	8.70
2135	18804	8.81
2136	18915	8.86
2137	18489	8.65
2138	18245	8.53
2139	18846	8.81
2140	19063	8.91
2141	18898	8.83
2142	18287	8.54
2143	18282	8.53
2144	18308	8.54
2145	18390	8.57
2146	18908	8.81
2147	19029	8.86
2148	18748	8.73
2149	18944	8.82
2150	18356	8.54
2151	18744	8.71
2152	18916	8.79
2153	20014	9.30
2154	18524	8.60
2155	20251	9.40
2156	18526	8.59
2157	18520	8.59
2158	19211	8.90
2159	18538	8.59
2160	18750	8.68
2161	18620	8.62
2162	18978	8.78
2163	18492	8.55
2164	18500	8.55
2165	19231	8.88
2166	18658	8.61
2167	18667	8.61
2168	19239	8.87
2169	18503	8.53
2170	18739	8.64
2171	18599	8.57
2172	19099	8.79
2173	18595	8.56
2174	19760	9.09
2175	18824	8.65
2176	18559	8.53
2177	19253	8.84
2178	19152	8.79
2179	19355	8.88
2180	19076	8.75
2181	18821	8.63
2182	18783	8.61
2183	19226	8.81
2184	19085	8.74
2185	19037	8.71
2186	18685	8.55
2187	19003	8.69
2188	19109	8.73
2189	19042	8.70
2190	20393	9.31
2191	19560	8.93
2192	18661	8.51
2193	19095	8.71
2194	18870	8.60
2195	19757	9.00
2196	18931	8.62
2197	19095	8.69
2198	18910	8.60
2199	18928	8.61
2200	19600	8.91
2201	18873	8.57
2202	19617	8.91
2203	19117	8.68
2204	19267	8.74
2205	19029	8.63
2206	19240	8.72
2207	19231	8.71
2208	19819	8.98
2209	19095	8.64
2210	19124	8.65
2211	19071	8.63
2212	19279	8.72
2213	19135	8.65
2214	18873	8.52
2215	19644	8.87
2216	19129	8.63
2217	19247	8.68
2218	19375	8.74
2219	19485	8.78
2220	19478	8.77
2221	19268	8.68
2222	20315	9.14
2223	19717	8.87
2224	19040	8.56
2225	20023	9.00
2226	19602	8.81
2227	19745	8.87
2228	19199	8.62
2229	19360	8.69
2230	19365	8.68
2231	19229	8.62
2232	19369	8.68
2233	19401	8.69
2234	19080	8.54
2235	19765	8.84
2236	19424	8.69
2237	19244	8.60
2238	19388	8.66
2239	19652	8.78
2240	20004	8.93
2241	19172	8.56
2242	19540	8.72
2243	19903	8.87
2244	19592	8.73
2245	19766	8.80
2246	19714	8.78
2247	19499	8.68
2248	19667	8.75
2249	19224	8.55
2250	19241	8.55
2251	19226	8.54
2252	20535	9.12
2253	19890	8.83
2254	20462	9.08
2255	19777	8.77
2256	19239	8.53
2257	19233	8.52
2258	19226	8.51
2259	19603	8.68
2260	19571	8.66
2261	19361	8.56
2262	19342	8.55
2263	19953	8.82
2264	19522	8.62
2265	19359	8.55
2266	19311	8.52
2267	19559	8.63
2268	19334	8.52
2269	19914	8.78
2270	19811	8.73
2271	19994	8.80
2272	19320	8.50
2273	19769	8.70
2274	21136	9.29
2275	19815	8.71
2276	19925	8.75
2277	19927	8.75
2278	19612	8.61
2279	19502	8.56
2280	19768	8.67
2281	19487	8.54
2282	19813	8.68
2283	20629	9.04
2284	19514	8.54
2285	20002	8.75
2286	19570	8.56
2287	19941	8.72
2288	19980	8.73
2289	19757	8.63
2290	19872	8.68
2291	19482	8.50
2292	20010	8.73
2293	19710	8.60
2294	19614	8.55
2295	20430	8.90
2296	19643	8.56
2297	19667	8.56
2298	19793	8.61
2299	20119	8.75
2300	19902	8.65
2301	19800	8.60
2302	19689	8.55
2303	20103	8.73
2304	20144	8.74
2305	19725	8.56
2306	20238	8.78
2307	19878	8.62
2308	19713	8.54
2309	19914	8.62
2310	20254	8.77
2311	19716	8.53
2312	20176	8.73
2313	19876	8.59
2314	19831	8.57
2315	20303	8.77
2316	19787	8.54
2317	19782	8.54
2318	20100	8.67
2319	20117	8.67
2320	20093	8.66
2321	20365	8.77
2322	19842	8.55
2323	20316	8.75
2324	20215	8.70
2325	20388	8.77
2326	19886	8.55
2327	20323	8.73
2328	20400	8.76
2329	20277	8.71
2330	20022	8.59
2331	20369	8.74
2332	20631	8.85
2333	19939	8.55
2334	20295	8.70
2335	20132	8.62
2336	20308	8.69
2337	20299	8.69
2338	20158	8.62
2339	20422	8.73
2340	24111	10.30
2341	20428	8.73
2342	20149	8.60
2343	20327	8.68
2344	20773	8.86
2345	20691	8.82
2346	20056	8.55
2347	20516	8.74
2348	20476	8.72
2349	20369	8.67
2350	20344	8.66
2351	20432	8.69
2352	20417	8.68
2353	20766	8.83
2354	20237	8.60
2355	20503	8.71
2356	20682	8.78
2357	20090	8.52
2358	20083	8.52
2359	20649	8.75
2360	20891	8.85
2361	20370	8.63
2362	20352	8.62
2363	21002	8.89
2364	20667	8.74
2365	20652	8.73
2366	20689	8.74
2367	20525	8.67
2368	21185	8.95
2369	20459	8.64
2370	21349	9.01
2371	20348	8.58
2372	20339	8.57
2373	20677	8.71
2374	20534	8.65
2375	20593	8.67
2376	20566	8.66
2377	20914	8.80
2378	20437	8.59
2379	20315	8.54
2380	21515	9.04
2381	20256	8.51
2382	20473	8.59
2383	20514	8.61
2384	20441	8.57
2385	20522	8.60
2386	20565	8.62
2387	22479	9.42
2388	20319	8.51
2389	20649	8.64
2390	20395	8.53
2391	20586	8.61
2392	20847	8.72
2393	20807	8.69
2394	20453	8.54
2395	21072	8.80
2396	21572	9.00
2397	21818	9.10
2398	20621	8.60
2399	21352	8.90
2400	20998	8.75
2401	21221	8.84
2402	20969	8.73
2403	20889	8.69
2404	20599	8.57
2405	20933	8.70
2406	21071	8.76
2407	20743	8.62
2408	21050	8.74
2409	21142	8.78
2410	21094	8.75
2411	21746	9.02
2412	21066	8.73
2413	21206	8.79
2414	21350	8.84
2415	20557	8.51
2416	20594	8.52
2417	20570	8.51
2418	20641	8.54
2419	20767	8.58
2420	21156	8.74
2421	21449	8.86
2422	20620	8.51
2423	20960	8.65
2424	21328	8.80
2425	20879	8.61
2426	20838	8.59
2427	20739	8.55
2428	22018	9.07
2429	21324	8.78
2430	20787	8.55
2431	20780	8.55
2432	21115	8.68
2433	20752	8.53
2434	20770	8.53
2435	21471	8.82
2436	21312	8.75
2437	20728	8.51
2438	21209	8.70
2439	20798	8.53
2440	21260	8.71
2441	20827	8.53
2442	21331	8.74
2443	21696	8.88
2444	21377	8.75
2445	21149	8.65
2446	20835	8.52
2447	21313	8.71
2448	21451	8.76
2449	21225	8.67
2450	21430	8.75
2451	21028	8.58
2452	21703	8.85
2453	21154	8.62
2454	21224	8.65
2455	21304	8.68
2456	21254	8.65
2457	21085	8.58
2458	21947	8.93
2459	21119	8.59
2460	20893	8.49
2461	21671	8.81
2462	21629	8.79
2463	21330	8.66
2464	21333	8.66
2465	21567	8.75
2466	21337	8.65
2467	21435	8.69
2468	21359	8.65
2469	21416	8.67
2470	21523	8.71
2471	21263	8.61
2472	21600	8.74
2473	21421	8.66
2474	21390	8.65
2475	21409	8.65
2476	21182	8.55
2477	21543	8.70
2478	21372	8.62
2479	22390	9.03
2480	21655	8.73
2481	22385	9.02
2482	21542	8.68
2483	21578	8.69
2484	21593	8.69
2485	22303	8.98
2486	21647	8.71
2487	21323	8.57
2488	21755	8.74
2489	21409	8.60
2490	21784	8.75
2491	21764	8.74
2492	22014	8.83
2493	21332	8.56
2494	21433	8.59
2495	21645	8.68
2496	21895	8.77
2497	21396	8.57
2498	21533	8.62
2499	21310	8.53
2500	22135	8.85
2501	21206	8.48
2502	21448	8.57
2503	21607	8.63
2504	23099	9.22
2505	21501	8.58
2506	21501	8.58
2507	21621	8.62
2508	22635	9.03
2509	21667	8.64
2510	21905	8.73
2511	21710	8.65
2512	21843	8.70
2513	22170	8.82
2514	21919	8.72
2515	21614	8.59
2516	21515	8.55
2517	21769	8.65
2518	22438	8.91
2519	21538	8.55
2520	21472	8.52
2521	21547	8.55
2522	21557	8.55
2523	21497	8.52
2524	21663	8.58
2525	22337	8.85
2526	21926	8.68
2527	21474	8.50
2528	21528	8.52
2529	21487	8.50
2530	22256	8.80
2531	22806	9.01
2532	22349	8.83
2533	22002	8.69
2534	22251	8.78
2535	22043	8.70
2536	22628	8.92
2537	22171	8.74
2538	21755	8.57
2539	21574	8.50
2540	22054	8.68
2541	22622	8.90
2542	21837	8.59
2543	21580	8.49
2544	22439	8.82
2545	21638	8.50
2546	22057	8.66
2547	22276	8.75
2548	22086	8.67
2549	22208	8.71
2550	21825	8.56
2551	22593	8.86
2552	21895	8.58
2553	22369	8.76
2554	22242	8.71
2555	25490	9.98
2556	22086	8.64
2557	22680	8.87
2558	22236	8.69
2559	21741	8.50
2560	22304	8.71
2561	22206	8.67
2562	21756	8.49
2563	21772	8.49
2564	22403	8.74
2565	22337	8.71
2566	21992	8.57
2567	22112	8.61
2568	22899	8.92
2569	22417	8.73
2570	22204	8.64
2571	22437	8.73
2572	22441	8.73
2573	22593	8.78
2574	22400	8.70
2575	22758	8.84
2576	22573	8.76
2577	22425	8.70
2578	22477	8.72
2579	21891	8.49
2580	22311	8.65
2581	21991	8.52
2582	23429	9.07
2583	22703	8.79
2584	22483	8.70
2585	21971	8.50
2586	22480	8.69
2587	22189	8.58
2588	22176	8.57
2589	22144	8.55
2590	22976	8.87
2591	22157	8.55
2592	22345	8.62
2593	22652	8.74
2594	22546	8.69
2595	22210	8.56
2596	22589	8.70
2597	22692	8.74
2598	23125	8.90
2599	22715	8.74
2600	22233	8.55
2601	22252	8.56
2602	22307	8.57
2603	22188	8.52
2604	22096	8.49
2605	22189	8.52
2606	22919	8.79
2607	22922	8.79
2608	22800	8.74
2609	22390	8.58
2610	22814	8.74
2611	22714	8.70
2612	22154	8.48
2613	22644	8.67
2614	22835	8.74
2615	22711	8.68
2616	22875	8.74
2617	22620	8.64
2618	23114	8.83
2619	22791	8.70
2620	22557	8.61
2621	23011	8.78
2622	22310	8.51
2623	22431	8.55
2624	23183	8.83
2625	22888	8.72
2626	22264	8.48
2627	23725	9.03
2628	22737	8.65
2629	22894	8.71
2630	22314	8.48
2631	22451	8.53
2632	23311	8.86
2633	22788	8.65
2634	23214	8.81
2635	22417	8.51
2636	22613	8.58
2637	22508	8.54
2638	22876	8.67
2639	23122	8.76
2640	22547	8.54
2641	22834	8.65
2642	22697	8.59
2643	22519	8.52
2644	22841	8.64
2645	22555	8.53
2646	22533	8.52
2647	22865	8.64
2648	22687	8.57
2649	22635	8.54
2650	22910	8.65
2651	23737	8.95
2652	22695	8.56
2653	22712	8.56
2654	22719	8.56
2655	22732	8.56
2656	23618	8.89
2657	23264	8.76
2658	23075	8.68
2659	23041	8.67
2660	23411	8.80
2661	22927	8.62
2662	23049	8.66
2663	23170	8.70
2664	23455	8.80
2665	23001	8.63
2666	22762	8.54
2667	22802	8.55
2668	23144	8.67
2669	23019	8.62
2670	23073	8.64
2671	23114	8.65
2672	23042	8.62
2673	22672	8.48
2674	23895	8.94
2675	23138	8.65
2676	22960	8.58
2677	23264	8.69
2678	23170	8.65
2679	22922	8.56
2680	23333	8.71
2681	23244	8.67
2682	23514	8.77
2683	23206	8.65
2684	23857	8.89
2685	22938	8.54
2686	23216	8.64
2687	23640	8.80
2688	22816	8.49
2689	23962	8.91
2690	23250	8.64
2691	23273	8.65
2692	23500	8.73
2693	23008	8.54
2694	23430	8.70
2695	23355	8.67
2696	23229	8.62
2697	23070	8.55
2698	23303	8.64
2699	23246	8.61
2700	23891	8.85
2701	23382	8.66
2702	23942	8.86
2703	23872	8.83
2704	23536	8.70
2705	22975	8.49
2706	27233	10.06
2707	23114	8.54
2708	23565	8.70
2709	23235	8.58
2710	23347	8.62
2711	24453	9.02
2712	23383	8.62
2713	23940	8.82
2714	23775	8.76
2715	23404	8.62
2716	23235	8.55
2717	23880	8.79
2718	23337	8.59
2719	23683	8.71
2720	23092	8.49
2721	23120	8.50
2722	23489	8.63
2723	23542	8.65
2724	23091	8.48
2725	23425	8.60
2726	24418	8.96
2727	23161	8.49
2728	23185	8.50
2729	23522	8.62
2730	23148	8.48
2731	23713	8.68
2732	23641	8.65
2733	23221	8.50
2734	23261	8.51
2735	23720	8.67
2736	23401	8.55
2737	23826	8.71
2738	24260	8.86
2739	23926	8.74
2740	23805	8.69
2741	24292	8.86
2742	23265	8.48
2743	23272	8.48
2744	23659	8.62
2745	23897	8.71
2746	23538	8.57
2747	23685	8.62
2748	23664	8.61
2749	24009	8.73
2750	23905	8.69
2751	23299	8.47
2752	23945	8.70
2753	24269	8.82
2754	23612	8.57
2755	24018	8.72
2756	24544	8.91
2757	24201	8.78
2758	23454	8.50
2759	24341	8.82
2760	24215	8.77
2761	23512	8.52
2762	24013	8.69
2763	24011	8.69
2764	23930	8.66
2765	23557	8.52
2766	24033	8.69
2767	23581	8.52
2768	24129	8.72
2769	24034	8.68
2770	23753	8.58
2771	24332	8.78
2772	24022	8.67
2773	23587	8.51
2774	24476	8.82
2775	23971	8.64
2776	23722	8.55
2777	23803	8.57
2778	24078	8.67
2779	24284	8.74
2780	24854	8.94
2781	24185	8.70
2782	24121	8.67
2783	23763	8.54
2784	24057	8.64
2785	199744	71.72
2786	26627	9.56
2787	23924	8.58
2788	23822	8.54
2789	23780	8.53
2790	24504	8.78
2791	24036	8.61
2792	23945	8.58
2793	24101	8.63
2794	24888	8.91
2795	24353	8.71
2796	24557	8.78
2797	24266	8.68
2798	24663	8.81
2799	24169	8.63
2800	24175	8.63
2801	24753	8.84
2802	24618	8.79
2803	25092	8.95
2804	24180	8.62
2805	24070	8.58
2806	23961	8.54
2807	23868	8.50
2808	24230	8.63
2809	24372	8.68
2810	24112	8.58
2811	24020	8.55
2812	24835	8.83
2813	24177	8.59
2814	24600	8.74
2815	24043	8.54
2816	24386	8.66
2817	24613	8.74
2818	24394	8.66
2819	24034	8.53
2820	23916	8.48
2821	24543	8.70
2822	23944	8.48
2823	24396	8.64
2824	24137	8.55
2825	23973	8.49
2826	25148	8.90
2827	24702	8.74
2828	24554	8.68
2829	24274	8.58
2830	24495	8.66
2831	24713	8.73
2832	24467	8.64
2833	24481	8.64
2834	24183	8.53
2835	24459	8.63
2836	24413	8.61
2837	24671	8.70
2838	24864	8.76
2839	24185	8.52
2840	24458	8.61
2841	24712	8.70
2842	24644	8.67
2843	24704	8.69
2844	24770	8.71
2845	24356	8.56
2846	24998	8.78
2847	24528	8.62
2848	24280	8.53
2849	25725	9.03
2850	30427	10.68
2851	28885	10.13
2852	29603	10.38
2853	27949	9.80
2854	25712	9.01
2855	24838	8.70
2856	24458	8.56
2857	25272	8.85
2858	25358	8.87
2859	25715	8.99
2860	25345	8.86
2861	24552	8.58
2862	24986	8.73
2863	24729	8.64
2864	25000	8.73
2865	24730	8.63
2866	25312	8.83
2867	24923	8.69
2868	24466	8.53
2869	24773	8.63
2870	26629	9.28
2871	25341	8.83
2872	25143	8.75
2873	24840	8.65
2874	26584	9.25
2875	24948	8.68
2876	25257	8.78
2877	25210	8.76
2878	25144	8.74
2879	24454	8.49
2880	24824	8.62
2881	25793	8.95
2882	26794	9.30
2883	24704	8.57
2884	24970	8.66
2885	25525	8.85
2886	25501	8.84
2887	26692	9.25
2888	25216	8.73
2889	25147	8.70
2890	25357	8.77
2891	24957	8.63
2892	24519	8.48
2893	24806	8.57
2894	26333	9.10
2895	25116	8.68
2896	24541	8.47
2897	24545	8.47
2898	24724	8.53
2899	24705	8.52
2900	24943	8.60
2901	24564	8.47
2902	24890	8.58
2903	25662	8.84
2904	24649	8.49
2905	24978	8.60
2906	25871	8.90
2907	25550	8.79
2908	25247	8.68
2909	26167	9.00
2910	24952	8.57
2911	25275	8.68
2912	25920	8.90
2913	25968	8.91
2914	25778	8.85
2915	29270	10.04
2916	29631	10.16
2917	29549	10.13
2918	29201	10.01
2919	28154	9.65
2920	28615	9.80
2921	28592	9.79
2922	29451	10.08
2923	28539	9.76
2924	28506	9.75
2925	28460	9.73
2926	28138	9.62
2927	28294	9.67
2928	28836	9.85
2929	28492	9.73
2930	28722	9.80
2931	28298	9.65
2932	29093	9.92
2933	28054	9.56
2934	28593	9.75
2935	28711	9.78
2936	28744	9.79
2937	29129	9.92
2938	28280	9.63
2939	29183	9.93
2940	28688	9.76
2941	28073	9.55
2942	29886	10.16
2943	28152	9.57
2944	28693	9.75
2945	28409	9.65
2946	28722	9.75
2947	28865	9.79
2948	28548	9.68
2949	28988	9.83
2950	28566	9.68
2951	28708	9.73
2952	29444	9.97
2953	29153	9.87
2954	29588	10.02
2955	28861	9.77
2956	28654	9.69
2957	28911	9.78
2958	28846	9.75
2959	28324	9.57
2960	28734	9.71
2961	28866	9.75
2962	28889	9.75
2963	28358	9.57
2964	28283	9.54
2965	28825	9.72
2966	29194	9.84
2967	30502	10.28
2968	28880	9.73
2969	29245	9.85
2970	29063	9.79
2971	29364	9.88
2972	29580	9.95
2973	29416	9.89
2974	29026	9.76
2975	28395	9.54
2976	28602	9.61
2977	29912	10.05
2978	29184	9.80
2979	28974	9.73
2980	28533	9.57
2981	29041	9.74
2982	29377	9.85
2983	29146	9.77
2984	29505	9.89
2985	29174	9.77
2986	28410	9.51
2987	28535	9.55
2988	28563	9.56
2989	29388	9.83
2990	29396	9.83
2991	29196	9.76
2992	29087	9.72
2993	28611	9.56
2994	29728	9.93
2995	29463	9.84
2996	29070	9.70
2997	29547	9.86
2998	28599	9.54
2999	29445	9.82
3000	29270	9.76
3001	29235	9.74
3002	28870	9.62
3003	29003	9.66
3004	30005	9.99
3005	28664	9.54
3006	29444	9.80
3007	28919	9.62
3008	29399	9.77
3009	29177	9.70
3010	29447	9.78
3011	29678	9.86
3012	29258	9.71
3013	29675	9.85
3014	29749	9.87
3015	29394	9.75
3016	28957	9.60
3017	29374	9.74
3018	28813	9.55
3019	29078	9.63
3020	29177	9.66
3021	28890	9.56
3022	29400	9.73
3023	29495	9.76
3024	29350	9.71
3025	29457	9.74
3026	29474	9.74
3027	28841	9.53
3028	29594	9.77
3029	29357	9.69
3030	29352	9.69
3031	30141	9.94
3032	29422	9.70
3033	29469	9.72
3034	29565	9.74
3035	29163	9.61
3036	29502	9.72
3037	29515	9.72
3038	29834	9.82
3039	29456	9.69
3040	29225	9.61
3041	29395	9.67
3042	30426	10.00
3043	29597	9.73
3044	29741	9.77
3045	29592	9.72
3046	29661	9.74
3047	29835	9.79
3048	29594	9.71
3049	29404	9.64
3050	30782	10.09
3051	29411	9.64
3052	30290	9.92
3053	29249	9.58
3054	29456	9.65
3055	30203	9.89
3056	29759	9.74
3057	29549	9.67
3058	29501	9.65
3059	29685	9.70
3060	29916	9.78
3061	29962	9.79
3062	30323	9.90
3063	29408	9.60
3064	29986	9.79
3065	29976	9.78
3066	29661	9.67
3067	29475	9.61
3068	29330	9.56
3069	30821	10.04
3070	30162	9.82
3071	33243	10.82
3072	29363	9.56
3073	30060	9.78
3074	29618	9.64
3075	30138	9.80
3076	30374	9.87
3077	29828	9.69
3078	30064	9.77
3079	30111	9.78
3080	29632	9.62
3081	30118	9.78
3082	29306	9.51
3083	29714	9.64
3084	29871	9.69
3085	29697	9.63
3086	30760	9.97
3087	29694	9.62
3088	29998	9.71
3089	29762	9.63
3090	29876	9.67
3091	30181	9.76
3092	29773	9.63
3093	30350	9.81
3094	29749	9.62
3095	30474	9.85
3096	29837	9.64
3097	29620	9.56
3098	30155	9.73
3099	29839	9.63
3100	30108	9.71
3101	29853	9.63
3102	29981	9.67
3103	30034	9.68
3104	30265	9.75
3105	30251	9.74
3106	30389	9.78
3107	30811	9.92
3108	30179	9.71
3109	30431	9.79
3110	29585	9.51
3111	30513	9.81
3112	29843	9.59
3113	30527	9.81
3114	30195	9.70
3115	29653	9.52
3116	30307	9.73
3117	30673	9.84
3118	29660	9.51
3119	30759	9.86
3120	30028	9.62
3121	30253	9.69
3122	30097	9.64
3123	30156	9.66
3124	30303	9.70
3125	29967	9.59
3126	31424	10.05
3127	29903	9.56
3128	30130	9.63
3129	30364	9.70
3130	30229	9.66
3131	30245	9.66
3132	39555	12.63
3133	31690	10.11
3134	29368	9.37
3135	26904	8.58
3136	27335	8.72
3137	27005	8.61
3138	27407	8.73
3139	26938	8.58
3140	26765	8.52
3141	26876	8.56
3142	26973	8.58
3143	27324	8.69
3144	27336	8.69
3145	27334	8.69
3146	27063	8.60
3147	27386	8.70
3148	27224	8.65
3149	26942	8.56
3150	26634	8.46
3151	26745	8.49
3152	27236	8.64
3153	27312	8.66
3154	26686	8.46
3155	27452	8.70
3156	27237	8.63
3157	27351	8.66
3158	27016	8.55
3159	27226	8.62
3160	27399	8.67
3161	26810	8.48
3162	27615	8.73
3163	26804	8.47
3164	27647	8.74
3165	27327	8.63
3166	27229	8.60
3167	28187	8.90
3168	27446	8.66
3169	27668	8.73
3170	27278	8.61
3171	27242	8.59
3172	28461	8.97
3173	27267	8.59
3174	26934	8.49
3175	27242	8.58
3176	27422	8.63
3177	27798	8.75
3178	27028	8.50
3179	27370	8.61
3180	27603	8.68
3181	27473	8.64
3182	27022	8.49
3183	27035	8.49
3184	27295	8.57
3185	27283	8.57
3186	27127	8.51
3187	27565	8.65
3188	30543	9.58
3189	27552	8.64
3190	28232	8.85
3191	27421	8.59
3192	27461	8.60
3193	27262	8.54
3194	27597	8.64
3195	27934	8.74
3196	27117	8.48
3197	27545	8.62
3198	27534	8.61
3199	27608	8.63
3200	27448	8.58
3201	27621	8.63
3202	27592	8.62
3203	27443	8.57
3204	27421	8.56
3205	27435	8.56
3206	27373	8.54
3207	27051	8.43
3208	27499	8.57
3209	27385	8.53
3210	27659	8.62
3211	28032	8.73
3212	27287	8.50
3213	28171	8.77
3214	27167	8.45
3215	27950	8.69
3216	27952	8.69
3217	27295	8.48
3218	27633	8.59
3219	27445	8.53
3220	27528	8.55
3221	27593	8.57
3222	27514	8.54
3223	27867	8.65
3224	27414	8.50
3225	27597	8.56
3226	27795	8.62
3227	27569	8.54
3228	28107	8.71
3229	27522	8.52
3230	27699	8.58
3231	28742	8.90
3232	28035	8.67
3233	28256	8.74
3234	27944	8.64
3235	27583	8.53
3236	27290	8.43
3237	27563	8.51
3238	27630	8.53
3239	27782	8.58
3240	27992	8.64
3241	27538	8.50
3242	28076	8.66
3243	27731	8.55
3244	27814	8.57
3245	27560	8.49
3246	27835	8.58
3247	28059	8.64
3248	27603	8.50
3249	28630	8.81
3250	27807	8.56
3251	28587	8.79
3252	27728	8.53
3253	27703	8.52
3254	32122	9.87
3255	28076	8.63
3256	27938	8.58
3257	27868	8.56
3258	27715	8.51
3259	28277	8.68
3260	27809	8.53
3261	28351	8.69
3262	28226	8.65
3263	28254	8.66
3264	28529	8.74
3265	27958	8.56
3266	28332	8.67
3267	28380	8.69
3268	28308	8.66
3269	27839	8.52
3270	27666	8.46
3271	28186	8.62
3272	28840	8.81
3273	28050	8.57
3274	28140	8.59
3275	28091	8.58
3276	28067	8.57
3277	28727	8.77
3278	28046	8.56
3279	28561	8.71
3280	28006	8.54
3281	28075	8.56
3282	28306	8.62
3283	28345	8.63
3284	28291	8.61
3285	28138	8.57
3286	28088	8.55
3287	27961	8.51
3288	28376	8.63
3289	28010	8.52
3290	28176	8.56
3291	28298	8.60
3292	28703	8.72
3293	28632	8.69
3294	28337	8.60
3295	28084	8.52
3296	28082	8.52
3297	27917	8.47
3298	28430	8.62
3299	28943	8.77
3300	28274	8.57
3301	28497	8.63
3302	28436	8.61
3303	28555	8.65
3304	28883	8.74
3305	28059	8.49
3306	29006	8.77
3307	29442	8.90
3308	28022	8.47
3309	31990	9.67
3310	28872	8.72
3311	29432	8.89
3312	28737	8.68
3313	28329	8.55
3314	29139	8.79
3315	28295	8.54
3316	28780	8.68
3317	28493	8.59
3318	28224	8.51
3319	28495	8.59
3320	28427	8.56
3321	29217	8.80
3322	28625	8.62
3323	28104	8.46
3324	28161	8.47
3325	28474	8.56
3326	28814	8.66
3327	29536	8.88
3328	28623	8.60
3329	29107	8.74
3330	28443	8.54
3331	29235	8.78
3332	28670	8.60
3333	29106	8.73
3334	28318	8.49
3335	29002	8.70
3336	28925	8.67
3337	28741	8.61
3338	28934	8.67
3339	28623	8.57
3340	28879	8.65
3341	28974	8.67
3342	29003	8.68
3343	29033	8.68
3344	28751	8.60
3345	29027	8.68
3346	29185	8.72
3347	28525	8.52
3348	28255	8.44
3349	32347	9.66
3350	28736	8.58
3351	30142	8.99
3352	28657	8.55
3353	30383	9.06
3354	29557	8.81
3355	28251	8.42
3356	28793	8.58
3357	28960	8.63
3358	29254	8.71
3359	28854	8.59
3360	28450	8.47
3361	28945	8.61
3362	28645	8.52
3363	29367	8.73
3364	28739	8.54
3365	28387	8.44
3366	28754	8.54
3367	28921	8.59
3368	29491	8.76
3369	29595	8.78
3370	29063	8.62
3371	28592	8.48
3372	29339	8.70
3373	29164	8.65
3374	29698	8.80
3375	29205	8.65
3376	28763	8.52
3377	29032	8.60
3378	28470	8.43
3379	28738	8.50
3380	29333	8.68
3381	29576	8.75
3382	28914	8.55
3383	29006	8.57
3384	28932	8.55
3385	29161	8.61
3386	29019	8.57
3387	33177	9.80
3388	28683	8.47
3389	29685	8.76
3390	29081	8.58
3391	28705	8.47
3392	29853	8.80
3393	28844	8.50
3394	29299	8.63
3395	28708	8.46
3396	28891	8.51
3397	30804	9.07
3398	29523	8.69
3399	28858	8.49
3400	29199	8.59
3401	28887	8.49
3402	29310	8.62
3403	28995	8.52
3404	29464	8.66
3405	29299	8.60
3406	29429	8.64
3407	28898	8.48
3408	28791	8.45
3409	29428	8.63
3410	29142	8.55
3411	29372	8.61
3412	28931	8.48
3413	29362	8.60
3414	29231	8.56
3415	28866	8.45
3416	31764	9.30
3417	29423	8.61
3418	29389	8.60
3419	29230	8.55
3420	29545	8.64
3421	30965	9.05
3422	31289	9.14
3423	31801	9.29
3424	29558	8.63
3425	29563	8.63
3426	29649	8.65
3427	29092	8.49
3428	29815	8.70
3429	29398	8.57
3430	30484	8.89
3431	29101	8.48
3432	29480	8.59
3433	30170	8.79
3434	29463	8.58
3435	31591	9.20
3436	30618	8.91
3437	29591	8.61
3438	29797	8.67
3439	29251	8.51
3440	31831	9.25
3441	30130	8.76
3442	34029	9.89
3443	29044	8.44
3444	30210	8.77
3445	30254	8.78
3446	29179	8.47
3447	30283	8.79
3448	29713	8.62
3449	29267	8.49
3450	29517	8.56
3451	34680	10.05
3452	29185	8.45
3453	30145	8.73
3454	29508	8.54
3455	29817	8.63
3456	29878	8.65
3457	29592	8.56
3458	29811	8.62
3459	29371	8.49
3460	29834	8.62
3461	29550	8.54
3462	29180	8.43
3463	30056	8.68
3464	30397	8.78
3465	29212	8.43
3466	30028	8.66
3467	29678	8.56
3468	30272	8.73
3469	29642	8.54
3470	29677	8.55
3471	29777	8.58
3472	29283	8.43
3473	29296	8.44
3474	29504	8.49
3475	29337	8.44
3476	30334	8.73
3477	29824	8.58
3478	30062	8.64
3479	30632	8.80
3480	29846	8.58
3481	30548	8.78
3482	30372	8.72
3483	29987	8.61
3484	29405	8.44
3485	30096	8.64
3486	30221	8.67
3487	30646	8.79
3488	29406	8.43
3489	29546	8.47
3490	29780	8.53
3491	29448	8.44
3492	29744	8.52
3493	29458	8.43
3494	30060	8.60
3495	30310	8.67
3496	29587	8.46
3497	30580	8.74
3498	29500	8.43
3499	33737	9.64
3500	29808	8.52
3501	30553	8.73
3502	30632	8.75
3503	29905	8.54
3504	30018	8.57
3505	30665	8.75
3506	32819	9.36
3507	32312	9.21
3508	30400	8.67
3509	30093	8.58
3510	30772	8.77
3511	30842	8.78
3512	30333	8.64
3513	30131	8.58
3514	30463	8.67
3515	30473	8.67
3516	31534	8.97
3517	30285	8.61
3518	30420	8.65
3519	30555	8.68
3520	30115	8.56
3521	30152	8.56
3522	30222	8.58
3523	30940	8.78
3524	32509	9.23
3525	30838	8.75
3526	30456	8.64
3527	34792	9.86
3528	30077	8.53
3529	31636	8.96
3530	30920	8.76
3531	30795	8.72
3532	30497	8.63
3533	30628	8.67
3534	30315	8.58
3535	30367	8.59
3536	30209	8.54
3537	30552	8.64
3538	30310	8.57
3539	30436	8.60
3540	30389	8.58
3541	29970	8.46
3542	30407	8.58
3543	30418	8.59
3544	30891	8.72
3545	29975	8.46
3546	30665	8.65
3547	30417	8.58
3548	30330	8.55
3549	30503	8.59
3550	30329	8.54
3551	30798	8.67
3552	30082	8.47
3553	31453	8.85
3554	30913	8.70
3555	30565	8.60
3556	30074	8.46
3557	31052	8.73
3558	30532	8.58
3559	30697	8.63
3560	31430	8.83
3561	30447	8.55
3562	30533	8.57
3563	30723	8.62
3564	30654	8.60
3565	31539	8.85
3566	30099	8.44
3567	30572	8.57
3568	30512	8.55
3569	30714	8.61
3570	30817	8.63
3571	30433	8.52
3572	30548	8.55
3573	30429	8.52
3574	31136	8.71
3575	30883	8.64
3576	30762	8.60
3577	31085	8.69
3578	30968	8.66
3579	31158	8.71
3580	30371	8.48
3581	30585	8.54
3582	30273	8.45
3583	30703	8.57
3584	31272	8.73
3585	30237	8.43
3586	30245	8.43
3587	31945	8.91
3588	32897	9.17
3589	30914	8.61
3590	33730	9.40
3591	31432	8.75
3592	31198	8.69
3593	30848	8.59
3594	30411	8.46
3595	32462	9.03
3596	30515	8.49
3597	31095	8.64
3598	31227	8.68
3599	30845	8.57
3600	30829	8.56
3601	31358	8.71
3602	30846	8.56
3603	31400	8.71
3604	31015	8.61
3605	30881	8.57
3606	30966	8.59
3607	30761	8.53
3608	30711	8.51
3609	31539	8.74
3610	30995	8.59
3611	31604	8.75
3612	30967	8.57
3613	31407	8.69
3614	30910	8.55
3615	31211	8.63
3616	30921	8.55
3617	30770	8.51
3618	31362	8.67
3619	30585	8.45
3620	30502	8.43
3621	30814	8.51
3622	31161	8.60
3623	31473	8.69
3624	31901	8.80
3625	31426	8.67
3626	30842	8.51
3627	31240	8.61
3628	30768	8.48
3629	31179	8.59
3630	31242	8.61
3631	31606	8.70
3632	31285	8.61
3633	31322	8.62
3634	31592	8.69
3635	30786	8.47
3636	31873	8.77
3637	31035	8.53
3638	30966	8.51
3639	31290	8.60
3640	31448	8.64
3641	30881	8.48
3642	31656	8.69
3643	31624	8.68
3644	30839	8.46
3645	31769	8.72
3646	31330	8.59
3647	31193	8.55
3648	31023	8.50
3649	31544	8.64
3650	31216	8.55
3651	31766	8.70
3652	31541	8.64
3653	31465	8.61
3654	31531	8.63
3655	31339	8.57
3656	30854	8.44
3657	31462	8.60
3658	31679	8.66
3659	34686	9.48
3660	31384	8.57
3661	33382	9.12
3662	31082	8.49
3663	32437	8.86
3664	31381	8.56
3665	31095	8.48
3666	31455	8.58
3667	31442	8.57
3668	31347	8.55
3669	31345	8.54
3670	31207	8.50
3671	31758	8.65
3672	31978	8.71
3673	31813	8.66
3674	31190	8.49
3675	31579	8.59
3676	31170	8.48
3677	32068	8.72
3678	31700	8.62
3679	31774	8.64
3680	32563	8.85
3681	32818	8.92
3682	31284	8.50
3683	32591	8.85
3684	31605	8.58
3685	31378	8.52
3686	32252	8.75
3687	31675	8.59
3688	31813	8.63
3689	31877	8.64
3690	31373	8.50
3691	32251	8.74
3692	31871	8.63
3693	31797	8.61
3694	31756	8.60
3695	31877	8.63
3696	32128	8.69
3697	31928	8.64
3698	32475	8.78
3699	31602	8.54
3700	31561	8.53
3701	32497	8.78
3702	31621	8.54
3703	32611	8.81
3704	31644	8.54
3705	31582	8.52
3706	31839	8.59
3707	31713	8.55
3708	31626	8.53
3709	32063	8.64
3710	32498	8.76
3711	31616	8.52
3712	32685	8.81
3713	31677	8.53
3714	32118	8.65
3715	32454	8.74
3716	31630	8.51
3717	32765	8.81
3718	31775	8.55
3719	31498	8.47
3720	31655	8.51
3721	31791	8.54
3722	32376	8.70
3723	31980	8.59
3724	32333	8.68
3725	31976	8.58
3726	31792	8.53
3727	31900	8.56
3728	31983	8.58
3729	32341	8.67
3730	32647	8.75
3731	35482	9.51
3732	32401	8.68
3733	32560	8.72
3734	32235	8.63
3735	33760	9.04
3736	31846	8.52
3737	31900	8.54
3738	31985	8.56
3739	32771	8.76
3740	32329	8.64
3741	32292	8.63
3742	31948	8.54
3743	32095	8.57
3744	32366	8.64
3745	32214	8.60
3746	32215	8.60
3747	32124	8.57
3748	32210	8.59
3749	32357	8.63
3750	31879	8.50
3751	31980	8.53
3752	32285	8.60
3753	32569	8.68
3754	32404	8.63
3755	32474	8.65
3756	32252	8.59
3757	32803	8.73
3758	32589	8.67
3759	32323	8.60
3760	32109	8.54
3761	33349	8.87
3762	32127	8.54
3763	32730	8.70
3764	36151	9.60
3765	34019	9.04
3766	32253	8.56
3767	35857	9.52
3768	32385	8.59
3769	31925	8.47
3770	32790	8.70
3771	33143	8.79
3772	32236	8.55
3773	32153	8.52
3774	32680	8.66
3775	32193	8.53
3776	32558	8.62
3777	32657	8.65
3778	32488	8.60
3779	32672	8.65
3780	32042	8.48
3781	32352	8.56
3782	32509	8.60
3783	33365	8.82
3784	32472	8.58
3785	32838	8.68
3786	32465	8.58
3787	32487	8.58
3788	32549	8.59
3789	33036	8.72
3790	32991	8.70
3791	32534	8.58
3792	32528	8.58
3793	32599	8.59
3794	32457	8.55
3795	32596	8.59
3796	33053	8.71
3797	32135	8.46
3798	33033	8.70
3799	32241	8.49
3800	32385	8.52
3801	33527	8.82
3802	36569	9.62
3803	32826	8.63
3804	32810	8.63
3805	33757	8.87
3806	32488	8.54
3807	32925	8.65
3808	32530	8.54
3809	32509	8.53
3810	32235	8.46
3811	32946	8.64
3812	32648	8.56
3813	32727	8.58
3814	33011	8.66
3815	32675	8.56
3816	32753	8.58
3817	32978	8.64
3818	33239	8.71
3819	32775	8.58
3820	33194	8.69
3821	32591	8.53
3822	32822	8.59
3823	32773	8.57
3824	32823	8.58
3825	33630	8.79
3826	32290	8.44
3827	32972	8.62
3828	32474	8.48
3829	32725	8.55
3830	32871	8.58
3831	32755	8.55
3832	32685	8.53
3833	33302	8.69
3834	32770	8.55
3835	32899	8.58
3836	34102	8.89
3837	33627	8.76
3838	32896	8.57
3839	32425	8.45
3840	33294	8.67
3841	33443	8.71
3842	33009	8.59
3843	34275	8.92
3844	33580	8.74
3845	36835	9.58
3846	32786	8.52
3847	32888	8.55
3848	33501	8.71
3849	32976	8.57
3850	32872	8.54
3851	32496	8.44
3852	33010	8.57
3853	33083	8.59
3854	33383	8.66
3855	33059	8.58
3856	32618	8.46
3857	32832	8.51
3858	32609	8.45
3859	33017	8.56
3860	32946	8.54
3861	33986	8.80
3862	32639	8.45
3863	33403	8.65
3864	33183	8.59
3865	34034	8.81
3866	32603	8.43
3867	32765	8.47
3868	33069	8.55
3869	32703	8.45
3870	33600	8.68
3871	36546	9.44
3872	33109	8.55
3873	33080	8.54
3874	33254	8.58
3875	33322	8.60
3876	33058	8.53
3877	33761	8.71
3878	34545	8.91
3879	32844	8.47
3880	33727	8.69
3881	33251	8.57
3882	33864	8.72
3883	32798	8.45
3884	32780	8.44
3885	33674	8.67
3886	32756	8.43
3887	33365	8.58
3888	33775	8.69
3889	33987	8.74
3890	33903	8.72
3891	33553	8.62
3892	33911	8.71
3893	33615	8.63
3894	33072	8.49
3895	33014	8.48
3896	33908	8.70
3897	34026	8.73
3898	33114	8.50
3899	33694	8.64
3900	34084	8.74
3901	33492	8.59
3902	33154	8.50
3903	33595	8.61
3904	34487	8.83
3905	33991	8.70
3906	33474	8.57
3907	33781	8.65
3908	33788	8.65
3909	33598	8.60
3910	33477	8.56
3911	33269	8.51
3912	33985	8.69
3913	33157	8.47
3914	34597	8.84
3915	33223	8.49
3916	33967	8.67
3917	33432	8.54
3918	33388	8.52
3919	34089	8.70
3920	33310	8.50
3921	33284	8.49
3922	33730	8.60
3923	33238	8.47
3924	33686	8.58
3925	33923	8.64
3926	33447	8.52
3927	33719	8.59
3928	33646	8.57
3929	33222	8.46
3930	33297	8.47
3931	34129	8.68
3932	33607	8.55
3933	33651	8.56
3934	33767	8.58
3935	34155	8.68
3936	33708	8.56
3937	33400	8.48
3938	33787	8.58
3939	37161	9.43
3940	34019	8.63
3941	33656	8.54
3942	34449	8.74
3943	33686	8.54
3944	33757	8.56
3945	33794	8.57
3946	34195	8.67
3947	33764	8.55
3948	34949	8.85
3949	33794	8.56
3950	34096	8.63
3951	33844	8.57
3952	33746	8.54
3953	33706	8.53
3954	34003	8.60
3955	33688	8.52
3956	33813	8.55
3957	34089	8.61
3958	33819	8.54
3959	34019	8.59
3960	34638	8.75
3961	33661	8.50
3962	34026	8.59
3963	34910	8.81
3964	33739	8.51
3965	34006	8.58
3966	33759	8.51
3967	34459	8.69
3968	33608	8.47
3969	33951	8.55
3970	34487	8.69
3971	33943	8.55
3972	33609	8.46
3973	33931	8.54
3974	33895	8.53
3975	33890	8.53
3976	33879	8.52
3977	34201	8.60
3978	34592	8.70
3979	33850	8.51
3980	34777	8.74
3981	41915	10.53
3982	36802	9.24
3983	33800	8.49
3984	33485	8.40
3985	33971	8.52
3986	34072	8.55
3987	35179	8.82
3988	33608	8.43
3989	34025	8.53
3990	34619	8.68
3991	37495	9.39
3992	33588	8.41
3993	34146	8.55
3994	34780	8.71
3995	33785	8.46
3996	33587	8.41
3997	34074	8.52
3998	34838	8.71
3999	33988	8.50
4000	33601	8.40
