N	Total Time	Average CPE
1	43	43.00
2	55	27.50
3	66	22.00
4	79	19.75
5	95	19.00
6	244	40.67
7	138	19.71
8	250	31.25
9	269	29.89
10	263	26.30
11	299	27.18
12	348	29.00
13	629	48.38
14	442	31.57
15	321	21.40
16	328	20.50
17	348	20.47
18	366	20.33
19	383	20.16
20	408	20.40
21	426	20.29
22	604	27.45
23	667	29.00
24	521	21.71
25	552	22.08
26	565	21.73
27	650	24.07
28	3943	140.82
29	638	22.00
30	665	22.17
31	669	21.58
32	693	21.66
33	710	21.52
34	734	21.59
35	756	21.60
36	778	21.61
37	805	21.76
38	833	21.92
39	849	21.77
40	854	21.35
41	874	21.32
42	907	21.60
43	919	21.37
44	987	22.43
45	963	21.40
46	997	21.67
47	1018	21.66
48	1034	21.54
49	1054	21.51
50	1079	21.58
51	1095	21.47
52	1589	30.56
53	1134	21.40
54	1173	21.72
55	1172	21.31
56	1273	22.73
57	1229	21.56
58	1292	22.28
59	1271	21.54
60	1288	21.47
61	1313	21.52
62	1332	21.48
63	1350	21.43
64	1371	21.42
65	1399	21.52
66	1406	21.30
67	1435	21.42
68	1466	21.56
69	1552	22.49
70	1651	23.59
71	1527	21.51
72	1547	21.49
73	1565	21.44
74	1700	22.97
75	1599	21.32
76	1628	21.42
77	1644	21.35
78	1772	22.72
79	2661	33.68
80	1716	21.45
81	1729	21.35
82	1747	21.30
83	1779	21.43
84	1797	21.39
85	1826	21.48
86	1842	21.42
87	2130	24.48
88	1878	21.34
89	1903	21.38
90	2290	25.44
91	1948	21.41
92	1969	21.40
93	1999	21.49
94	2054	21.85
95	2042	21.49
96	2594	27.02
97	2091	21.56
98	2438	24.88
99	3372	34.06
100	2563	25.63
101	3045	30.15
102	2180	21.37
103	2220	21.55
104	2217	21.32
105	2799	26.66
106	2255	21.27
107	3465	32.38
108	2318	21.46
109	2324	21.32
110	2355	21.41
111	2375	21.40
112	2400	21.43
113	2437	21.57
114	2427	21.29
115	2462	21.41
116	2485	21.42
117	2731	23.34
118	2516	21.32
119	2589	21.76
120	2564	21.37
121	2594	21.44
122	2916	23.90
123	2641	21.47
124	2694	21.73
125	2670	21.36
126	2693	21.37
127	2728	21.48
128	2744	21.44
129	2851	22.10
130	2813	21.64
131	2805	21.41
132	2833	21.46
133	2853	21.45
134	2879	21.49
135	2946	21.82
136	2919	21.46
137	2937	21.44
138	2952	21.39
139	2980	21.44
140	3028	21.63
141	3019	21.41
142	3039	21.40
143	3105	21.71
144	3146	21.85
145	3123	21.54
146	3121	21.38
147	3614	24.59
148	3171	21.43
149	6792	45.58
150	3341	22.27
151	3716	24.61
152	3769	24.80
153	3404	22.25
154	3348	21.74
155	3356	21.65
156	3489	22.37
157	3362	21.41
158	3597	22.77
159	3449	21.69
160	3798	23.74
161	3458	21.48
162	3528	21.78
163	3510	21.53
164	3504	21.37
165	3575	21.67
166	5826	35.10
167	3654	21.88
168	3659	21.78
169	3731	22.08
170	3611	21.24
171	3644	21.31
172	3738	21.73
173	3724	21.53
174	3760	21.61
175	3806	21.75
176	3753	21.32
177	3804	21.49
178	3841	21.58
179	3811	21.29
180	3886	21.59
181	3894	21.51
182	3892	21.38
183	3914	21.39
184	3954	21.49
185	3971	21.46
186	3965	21.32
187	4231	22.63
188	4026	21.41
189	4038	21.37
190	4230	22.26
191	4084	21.38
192	4119	21.45
193	4116	21.33
194	4121	21.24
195	4193	21.50
196	4187	21.36
197	4391	22.29
198	4276	21.60
199	4257	21.39
200	5526	27.63
201	4427	22.02
202	4374	21.65
203	4333	21.34
204	4706	23.07
205	4416	21.54
206	4382	21.27
207	4765	23.02
208	4453	21.41
209	4450	21.29
210	4478	21.32
211	4496	21.31
212	4508	21.26
213	4582	21.51
214	4819	22.52
215	4644	21.60
216	4601	21.30
217	4606	21.23
218	4894	22.45
219	4647	21.22
220	4679	21.27
221	4775	21.61
222	4746	21.38
223	4793	21.49
224	4832	21.57
225	4802	21.34
226	4824	21.35
227	5167	22.76
228	4859	21.31
229	4891	21.36
230	5027	21.86
231	5008	21.68
232	5013	21.61
233	5778	24.80
234	5895	25.19
235	5299	22.55
236	5193	22.00
237	5073	21.41
238	5090	21.39
239	5106	21.36
240	5125	21.35
241	5431	22.54
242	5204	21.50
243	5391	22.19
244	5507	22.57
245	5259	21.47
246	5237	21.29
247	5581	22.60
248	5279	21.29
249	5342	21.45
250	5639	22.56
251	5366	21.38
252	5547	22.01
253	5455	21.56
254	5421	21.34
255	5775	22.65
256	5452	21.30
257	5553	21.61
258	5813	22.53
259	5523	21.32
260	5563	21.40
261	5644	21.62
262	5617	21.44
263	6017	22.88
264	5649	21.40
265	5868	22.14
266	5970	22.44
267	6341	23.75
268	5988	22.34
269	5782	21.49
270	5970	22.11
271	6083	22.45
272	5789	21.28
273	5830	21.36
274	5878	21.45
275	5876	21.37
276	6238	22.60
277	5930	21.41
278	6183	22.24
279	6027	21.60
280	6037	21.56
281	6327	22.52
282	6193	21.96
283	6167	21.79
284	6123	21.56
285	6253	21.94
286	6143	21.48
287	6308	21.98
288	6266	21.76
289	6166	21.34
290	6288	21.68
291	6227	21.40
292	6259	21.43
293	6279	21.43
294	6266	21.31
295	6422	21.77
296	6342	21.43
297	6599	22.22
298	6804	22.83
299	6409	21.43
300	7460	24.87
301	6453	21.44
302	6484	21.47
303	6493	21.43
304	6511	21.42
305	6704	21.98
306	6568	21.46
307	6618	21.56
308	6814	22.12
309	6664	21.57
310	6631	21.39
311	6687	21.50
312	6686	21.43
313	6990	22.33
314	6905	21.99
315	6758	21.45
316	6793	21.50
317	7047	22.23
318	6874	21.62
319	7095	22.24
320	6906	21.58
321	7225	22.51
322	7183	22.31
323	7058	21.85
324	6947	21.44
325	6964	21.43
326	8097	24.84
327	7080	21.65
328	7064	21.54
329	7074	21.50
330	7109	21.54
331	7266	21.95
332	7215	21.73
333	7135	21.43
334	7438	22.27
335	7220	21.55
336	7468	22.23
337	7282	21.61
338	7675	22.71
339	7336	21.64
340	7285	21.43
341	7317	21.46
342	7657	22.39
343	7425	21.65
344	7360	21.40
345	7452	21.60
346	7713	22.29
347	7920	22.82
348	7521	21.61
349	7577	21.71
350	8155	23.30
351	7643	21.77
352	7542	21.43
353	7577	21.46
354	7856	22.19
355	7695	21.68
356	7898	22.19
357	7935	22.23
358	7684	21.46
359	7884	21.96
360	9452	26.26
361	8368	23.18
362	7761	21.44
363	7783	21.44
364	8198	22.52
365	7845	21.49
366	8239	22.51
367	7872	21.45
368	8173	22.21
369	8109	21.98
370	9631	26.03
371	8165	22.01
372	8082	21.73
373	8563	22.96
374	8238	22.03
375	8389	22.37
376	8074	21.47
377	8079	21.43
378	8636	22.85
379	8158	21.53
380	8421	22.16
381	8219	21.57
382	8752	22.91
383	8454	22.07
384	8510	22.16
385	8219	21.35
386	8298	21.50
387	8282	21.40
388	9058	23.35
389	8587	22.07
390	8404	21.55
391	12633	32.31
392	8413	21.46
393	8752	22.27
394	8664	21.99
395	8524	21.58
396	8709	21.99
397	8738	22.01
398	9136	22.95
399	8546	21.42
400	9761	24.40
401	8609	21.47
402	8808	21.91
403	8669	21.51
404	8636	21.38
405	8794	21.71
406	9842	24.24
407	8703	21.38
408	8721	21.38
409	8953	21.89
410	8739	21.31
411	8957	21.79
412	9434	22.90
413	8846	21.42
414	8868	21.42
415	8879	21.40
416	8938	21.49
417	8997	21.58
418	8996	21.52
419	11444	27.31
420	8997	21.42
421	9242	21.95
422	9142	21.66
423	9164	21.66
424	9301	21.94
425	9162	21.56
426	9321	21.88
427	9179	21.50
428	9451	22.08
429	9188	21.42
430	9226	21.46
431	9242	21.44
432	9660	22.36
433	9259	21.38
434	9515	21.92
435	9444	21.71
436	9394	21.55
437	9581	21.92
438	9416	21.50
439	9579	21.82
440	9381	21.32
441	10395	23.57
442	9653	21.84
443	9661	21.81
444	9852	22.19
445	9754	21.92
446	9746	21.85
447	9835	22.00
448	9590	21.41
449	9585	21.35
450	9757	21.68
451	10172	22.55
452	9702	21.46
453	9978	22.03
454	9748	21.47
455	9756	21.44
456	10031	22.00
457	10171	22.26
458	9821	21.44
459	10010	21.81
460	9850	21.41
461	10121	21.95
462	9986	21.61
463	9954	21.50
464	9944	21.43
465	9960	21.42
466	10171	21.83
467	10079	21.58
468	10045	21.46
469	10099	21.53
470	10104	21.50
471	10116	21.48
472	10109	21.42
473	10408	22.00
474	10167	21.45
475	11489	24.19
476	10267	21.57
477	10605	22.23
478	10260	21.46
479	10263	21.43
480	10308	21.48
481	10571	21.98
482	10501	21.79
483	10670	22.09
484	10833	22.38
485	10849	22.37
486	10399	21.40
487	10531	21.62
488	10855	22.24
489	11900	24.34
490	10952	22.35
491	14771	30.08
492	11218	22.80
493	10595	21.49
494	10822	21.91
495	10831	21.88
496	10584	21.34
497	11071	22.28
498	10980	22.05
499	10910	21.86
500	12472	24.94
501	11239	22.43
502	11292	22.49
503	10850	21.57
504	11305	22.43
505	10914	21.61
506	11215	22.16
507	10855	21.41
508	11103	21.86
509	11318	22.24
510	11269	22.10
511	11003	21.53
512	11260	21.99
513	11326	22.08
514	11686	22.74
515	11262	21.87
516	11060	21.43
517	11453	22.15
518	11293	21.80
519	11130	21.45
520	11490	22.10
521	11469	22.01
522	11483	22.00
523	11379	21.76
524	11414	21.78
525	11599	22.09
526	11561	21.98
527	11470	21.76
528	11597	21.96
529	11634	21.99
530	11522	21.74
531	11396	21.46
532	12571	23.63
533	11753	22.05
534	11478	21.49
535	11569	21.62
536	11443	21.35
537	11574	21.55
538	11623	21.60
539	11564	21.45
540	12289	22.76
541	11631	21.50
542	11646	21.49
543	11911	21.94
544	12603	23.17
545	11688	21.45
546	12009	21.99
547	12108	22.14
548	11973	21.85
549	12135	22.10
550	11833	21.51
551	11883	21.57
552	11959	21.66
553	11941	21.59
554	11944	21.56
555	11953	21.54
556	11918	21.44
557	12020	21.58
558	11982	21.47
559	12260	21.93
560	12048	21.51
561	12041	21.46
562	12018	21.38
563	12024	21.36
564	12094	21.44
565	12159	21.52
566	12286	21.71
567	12415	21.90
568	12402	21.83
569	12516	22.00
570	12315	21.61
571	12545	21.97
572	13219	23.11
573	16138	28.16
574	12325	21.47
575	12557	21.84
576	12628	21.92
577	12554	21.76
578	12428	21.50
579	12804	22.11
580	12486	21.53
581	12447	21.42
582	12463	21.41
583	12524	21.48
584	12589	21.56
585	12744	21.78
586	12808	21.86
587	12628	21.51
588	13012	22.13
589	13099	22.24
590	12715	21.55
591	12748	21.57
592	12713	21.47
593	14495	24.44
594	12766	21.49
595	13113	22.04
596	12809	21.49
597	12941	21.68
598	13329	22.29
599	13028	21.75
600	14112	23.52
601	12921	21.50
602	13218	21.96
603	14018	23.25
604	13225	21.90
605	12962	21.42
606	13207	21.79
607	12979	21.38
608	13274	21.83
609	13841	22.73
610	13468	22.08
611	13393	21.92
612	13123	21.44
613	13155	21.46
614	13331	21.71
615	13674	22.23
616	13298	21.59
617	14585	23.64
618	13620	22.04
619	13306	21.50
620	13324	21.49
621	14339	23.09
622	13385	21.52
623	13349	21.43
624	13374	21.43
625	13569	21.71
626	13729	21.93
627	13496	21.52
628	13797	21.97
629	14025	22.30
630	13831	21.95
631	13842	21.94
632	13883	21.97
633	13881	21.93
634	14168	22.35
635	13901	21.89
636	14118	22.20
637	13654	21.43
638	13983	21.92
639	14647	22.92
640	13693	21.40
641	13972	21.80
642	14049	21.88
643	14016	21.80
644	14966	23.24
645	13936	21.61
646	17573	27.20
647	14712	22.74
648	14133	21.81
649	13953	21.50
650	14403	22.16
651	14839	22.79
652	13912	21.34
653	14265	21.85
654	14293	21.85
655	14262	21.77
656	14043	21.41
657	14096	21.46
658	14181	21.55
659	14628	22.20
660	14175	21.48
661	14228	21.52
662	14183	21.42
663	14705	22.18
664	14897	22.44
665	14249	21.43
666	14404	21.63
667	14842	22.25
668	14866	22.25
669	14337	21.43
670	14326	21.38
671	14942	22.27
672	14555	21.66
673	15007	22.30
674	14753	21.89
675	14450	21.41
676	15298	22.63
677	15037	22.21
678	15317	22.59
679	14545	21.42
680	14843	21.83
681	14911	21.90
682	14570	21.36
683	14854	21.75
684	15166	22.17
685	15098	22.04
686	14749	21.50
687	15075	21.94
688	15226	22.13
689	14956	21.71
690	15046	21.81
691	14863	21.51
692	15298	22.11
693	15005	21.65
694	15144	21.82
695	15048	21.65
696	15210	21.85
697	15000	21.52
698	14922	21.38
699	14980	21.43
700	18564	26.52
701	15054	21.48
702	15487	22.06
703	15038	21.39
704	15138	21.50
705	15413	21.86
706	15116	21.41
707	15752	22.28
708	15505	21.90
709	15291	21.57
710	16176	22.78
711	19627	27.60
712	15801	22.19
713	15546	21.80
714	15471	21.67
715	15614	21.84
716	16115	22.51
717	15617	21.78
718	15511	21.60
719	15675	21.80
720	15680	21.78
721	15729	21.82
722	15466	21.42
723	15717	21.74
724	16463	22.74
725	16145	22.27
726	15609	21.50
727	17508	24.08
728	15833	21.75
729	15938	21.86
730	15994	21.91
731	16014	21.91
732	15669	21.41
733	16101	21.97
734	16210	22.08
735	16497	22.44
736	16244	22.07
737	16124	21.88
738	16116	21.84
739	16328	22.09
740	16922	22.87
741	16025	21.63
742	15984	21.54
743	16055	21.61
744	16000	21.51
745	16786	22.53
746	16378	21.95
747	16133	21.60
748	15989	21.38
749	16042	21.42
750	16041	21.39
751	16434	21.88
752	16039	21.33
753	16251	21.58
754	16941	22.47
755	16360	21.67
756	16288	21.54
757	17665	23.34
758	16271	21.47
759	16439	21.66
760	16542	21.77
761	16900	22.21
762	16428	21.56
763	16957	22.22
764	17108	22.39
765	16597	21.70
766	16431	21.45
767	16992	22.15
768	17096	22.26
769	16719	21.74
770	17335	22.51
771	16609	21.54
772	17225	22.31
773	17179	22.22
774	16700	21.58
775	17189	22.18
776	17304	22.30
777	17083	21.99
778	17175	22.08
779	17410	22.35
780	17331	22.22
781	16994	21.76
782	17714	22.65
783	17589	22.46
784	17139	21.86
785	17192	21.90
786	17642	22.45
787	17535	22.28
788	16974	21.54
789	17309	21.94
790	17386	22.01
791	17328	21.91
792	17474	22.06
793	17316	21.84
794	17601	22.17
795	17166	21.59
796	17309	21.74
797	17421	21.86
798	17968	22.52
799	17798	22.28
800	19155	23.94
801	17750	22.16
802	17279	21.54
803	17606	21.93
804	17887	22.25
805	17324	21.52
806	17567	21.80
807	17536	21.73
808	18055	22.35
809	17870	22.09
810	18195	22.46
811	17461	21.53
812	17741	21.85
813	17812	21.91
814	18040	22.16
815	17635	21.64
816	17776	21.78
817	22240	27.22
818	23032	28.16
819	18192	22.21
820	18378	22.41
821	17956	21.87
822	17929	21.81
823	18169	22.08
824	18671	22.66
825	18251	22.12
826	21720	26.30
827	18045	21.82
828	18048	21.80
829	18373	22.16
830	18196	21.92
831	18408	22.15
832	17874	21.48
833	19004	22.81
834	18230	21.86
835	18198	21.79
836	19073	22.81
837	18054	21.57
838	18582	22.17
839	18203	21.70
840	20331	24.20
841	18250	21.70
842	18247	21.67
843	18933	22.46
844	18148	21.50
845	18325	21.69
846	18480	21.84
847	18717	22.10
848	18212	21.48
849	18444	21.72
850	18466	21.72
851	19319	22.70
852	18539	21.76
853	18367	21.53
854	18522	21.69
855	18911	22.12
856	18521	21.64
857	18955	22.12
858	18700	21.79
859	18960	22.07
860	18700	21.74
861	18963	22.02
862	18534	21.50
863	19745	22.88
864	19147	22.16
865	19132	22.12
866	18886	21.81
867	19180	22.12
868	19303	22.24
869	18682	21.50
870	18853	21.67
871	18811	21.60
872	19575	22.45
873	19718	22.59
874	18977	21.71
875	19559	22.35
876	19499	22.26
877	23624	26.94
878	19247	21.92
879	18934	21.54
880	19298	21.93
881	19024	21.59
882	18989	21.53
883	19363	21.93
884	19051	21.55
885	19374	21.89
886	19408	21.91
887	19789	22.31
888	19425	21.88
889	19334	21.75
890	19296	21.68
891	19512	21.90
892	19707	22.09
893	19345	21.66
894	19340	21.63
895	19642	21.95
896	19385	21.64
897	19943	22.23
898	19645	21.88
899	19644	21.85
900	21808	24.23
901	20511	22.76
902	20037	22.21
903	19811	21.94
904	20029	22.16
905	19672	21.74
906	19973	22.05
907	19572	21.58
908	19908	21.93
909	19695	21.67
910	19715	21.66
911	19743	21.67
912	21163	23.21
913	20027	21.94
914	20348	22.26
915	20657	22.58
916	19771	21.58
917	20036	21.85
918	20475	22.30
919	20284	22.07
920	20333	22.10
921	20776	22.56
922	20006	21.70
923	20477	22.19
924	20378	22.05
925	20810	22.50
926	21114	22.80
927	20877	22.52
928	20720	22.33
929	20704	22.29
930	20267	21.79
931	20347	21.85
932	20375	21.86
933	20476	21.95
934	20367	21.81
935	20566	22.00
936	21139	22.58
937	20919	22.33
938	20752	22.12
939	20402	21.73
940	20345	21.64
941	20867	22.18
942	20607	21.88
943	20589	21.83
944	21289	22.55
945	20821	22.03
946	20477	21.65
947	20762	21.92
948	21465	22.64
949	20933	22.06
950	21160	22.27
951	21127	22.22
952	20921	21.98
953	21443	22.50
954	21063	22.08
955	21150	22.15
956	21425	22.41
957	20834	21.77
958	20784	21.70
959	21090	21.99
960	21129	22.01
961	21118	21.98
962	21431	22.28
963	21038	21.85
964	21265	22.06
965	21137	21.90
966	21164	21.91
967	21605	22.34
968	21833	22.55
969	21360	22.04
970	22404	23.10
971	22132	22.79
972	21595	22.22
973	21393	21.99
974	21725	22.30
975	21196	21.74
976	21203	21.72
977	21894	22.41
978	21477	21.96
979	21878	22.35
980	21781	22.23
981	22208	22.64
982	21774	22.17
983	21569	21.94
984	21605	21.96
985	21458	21.78
986	21544	21.85
987	21800	22.09
988	21576	21.84
989	21514	21.75
990	22065	22.29
991	21552	21.75
992	22231	22.41
993	21826	21.98
994	22189	22.32
995	22704	22.82
996	21712	21.80
997	22238	22.30
998	22188	22.23
999	22023	22.05
1000	23534	23.53
1001	22505	22.48
1002	21837	21.79
1003	22180	22.11
1004	22234	22.15
1005	22045	21.94
1006	23079	22.94
1007	22754	22.60
1008	21946	21.77
1009	23048	22.84
1010	22763	22.54
1011	22631	22.38
1012	22032	21.77
1013	22583	22.29
1014	22935	22.62
1015	22847	22.51
1016	22553	22.20
1017	22842	22.46
1018	22621	22.22
1019	22773	22.35
1020	22856	22.41
1021	22422	21.96
1022	22677	22.19
1023	23324	22.80
1024	22628	22.10
1025	22442	21.89
1026	22766	22.19
1027	22629	22.03
1028	22674	22.06
1029	22752	22.11
1030	23609	22.92
1031	22547	21.87
1032	23068	22.35
1033	22825	22.10
1034	22722	21.97
1035	23763	22.96
1036	23659	22.84
1037	26423	25.48
1038	23015	22.17
1039	22978	22.12
1040	23740	22.83
1041	28061	26.96
1042	23212	22.28
1043	25205	24.17
1044	24644	23.61
1045	23692	22.67
1046	23485	22.45
1047	24233	23.15
1048	24096	22.99
1049	23883	22.77
1050	25149	23.95
1051	24692	23.49
1052	23888	22.71
1053	23855	22.65
1054	23610	22.40
1055	24207	22.95
1056	24174	22.89
1057	23696	22.42
1058	25890	24.47
1059	24364	23.01
1060	23861	22.51
1061	24383	22.98
1062	23556	22.18
1063	23929	22.51
1064	23956	22.52
1065	26311	24.71
1066	25224	23.66
1067	26883	25.19
1068	25121	23.52
1069	24020	22.47
1070	25455	23.79
1071	24362	22.75
1072	24359	22.72
1073	24048	22.41
1074	24286	22.61
1075	24540	22.83
1076	24488	22.76
1077	25079	23.29
1078	23850	22.12
1079	23931	22.18
1080	24025	22.25
1081	24231	22.42
1082	30106	27.82
1083	24472	22.60
1084	24561	22.66
1085	25560	23.56
1086	24348	22.42
1087	24592	22.62
1088	24839	22.83
1089	25316	23.25
1090	24616	22.58
1091	24816	22.75
1092	24292	22.25
1093	24589	22.50
1094	25337	23.16
1095	25717	23.49
1096	24371	22.24
1097	24219	22.08
1098	34608	31.52
1099	24256	22.07
1100	26528	24.12
1101	25497	23.16
1102	24573	22.30
1103	25001	22.67
1104	24803	22.47
1105	24605	22.27
1106	25485	23.04
1107	33962	30.68
1108	25304	22.84
1109	25256	22.77
1110	25173	22.68
1111	25401	22.86
1112	25919	23.31
1113	25558	22.96
1114	25005	22.45
1115	24884	22.32
1116	25044	22.44
1117	25522	22.85
1118	25382	22.70
1119	25751	23.01
1120	26953	24.07
1121	25844	23.05
1122	25098	22.37
1123	25313	22.54
1124	25094	22.33
1125	25837	22.97
1126	25610	22.74
1127	25339	22.48
1128	25894	22.96
1129	26039	23.06
1130	26036	23.04
1131	25920	22.92
1132	25342	22.39
1133	25617	22.61
1134	28719	25.33
1135	28367	24.99
1136	25739	22.66
1137	25925	22.80
1138	25729	22.61
1139	25841	22.69
1140	25692	22.54
1141	25809	22.62
1142	27223	23.84
1143	25726	22.51
1144	25961	22.69
1145	26101	22.80
1146	26102	22.78
1147	26881	23.44
1148	25618	22.32
1149	25666	22.34
1150	25716	22.36
1151	25678	22.31
1152	26091	22.65
1153	25727	22.31
1154	26704	23.14
1155	26957	23.34
1156	25881	22.39
1157	25915	22.40
1158	26970	23.29
1159	26227	22.63
1160	26262	22.64
1161	26001	22.40
1162	29267	25.19
1163	26788	23.03
1164	26456	22.73
1165	26699	22.92
1166	26505	22.73
1167	26542	22.74
1168	26570	22.75
1169	31609	27.04
1170	26578	22.72
1171	27483	23.47
1172	26524	22.63
1173	26538	22.62
1174	26802	22.83
1175	26475	22.53
1176	27338	23.25
1177	28800	24.47
1178	26752	22.71
1179	27281	23.14
1180	26858	22.76
1181	26882	22.76
1182	28182	23.84
1183	28444	24.04
1184	27320	23.07
1185	27251	23.00
1186	27907	23.53
1187	27177	22.90
1188	27450	23.11
1189	27388	23.03
1190	28170	23.67
1191	27425	23.03
1192	27577	23.14
1193	27276	22.86
1194	27202	22.78
1195	27623	23.12
1196	28138	23.53
1197	27578	23.04
1198	27902	23.29
1199	27509	22.94
1200	27513	22.93
1201	27506	22.90
1202	28188	23.45
1203	27935	23.22
1204	27623	22.94
1205	27691	22.98
1206	27509	22.81
1207	27500	22.78
1208	35534	29.42
1209	27496	22.74
1210	27336	22.59
1211	28054	23.17
1212	27646	22.81
1213	27654	22.80
1214	32393	26.68
1215	27601	22.72
1216	27920	22.96
1217	27833	22.87
1218	27619	22.68
1219	28472	23.36
1220	28081	23.02
1221	27922	22.87
1222	34135	27.93
1223	28209	23.07
1224	27870	22.77
1225	28028	22.88
1226	28265	23.05
1227	28165	22.95
1228	28176	22.94
1229	28309	23.03
1230	28238	22.96
1231	29091	23.63
1232	28203	22.89
1233	28724	23.30
1234	28296	22.93
1235	28331	22.94
1236	28166	22.79
1237	28677	23.18
1238	28306	22.86
1239	28605	23.09
1240	28404	22.91
1241	28590	23.04
1242	28672	23.09
1243	30003	24.14
1244	33162	26.66
1245	33369	26.80
1246	28764	23.09
1247	29411	23.59
1248	29332	23.50
1249	28861	23.11
1250	28629	22.90
1251	28945	23.14
1252	28520	22.78
1253	37628	30.03
1254	29472	23.50
1255	28637	22.82
1256	28951	23.05
1257	29790	23.70
1258	29346	23.33
1259	28939	22.99
1260	41193	32.69
1261	29196	23.15
1262	30312	24.02
1263	29156	23.08
1264	29103	23.02
1265	29246	23.12
1266	29293	23.14
1267	29364	23.18
1268	28909	22.80
1269	29591	23.32
1270	28978	22.82
1271	29331	23.08
1272	29908	23.51
1273	29196	22.93
1274	29504	23.16
1275	29323	23.00
1276	29580	23.18
1277	33071	25.90
1278	29849	23.36
1279	29833	23.33
1280	29569	23.10
1281	29179	22.78
1282	30594	23.86
1283	29672	23.13
1284	29696	23.13
1285	29922	23.29
1286	30300	23.56
1287	30086	23.38
1288	30599	23.76
1289	30111	23.36
1290	30602	23.72
1291	30862	23.91
1292	30078	23.28
1293	39646	30.66
1294	30163	23.31
1295	29830	23.03
1296	29503	22.76
1297	29502	22.75
1298	40103	30.90
1299	31659	24.37
1300	30106	23.16
1301	30415	23.38
1302	30706	23.58
1303	30415	23.34
1304	32200	24.69
1305	30144	23.10
1306	30336	23.23
1307	30170	23.08
1308	30391	23.23
1309	30431	23.25
1310	30707	23.44
1311	30272	23.09
1312	30417	23.18
1313	30342	23.11
1314	30464	23.18
1315	30414	23.13
1316	30605	23.26
1317	30259	22.98
1318	30745	23.33
1319	30981	23.49
1320	44285	33.55
1321	31188	23.61
1322	30756	23.26
1323	31264	23.63
1324	30991	23.41
1325	30724	23.19
1326	32366	24.41
1327	30624	23.08
1328	31224	23.51
1329	30706	23.10
1330	37026	27.84
1331	30594	22.99
1332	32687	24.54
1333	31274	23.46
1334	31246	23.42
1335	31690	23.74
1336	30920	23.14
1337	31250	23.37
1338	31347	23.43
1339	32431	24.22
1340	30948	23.10
1341	32112	23.95
1342	31049	23.14
1343	31648	23.57
1344	31372	23.34
1345	31628	23.52
1346	31805	23.63
1347	31636	23.49
1348	32583	24.17
1349	32006	23.73
1350	32023	23.72
1351	31312	23.18
1352	31195	23.07
1353	40401	29.86
1354	32668	24.13
1355	32416	23.92
1356	32386	23.88
1357	32604	24.03
1358	31406	23.13
1359	31966	23.52
1360	32606	23.98
1361	40835	30.00
1362	31982	23.48
1363	31898	23.40
1364	31995	23.46
1365	32216	23.60
1366	31964	23.40
1367	32111	23.49
1368	32367	23.66
1369	32805	23.96
1370	31690	23.13
1371	32832	23.95
1372	32095	23.39
1373	32604	23.75
1374	33021	24.03
1375	32649	23.74
1376	31688	23.03
1377	32259	23.43
1378	33381	24.22
1379	33048	23.97
1380	32339	23.43
1381	33229	24.06
1382	32562	23.56
1383	36645	26.50
1384	37476	27.08
1385	32687	23.60
1386	31867	22.99
1387	32109	23.15
1388	32981	23.76
1389	32160	23.15
1390	32581	23.44
1391	32957	23.69
1392	32563	23.39
1393	32166	23.09
1394	32681	23.44
1395	32965	23.63
1396	32998	23.64
1397	32772	23.46
1398	33057	23.65
1399	38991	27.87
1400	35498	25.36
1401	33153	23.66
1402	32792	23.39
1403	42516	30.30
1404	32831	23.38
1405	33207	23.63
1406	32867	23.38
1407	33450	23.77
1408	33201	23.58
1409	33410	23.71
1410	33975	24.10
1411	32873	23.30
1412	33515	23.74
1413	33620	23.79
1414	33243	23.51
1415	33895	23.95
1416	33300	23.52
1417	33021	23.30
1418	33225	23.43
1419	33488	23.60
1420	33544	23.62
1421	33540	23.60
1422	33771	23.75
1423	33517	23.55
1424	34207	24.02
1425	33598	23.58
1426	33565	23.54
1427	34042	23.86
1428	33588	23.52
1429	33441	23.40
1430	33753	23.60
1431	34183	23.89
1432	33513	23.40
1433	42716	29.81
1434	34127	23.80
1435	33584	23.40
1436	33350	23.22
1437	42818	29.80
1438	34217	23.79
1439	33475	23.26
1440	34208	23.76
1441	42500	29.49
1442	34527	23.94
1443	34793	24.11
1444	33710	23.34
1445	34040	23.56
1446	34791	24.06
1447	34332	23.73
1448	33857	23.38
1449	42870	29.59
1450	34717	23.94
1451	35422	24.41
1452	34708	23.90
1453	34360	23.65
1454	33923	23.33
1455	35251	24.23
1456	34215	23.50
1457	35029	24.04
1458	33982	23.31
1459	34635	23.74
1460	33984	23.28
1461	34717	23.76
1462	34072	23.31
1463	38583	26.37
1464	34238	23.39
1465	34302	23.41
1466	34867	23.78
1467	34750	23.69
1468	35003	23.84
1469	34680	23.61
1470	34601	23.54
1471	35148	23.89
1472	34921	23.72
1473	35112	23.84
1474	35045	23.78
1475	34936	23.69
1476	35888	24.31
1477	34814	23.57
1478	34830	23.57
1479	34729	23.48
1480	35457	23.96
1481	34977	23.62
1482	35841	24.18
1483	34865	23.51
1484	35054	23.62
1485	36137	24.33
1486	44279	29.80
1487	35516	23.88
1488	34805	23.39
1489	36049	24.21
1490	36497	24.49
1491	35595	23.87
1492	36443	24.43
1493	35361	23.68
1494	34764	23.27
1495	36213	24.22
1496	35990	24.06
1497	35721	23.86
1498	35852	23.93
1499	35185	23.47
1500	36713	24.48
1501	36050	24.02
1502	35132	23.39
1503	36699	24.42
1504	35881	23.86
1505	35573	23.64
1506	35938	23.86
1507	35998	23.89
1508	43189	28.64
1509	36278	24.04
1510	35810	23.72
1511	35389	23.42
1512	36097	23.87
1513	36564	24.17
1514	36195	23.91
1515	36367	24.00
1516	46904	30.94
1517	43352	28.58
1518	36747	24.21
1519	47624	31.35
1520	36339	23.91
1521	37053	24.36
1522	36361	23.89
1523	36476	23.95
1524	37605	24.68
1525	36692	24.06
1526	36133	23.68
1527	36315	23.78
1528	36347	23.79
1529	37098	24.26
1530	36201	23.66
1531	36521	23.85
1532	36081	23.55
1533	36941	24.10
1534	36178	23.58
1535	36777	23.96
1536	36471	23.74
1537	36784	23.93
1538	36472	23.71
1539	36586	23.77
1540	37262	24.20
1541	36529	23.70
1542	36620	23.75
1543	36928	23.93
1544	36705	23.77
1545	43793	28.34
1546	39118	25.30
1547	36983	23.91
1548	36682	23.70
1549	36650	23.66
1550	37538	24.22
1551	40908	26.38
1552	37473	24.14
1553	38272	24.64
1554	39010	25.10
1555	37781	24.30
1556	37732	24.25
1557	38618	24.80
1558	37505	24.07
1559	39625	25.42
1560	37501	24.04
1561	37667	24.13
1562	37621	24.09
1563	38007	24.32
1564	37412	23.92
1565	37751	24.12
1566	37590	24.00
1567	37795	24.12
1568	38807	24.75
1569	37441	23.86
1570	37245	23.72
1571	39416	25.09
1572	38109	24.24
1573	37545	23.87
1574	38015	24.15
1575	39451	25.05
1576	37884	24.04
1577	37543	23.81
1578	37589	23.82
1579	37695	23.87
1580	43263	27.38
1581	38047	24.07
1582	38077	24.07
1583	37768	23.86
1584	37833	23.88
1585	38237	24.12
1586	37777	23.82
1587	37879	23.87
1588	37984	23.92
1589	42345	26.65
1590	37862	23.81
1591	37706	23.70
1592	38527	24.20
1593	38176	23.96
1594	38411	24.10
1595	40400	25.33
1596	45279	28.37
1597	38419	24.06
1598	38748	24.25
1599	38783	24.25
1600	38553	24.10
1601	38629	24.13
1602	40059	25.01
1603	38831	24.22
1604	39072	24.36
1605	38590	24.04
1606	38817	24.17
1607	38566	24.00
1608	39336	24.46
1609	39028	24.26
1610	38446	23.88
1611	38662	24.00
1612	38865	24.11
1613	38732	24.01
1614	40892	25.34
1615	38816	24.03
1616	39698	24.57
1617	38720	23.95
1618	41339	25.55
1619	38664	23.88
1620	38942	24.04
1621	39654	24.46
1622	39113	24.11
1623	38763	23.88
1624	38869	23.93
1625	43807	26.96
1626	38855	23.90
1627	38865	23.89
1628	39417	24.21
1629	39392	24.18
1630	39991	24.53
1631	39545	24.25
1632	40083	24.56
1633	39277	24.05
1634	39249	24.02
1635	39559	24.20
1636	39142	23.93
1637	40564	24.78
1638	39475	24.10
1639	39361	24.02
1640	39847	24.30
1641	41406	25.23
1642	40514	24.67
1643	51447	31.31
1644	39583	24.08
1645	39913	24.26
1646	39473	23.98
1647	39781	24.15
1648	40932	24.84
1649	41680	25.28
1650	41750	25.30
1651	40320	24.42
1652	42456	25.70
1653	40199	24.32
1654	44287	26.78
1655	39610	23.93
1656	39895	24.09
1657	40899	24.68
1658	39701	23.95
1659	40243	24.26
1660	39697	23.91
1661	40783	24.55
1662	40089	24.12
1663	40584	24.40
1664	40192	24.15
1665	50043	30.06
1666	41249	24.76
1667	40997	24.59
1668	40243	24.13
1669	40892	24.50
1670	44825	26.84
1671	40240	24.08
1672	40256	24.08
1673	40237	24.05
1674	40790	24.37
1675	40572	24.22
1676	40148	23.95
1677	41052	24.48
1678	41125	24.51
1679	40545	24.15
1680	40860	24.32
1681	40678	24.20
1682	40765	24.24
1683	40774	24.23
1684	40812	24.24
1685	41227	24.47
1686	40613	24.09
1687	40694	24.12
1688	41535	24.61
1689	41026	24.29
1690	41015	24.27
1691	41072	24.29
1692	41273	24.39
1693	45502	26.88
1694	41032	24.22
1695	42140	24.86
1696	41886	24.70
1697	42194	24.86
1698	41058	24.18
1699	42817	25.20
1700	44405	26.12
1701	41442	24.36
1702	41083	24.14
1703	42912	25.20
1704	41759	24.51
1705	41753	24.49
1706	41402	24.27
1707	41251	24.17
1708	41704	24.42
1709	41490	24.28
1710	41738	24.41
1711	44718	26.14
1712	41362	24.16
1713	41354	24.14
1714	42710	24.92
1715	42128	24.56
1716	41265	24.05
1717	41419	24.12
1718	41238	24.00
1719	41304	24.03
1720	40957	23.81
1721	42178	24.51
1722	42683	24.79
1723	41939	24.34
1724	42732	24.79
1725	42646	24.72
1726	41760	24.19
1727	42568	24.65
1728	41416	23.97
1729	42386	24.51
1730	42400	24.51
1731	42181	24.37
1732	41709	24.08
1733	42856	24.73
1734	41968	24.20
1735	42859	24.70
1736	41588	23.96
1737	41756	24.04
1738	42510	24.46
1739	42691	24.55
1740	42328	24.33
1741	42111	24.19
1742	42120	24.18
1743	42187	24.20
1744	42742	24.51
1745	42017	24.08
1746	42855	24.54
1747	50905	29.14
1748	42897	24.54
1749	42855	24.50
1750	42594	24.34
1751	42494	24.27
1752	42347	24.17
1753	42310	24.14
1754	42817	24.41
1755	42099	23.99
1756	43855	24.97
1757	42568	24.23
1758	43390	24.68
1759	43554	24.76
1760	42795	24.32
1761	43289	24.58
1762	48408	27.47
1763	43259	24.54
1764	42976	24.36
1765	43398	24.59
1766	43000	24.35
1767	43323	24.52
1768	43367	24.53
1769	43826	24.77
1770	42725	24.14
1771	42783	24.16
1772	43317	24.45
1773	43144	24.33
1774	43131	24.31
1775	42517	23.95
1776	42792	24.09
1777	44167	24.85
1778	42842	24.10
1779	43020	24.18
1780	43240	24.29
1781	43083	24.19
1782	43135	24.21
1783	43223	24.24
1784	43385	24.32
1785	44180	24.75
1786	51912	29.07
1787	53250	29.80
1788	43711	24.45
1789	43070	24.07
1790	47690	26.64
1791	43915	24.52
1792	43350	24.19
1793	43980	24.53
1794	43388	24.19
1795	43993	24.51
1796	43159	24.03
1797	48142	26.79
1798	49005	27.26
1799	48527	26.97
1800	43744	24.30
1801	44265	24.58
1802	45280	25.13
1803	43389	24.06
1804	43849	24.31
1805	45496	25.21
1806	45072	24.96
1807	44035	24.37
1808	44422	24.57
1809	43514	24.05
1810	44001	24.31
1811	43963	24.28
1812	43534	24.03
1813	43844	24.18
1814	43891	24.20
1815	43828	24.15
1816	43472	23.94
1817	45277	24.92
1818	55158	30.34
1819	53494	29.41
1820	44873	24.66
1821	45631	25.06
1822	45383	24.91
1823	43936	24.10
1824	44647	24.48
1825	44095	24.16
1826	44365	24.30
1827	44266	24.23
1828	46903	25.66
1829	45072	24.64
1830	44982	24.58
1831	44516	24.31
1832	43996	24.02
1833	53138	28.99
1834	44291	24.15
1835	44760	24.39
1836	44229	24.09
1837	46060	25.07
1838	49055	26.69
1839	243939	132.65
1840	48373	26.29
1841	46687	25.36
1842	46914	25.47
1843	45146	24.50
1844	45396	24.62
1845	46018	24.94
1846	47022	25.47
1847	45618	24.70
1848	45785	24.78
1849	45486	24.60
1850	47605	25.73
1851	45789	24.74
1852	45484	24.56
1853	45653	24.64
1854	45817	24.71
1855	45523	24.54
1856	46109	24.84
1857	46071	24.81
1858	46107	24.82
1859	45226	24.33
1860	48040	25.83
1861	48817	26.23
1862	45061	24.20
1863	45181	24.25
1864	55699	29.88
1865	46329	24.84
1866	46551	24.95
1867	45893	24.58
1868	45876	24.56
1869	49797	26.64
1870	47442	25.37
1871	45215	24.17
1872	45578	24.35
1873	45963	24.54
1874	46380	24.75
1875	46342	24.72
1876	45670	24.34
1877	46126	24.57
1878	45876	24.43
1879	49771	26.49
1880	45788	24.36
1881	46293	24.61
1882	46020	24.45
1883	46421	24.65
1884	46081	24.46
1885	46131	24.47
1886	46055	24.42
1887	45844	24.29
1888	46072	24.40
1889	48206	25.52
1890	47133	24.94
1891	47239	24.98
1892	46947	24.81
1893	46679	24.66
1894	47022	24.83
1895	46007	24.28
1896	46445	24.50
1897	47868	25.23
1898	46699	24.60
1899	46578	24.53
1900	47863	25.19
1901	47471	24.97
1902	47093	24.76
1903	46759	24.57
1904	47413	24.90
1905	52022	27.31
1906	52874	27.74
1907	47318	24.81
1908	51940	27.22
1909	50455	26.43
1910	51732	27.08
1911	47703	24.96
1912	53988	28.24
1913	48734	25.48
1914	49929	26.09
1915	50161	26.19
1916	46818	24.44
1917	48263	25.18
1918	47487	24.76
1919	47654	24.83
1920	46332	24.13
1921	47526	24.74
1922	47957	24.95
1923	47087	24.49
1924	47061	24.46
1925	46504	24.16
1926	47349	24.58
1927	51071	26.50
1928	46503	24.12
1929	54895	28.46
1930	47390	24.55
1931	47643	24.67
1932	48292	25.00
1933	48029	24.85
1934	48142	24.89
1935	48152	24.88
1936	46902	24.23
1937	47356	24.45
1938	48214	24.88
1939	47887	24.70
1940	47254	24.36
1941	47072	24.25
1942	47746	24.59
1943	47725	24.56
1944	48225	24.81
1945	51671	26.57
1946	47874	24.60
1947	55861	28.69
1948	47561	24.42
1949	48022	24.64
1950	51146	26.23
1951	47592	24.39
1952	47803	24.49
1953	47563	24.35
1954	48579	24.86
1955	49209	25.17
1956	54572	27.90
1957	48170	24.61
1958	48687	24.87
1959	48501	24.76
1960	48013	24.50
1961	48887	24.93
1962	48367	24.65
1963	48359	24.64
1964	53078	27.03
1965	48367	24.61
1966	48664	24.75
1967	49318	25.07
1968	64118	32.58
1969	48274	24.52
1970	48735	24.74
1971	48157	24.43
1972	49151	24.92
1973	57655	29.22
1974	48898	24.77
1975	48766	24.69
1976	48836	24.71
1977	61132	30.92
1978	48857	24.70
1979	48701	24.61
1980	48929	24.71
1981	49108	24.79
1982	49186	24.82
1983	48882	24.65
1984	48922	24.66
1985	49441	24.91
1986	49478	24.91
1987	48741	24.53
1988	48764	24.53
1989	49618	24.95
1990	48768	24.51
1991	49880	25.05
1992	48842	24.52
1993	48960	24.57
1994	49299	24.72
1995	49499	24.81
1996	50181	25.14
1997	50551	25.31
1998	49428	24.74
1999	49695	24.86
2000	50220	25.11
2001	49941	24.96
2002	49899	24.92
2003	49164	24.55
2004	49729	24.81
2005	50098	24.99
2006	49613	24.73
2007	49700	24.76
2008	49980	24.89
2009	50268	25.02
2010	50688	25.22
2011	51612	25.66
2012	50881	25.29
2013	49469	24.57
2014	49067	24.36
2015	50614	25.12
2016	49982	24.79
2017	49480	24.53
2018	51095	25.32
2019	49041	24.29
2020	50088	24.80
2021	49440	24.46
2022	50124	24.79
2023	49886	24.66
2024	49668	24.54
2025	50336	24.86
2026	49669	24.52
2027	50257	24.79
2028	51100	25.20
2029	50464	24.87
2030	49520	24.39
2031	49870	24.55
2032	50740	24.97
2033	49677	24.44
2034	49613	24.39
2035	51345	25.23
2036	51176	25.14
2037	49998	24.54
2038	50360	24.71
2039	50159	24.60
2040	50049	24.53
2041	49961	24.48
2042	52587	25.75
2043	51011	24.97
2044	50581	24.75
2045	51876	25.37
2046	59155	28.91
2047	49788	24.32
2048	50662	24.74
2049	50933	24.86
2050	51805	25.27
2051	50465	24.61
2052	49994	24.36
2053	51765	25.21
2054	49944	24.32
2055	54625	26.58
2056	51104	24.86
2057	51801	25.18
2058	50723	24.65
2059	50728	24.64
2060	51145	24.83
2061	51746	25.11
2062	52511	25.47
2063	50548	24.50
2064	51554	24.98
2065	51299	24.84
2066	51774	25.06
2067	52299	25.30
2068	50962	24.64
2069	51020	24.66
2070	51335	24.80
2071	52080	25.15
2072	51634	24.92
2073	51798	24.99
2074	50581	24.39
2075	52088	25.10
2076	51484	24.80
2077	50812	24.46
2078	51925	24.99
2079	50938	24.50
2080	60587	29.13
2081	51429	24.71
2082	51540	24.76
2083	50963	24.47
2084	53184	25.52
2085	51129	24.52
2086	51926	24.89
2087	52770	25.29
2088	52452	25.12
2089	51886	24.84
2090	51671	24.72
2091	51489	24.62
2092	52317	25.01
2093	52434	25.05
2094	52017	24.84
2095	51646	24.65
2096	51563	24.60
2097	52361	24.97
2098	53711	25.60
2099	58075	27.67
2100	51229	24.39
2101	52131	24.81
2102	52203	24.83
2103	59277	28.19
2104	53287	25.33
2105	52116	24.76
2106	52984	25.16
2107	52705	25.01
2108	52966	25.13
2109	56530	26.80
2110	55127	26.13
2111	58441	27.68
2112	52751	24.98
2113	55305	26.17
2114	58280	27.57
2115	58847	27.82
2116	64823	30.63
2117	55374	26.16
2118	52769	24.91
2119	54478	25.71
2120	52708	24.86
2121	52729	24.86
2122	56796	26.77
2123	52318	24.64
2124	52277	24.61
2125	52790	24.84
2126	53443	25.14
2127	52261	24.57
2128	52988	24.90
2129	54364	25.53
2130	52825	24.80
2131	53210	24.97
2132	53392	25.04
2133	56572	26.52
2134	53327	24.99
2135	53331	24.98
2136	54115	25.33
2137	55389	25.92
2138	61768	28.89
2139	52395	24.50
2140	52992	24.76
2141	54021	25.23
2142	55998	26.14
2143	56794	26.50
2144	53308	24.86
2145	53003	24.71
2146	52868	24.64
2147	53032	24.70
2148	55207	25.70
2149	55786	25.96
2150	53042	24.67
2151	53208	24.74
2152	53355	24.79
2153	56545	26.26
2154	53739	24.95
2155	61727	28.64
2156	53969	25.03
2157	53717	24.90
2158	53350	24.72
2159	55382	25.65
2160	53696	24.86
2161	62122	28.75
2162	55959	25.88
2163	55355	25.59
2164	53697	24.81
2165	53617	24.77
2166	62415	28.82
2167	54368	25.09
2168	55297	25.51
2169	54642	25.19
2170	53416	24.62
2171	54703	25.20
2172	56277	25.91
2173	55711	25.64
2174	54137	24.90
2175	55296	25.42
2176	54744	25.16
2177	55858	25.66
2178	55835	25.64
2179	55615	25.52
2180	54196	24.86
2181	54293	24.89
2182	53800	24.66
2183	55437	25.39
2184	56550	25.89
2185	54610	24.99
2186	54955	25.14
2187	57368	26.23
2188	53692	24.54
2189	55160	25.20
2190	55182	25.20
2191	55579	25.37
2192	54943	25.07
2193	54790	24.98
2194	54572	24.87
2195	54043	24.62
2196	54901	25.00
2197	54481	24.80
2198	55760	25.37
2199	54476	24.77
2200	55320	25.15
2201	54378	24.71
2202	55435	25.17
2203	55474	25.18
2204	54620	24.78
2205	54575	24.75
2206	55047	24.95
2207	54320	24.61
2208	55366	25.08
2209	54857	24.83
2210	54718	24.76
2211	54937	24.85
2212	54658	24.71
2213	55304	24.99
2214	55267	24.96
2215	55268	24.95
2216	58275	26.30
2217	55727	25.14
2218	55039	24.81
2219	58073	26.17
2220	54990	24.77
2221	54746	24.65
2222	62731	28.23
2223	55902	25.15
2224	56196	25.27
2225	55128	24.78
2226	55787	25.06
2227	55543	24.94
2228	55291	24.82
2229	55885	25.07
2230	57456	25.77
2231	55279	24.78
2232	55722	24.97
2233	55538	24.87
2234	55983	25.06
2235	56573	25.31
2236	55881	24.99
2237	55823	24.95
2238	55779	24.92
2239	55748	24.90
2240	64053	28.60
2241	55951	24.97
2242	63982	28.54
2243	56690	25.27
2244	57018	25.41
2245	64378	28.68
2246	55599	24.75
2247	56286	25.05
2248	56422	25.10
2249	57584	25.60
2250	56099	24.93
2251	59185	26.29
2252	56366	25.03
2253	56493	25.07
2254	55809	24.76
2255	55697	24.70
2256	68509	30.37
2257	56096	24.85
2258	56263	24.92
2259	55740	24.67
2260	56340	24.93
2261	56068	24.80
2262	56145	24.82
2263	56021	24.76
2264	56483	24.95
2265	56548	24.97
2266	57200	25.24
2267	57803	25.50
2268	61695	27.20
2269	57227	25.22
2270	56206	24.76
2271	65131	28.68
2272	56669	24.94
2273	57633	25.36
2274	56586	24.88
2275	60077	26.41
2276	57058	25.07
2277	57339	25.18
2278	57517	25.25
2279	57157	25.08
2280	57941	25.41
2281	58384	25.60
2282	56829	24.90
2283	57817	25.33
2284	56785	24.86
2285	57089	24.98
2286	57552	25.18
2287	57712	25.23
2288	56889	24.86
2289	58539	25.57
2290	57993	25.32
2291	57305	25.01
2292	57720	25.18
2293	58030	25.31
2294	57258	24.96
2295	57505	25.06
2296	56947	24.80
2297	57770	25.15
2298	57987	25.23
2299	64992	28.27
2300	57528	25.01
2301	57696	25.07
2302	57744	25.08
2303	57474	24.96
2304	57817	25.09
2305	57471	24.93
2306	71138	30.85
2307	59809	25.93
2308	65564	28.41
2309	57889	25.07
2310	57964	25.09
2311	58914	25.49
2312	58014	25.09
2313	58424	25.26
2314	58015	25.07
2315	58283	25.18
2316	58012	25.05
2317	57769	24.93
2318	58000	25.02
2319	57670	24.87
2320	57940	24.97
2321	58153	25.06
2322	59030	25.42
2323	58136	25.03
2324	58376	25.12
2325	59004	25.38
2326	59673	25.65
2327	57485	24.70
2328	60223	25.87
2329	58735	25.22
2330	57257	24.57
2331	58131	24.94
2332	58529	25.10
2333	58467	25.06
2334	58070	24.88
2335	59950	25.67
2336	59263	25.37
2337	58590	25.07
2338	60146	25.73
2339	58731	25.11
2340	59165	25.28
2341	59867	25.57
2342	59213	25.28
2343	61919	26.43
2344	58799	25.08
2345	59120	25.21
2346	58504	24.94
2347	57941	24.69
2348	58497	24.91
2349	59735	25.43
2350	57626	24.52
2351	58141	24.73
2352	58689	24.95
2353	58119	24.70
2354	57821	24.56
2355	58352	24.78
2356	58528	24.84
2357	59453	25.22
2358	59610	25.28
2359	58210	24.68
2360	66248	28.07
2361	58551	24.80
2362	58845	24.91
2363	66135	27.99
2364	59326	25.10
2365	58209	24.61
2366	59740	25.25
2367	58459	24.70
2368	58561	24.73
2369	58712	24.78
2370	58812	24.82
2371	59456	25.08
2372	60236	25.39
2373	59572	25.10
2374	59548	25.08
2375	59156	24.91
2376	60353	25.40
2377	60006	25.24
2378	59469	25.01
2379	59246	24.90
2380	59543	25.02
2381	59820	25.12
2382	59931	25.16
2383	61726	25.90
2384	60040	25.18
2385	59669	25.02
2386	60210	25.23
2387	59633	24.98
2388	59750	25.02
2389	63142	26.43
2390	63230	26.46
2391	59580	24.92
2392	60495	25.29
2393	59972	25.06
2394	60395	25.23
2395	59990	25.05
2396	61362	25.61
2397	68614	28.62
2398	59146	24.66
2399	59939	24.98
2400	60235	25.10
2401	61758	25.72
2402	59313	24.69
2403	60038	24.98
2404	72698	30.24
2405	61112	25.41
2406	63112	26.23
2407	60421	25.10
2408	67775	28.15
2409	62110	25.78
2410	60172	24.97
2411	61029	25.31
2412	60614	25.13
2413	60654	25.14
2414	61713	25.56
2415	61365	25.41
2416	60344	24.98
2417	60612	25.08
2418	60911	25.19
2419	62414	25.80
2420	61026	25.22
2421	60543	25.01
2422	61625	25.44
2423	66053	27.26
2424	60593	25.00
2425	61520	25.37
2426	75557	31.14
2427	64220	26.46
2428	69224	28.51
2429	60942	25.09
2430	61014	25.11
2431	62352	25.65
2432	61256	25.19
2433	69306	28.49
2434	61393	25.22
2435	60847	24.99
2436	61134	25.10
2437	61646	25.30
2438	60847	24.96
2439	61136	25.07
2440	61168	25.07
2441	69419	28.44
2442	61074	25.01
2443	60936	24.94
2444	61497	25.16
2445	61423	25.12
2446	61526	25.15
2447	67640	27.64
2448	61310	25.04
2449	61759	25.22
2450	61157	24.96
2451	61345	25.03
2452	61143	24.94
2453	61822	25.20
2454	62130	25.32
2455	61831	25.19
2456	61670	25.11
2457	61487	25.03
2458	61236	24.91
2459	61342	24.95
2460	61730	25.09
2461	62112	25.24
2462	61448	24.96
2463	62283	25.29
2464	62050	25.18
2465	62024	25.16
2466	61893	25.10
2467	62446	25.31
2468	61830	25.05
2469	62823	25.44
2470	61599	24.94
2471	62603	25.34
2472	61607	24.92
2473	62130	25.12
2474	62087	25.10
2475	69947	28.26
2476	61832	24.97
2477	61974	25.02
2478	62581	25.25
2479	62193	25.09
2480	61999	25.00
2481	62527	25.20
2482	61932	24.95
2483	61975	24.96
2484	65758	26.47
2485	63003	25.35
2486	62030	24.95
2487	62106	24.97
2488	62373	25.07
2489	63707	25.60
2490	63608	25.55
2491	62550	25.11
2492	62346	25.02
2493	76600	30.73
2494	65393	26.22
2495	62574	25.08
2496	71017	28.45
2497	62832	25.16
2498	62874	25.17
2499	62905	25.17
2500	66707	26.68
2501	65709	26.27
2502	62810	25.10
2503	63271	25.28
2504	62863	25.11
2505	62877	25.10
2506	63445	25.32
2507	65211	26.01
2508	64665	25.78
2509	62751	25.01
2510	63224	25.19
2511	63266	25.20
2512	63655	25.34
2513	63535	25.28
2514	65555	26.08
2515	64633	25.70
2516	66261	26.34
2517	67246	26.72
2518	63930	25.39
2519	63091	25.05
2520	63177	25.07
2521	63916	25.35
2522	63039	25.00
2523	64070	25.39
2524	63902	25.32
2525	63798	25.27
2526	64690	25.61
2527	64132	25.38
2528	69486	27.49
2529	65266	25.81
2530	63543	25.12
2531	63879	25.24
2532	70741	27.94
2533	63182	24.94
2534	64381	25.41
2535	65163	25.71
2536	64770	25.54
2537	66109	26.06
2538	63755	25.12
2539	65623	25.85
2540	63847	25.14
2541	64340	25.32
2542	64634	25.43
2543	63046	24.79
2544	63647	25.02
2545	63988	25.14
2546	73290	28.79
2547	65506	25.72
2548	63789	25.03
2549	73031	28.65
2550	64103	25.14
2551	63991	25.08
2552	64757	25.38
2553	65523	25.67
2554	65019	25.46
2555	65201	25.52
2556	64013	25.04
2557	64365	25.17
2558	67542	26.40
2559	64855	25.34
2560	70894	27.69
2561	64880	25.33
2562	65680	25.64
2563	65697	25.63
2564	65343	25.48
2565	65545	25.55
2566	64522	25.14
2567	65371	25.47
2568	64918	25.28
2569	65552	25.52
2570	66807	25.99
2571	65298	25.40
2572	64330	25.01
2573	69202	26.90
2574	74870	29.09
2575	64938	25.22
2576	65900	25.58
2577	65985	25.61
2578	64297	24.94
2579	64846	25.14
2580	64876	25.15
2581	64566	25.02
2582	65535	25.38
2583	65121	25.21
2584	66199	25.62
2585	75490	29.20
2586	64521	24.95
2587	66019	25.52
2588	65356	25.25
2589	70697	27.31
2590	67887	26.21
2591	66983	25.85
2592	71201	27.47
2593	66036	25.47
2594	65627	25.30
2595	241060	92.89
2596	66978	25.80
2597	66909	25.76
2598	73542	28.31
2599	66295	25.51
2600	66042	25.40
2601	65618	25.23
2602	65450	25.15
2603	66692	25.62
2604	65465	25.14
2605	65471	25.13
2606	65771	25.24
2607	66067	25.34
2608	65932	25.28
2609	70647	27.08
2610	66477	25.47
2611	65648	25.14
2612	65891	25.23
2613	65849	25.20
2614	66893	25.59
2615	65668	25.11
2616	67388	25.76
2617	66454	25.39
2618	65978	25.20
2619	66212	25.28
2620	65559	25.02
2621	65845	25.12
2622	67345	25.68
2623	66296	25.27
2624	66188	25.22
2625	66222	25.23
2626	73185	27.87
2627	66348	25.26
2628	75330	28.66
2629	72732	27.67
2630	67495	25.66
2631	67747	25.75
2632	66855	25.40
2633	66682	25.33
2634	67221	25.52
2635	67350	25.56
2636	66885	25.37
2637	69675	26.42
2638	67175	25.46
2639	73586	27.88
2640	75057	28.43
2641	67019	25.38
2642	66911	25.33
2643	66822	25.28
2644	74907	28.33
2645	66674	25.21
2646	66866	25.27
2647	66735	25.21
2648	66769	25.21
2649	66493	25.10
2650	66959	25.27
2651	67342	25.40
2652	66685	25.15
2653	67126	25.30
2654	67866	25.57
2655	66845	25.18
2656	66849	25.17
2657	67622	25.45
2658	74622	28.07
2659	67398	25.35
2660	67022	25.20
2661	67504	25.37
2662	67610	25.40
2663	73139	27.46
2664	77174	28.97
2665	68003	25.52
2666	67592	25.35
2667	67837	25.44
2668	68336	25.61
2669	66911	25.07
2670	67529	25.29
2671	68045	25.48
2672	66904	25.04
2673	67665	25.31
2674	67414	25.21
2675	74945	28.02
2676	67308	25.15
2677	67451	25.20
2678	67934	25.37
2679	76238	28.46
2680	67437	25.16
2681	68752	25.64
2682	70293	26.21
2683	75477	28.13
2684	67693	25.22
2685	67766	25.24
2686	68324	25.44
2687	68815	25.61
2688	68576	25.51
2689	67870	25.24
2690	68364	25.41
2691	68732	25.54
2692	68356	25.39
2693	68752	25.53
2694	68757	25.52
2695	68298	25.34
2696	68626	25.45
2697	68463	25.38
2698	68626	25.44
2699	68658	25.44
2700	68659	25.43
2701	69498	25.73
2702	68772	25.45
2703	68392	25.30
2704	68719	25.41
2705	69325	25.63
2706	68818	25.43
2707	73477	27.14
2708	68238	25.20
2709	69216	25.55
2710	68599	25.31
2711	68542	25.28
2712	68758	25.35
2713	69053	25.45
2714	69365	25.56
2715	69179	25.48
2716	69046	25.42
2717	69156	25.45
2718	69476	25.56
2719	69064	25.40
2720	75868	27.89
2721	77324	28.42
2722	69344	25.48
2723	69700	25.60
2724	69615	25.56
2725	70021	25.70
2726	69332	25.43
2727	70029	25.68
2728	69793	25.58
2729	69155	25.34
2730	76745	28.11
2731	70790	25.92
2732	69904	25.59
2733	70946	25.96
2734	69387	25.38
2735	69469	25.40
2736	77043	28.16
2737	69975	25.57
2738	69247	25.29
2739	70100	25.59
2740	69554	25.38
2741	69421	25.33
2742	70047	25.55
2743	70096	25.55
2744	69559	25.35
2745	70027	25.51
2746	78486	28.58
2747	70236	25.57
2748	70129	25.52
2749	69407	25.25
2750	77328	28.12
2751	69795	25.37
2752	71198	25.87
2753	69771	25.34
2754	70609	25.64
2755	70404	25.55
2756	69843	25.34
2757	71449	25.92
2758	69656	25.26
2759	70991	25.73
2760	69561	25.20
2761	71045	25.73
2762	69248	25.07
2763	70628	25.56
2764	71396	25.83
2765	72636	26.27
2766	72646	26.26
2767	71233	25.74
2768	70762	25.56
2769	69775	25.20
2770	69777	25.19
2771	71791	25.91
2772	70346	25.38
2773	70385	25.38
2774	70050	25.25
2775	70076	25.25
2776	69913	25.18
2777	71486	25.74
2778	71387	25.70
2779	70452	25.35
2780	72749	26.17
2781	74753	26.88
2782	70230	25.24
2783	71400	25.66
2784	71436	25.66
2785	78040	28.02
2786	72011	25.85
2787	72346	25.96
2788	73600	26.40
2789	75947	27.23
2790	71101	25.48
2791	71470	25.61
2792	71471	25.60
2793	71646	25.65
2794	70849	25.36
2795	71210	25.48
2796	75480	27.00
2797	72282	25.84
2798	71879	25.69
2799	70609	25.23
2800	70788	25.28
2801	72649	25.94
2802	72999	26.05
2803	73049	26.06
2804	71517	25.51
2805	73773	26.30
2806	71214	25.38
2807	71916	25.62
2808	71896	25.60
2809	71639	25.50
2810	71689	25.51
2811	71398	25.40
2812	74470	26.48
2813	79161	28.14
2814	79331	28.19
2815	88403	31.40
2816	71932	25.54
2817	73816	26.20
2818	71898	25.51
2819	71582	25.39
2820	73102	25.92
2821	84032	29.79
2822	80381	28.48
2823	72327	25.62
2824	72643	25.72
2825	72665	25.72
2826	72126	25.52
2827	82793	29.29
2828	81397	28.78
2829	88853	31.41
2830	82231	29.06
2831	84800	29.95
2832	81600	28.81
2833	81786	28.87
2834	82919	29.26
2835	81704	28.82
2836	81900	28.88
2837	81926	28.88
2838	81653	28.77
2839	82432	29.04
2840	81988	28.87
2841	82541	29.05
2842	82314	28.96
2843	82266	28.94
2844	81962	28.82
2845	82138	28.87
2846	81836	28.75
2847	82169	28.86
2848	83695	29.39
2849	83304	29.24
2850	82867	29.08
2851	82031	28.77
2852	82461	28.91
2853	83274	29.19
2854	88663	31.07
2855	82660	28.95
2856	81522	28.54
2857	82451	28.86
2858	82437	28.84
2859	82616	28.90
2860	83205	29.09
2861	82373	28.79
2862	82571	28.85
2863	90087	31.47
2864	81981	28.62
2865	82741	28.88
2866	82728	28.87
2867	83197	29.02
2868	82532	28.78
2869	82324	28.69
2870	83507	29.10
2871	82831	28.85
2872	83094	28.93
2873	82556	28.74
2874	82572	28.73
2875	84194	29.28
2876	83869	29.16
2877	83204	28.92
2878	82888	28.80
2879	83512	29.01
2880	83228	28.90
2881	91204	31.66
2882	82657	28.68
2883	84275	29.23
2884	83548	28.97
2885	83263	28.86
2886	82865	28.71
2887	83626	28.97
2888	97857	33.88
2889	83181	28.79
2890	91624	31.70
2891	84193	29.12
2892	79031	27.33
2893	74341	25.70
2894	74166	25.63
2895	74835	25.85
2896	73791	25.48
2897	73944	25.52
2898	74668	25.77
2899	79103	27.29
2900	74309	25.62
2901	74036	25.52
2902	75598	26.05
2903	81376	28.03
2904	74271	25.58
2905	81925	28.20
2906	74575	25.66
2907	74816	25.74
2908	74034	25.46
2909	74319	25.55
2910	74654	25.65
2911	74422	25.57
2912	88873	30.52
2913	74431	25.55
2914	74904	25.70
2915	75340	25.85
2916	74966	25.71
2917	78495	26.91
2918	75300	25.81
2919	74570	25.55
2920	75318	25.79
2921	76900	26.33
2922	74896	25.63
2923	80315	27.48
2924	79765	27.28
2925	74909	25.61
2926	86466	29.55
2927	74704	25.52
2928	74790	25.54
2929	74991	25.60
2930	81970	27.98
2931	74684	25.48
2932	75576	25.78
2933	75308	25.68
2934	75399	25.70
2935	74743	25.47
2936	82393	28.06
2937	74930	25.51
2938	74876	25.49
2939	76951	26.18
2940	77717	26.43
2941	78422	26.67
2942	75061	25.51
2943	75638	25.70
2944	75351	25.59
2945	76230	25.88
2946	75877	25.76
2947	75169	25.51
2948	77322	26.23
2949	75692	25.67
2950	75750	25.68
2951	75384	25.55
2952	75319	25.51
2953	79937	27.07
2954	75299	25.49
2955	75966	25.71
2956	75736	25.62
2957	77428	26.18
2958	75429	25.50
2959	75161	25.40
2960	75878	25.63
2961	76862	25.96
2962	76316	25.77
2963	75071	25.34
2964	76114	25.68
2965	78652	26.53
2966	75951	25.61
2967	75814	25.55
2968	75567	25.46
2969	78689	26.50
2970	75857	25.54
2971	76183	25.64
2972	75717	25.48
2973	84340	28.37
2974	77301	25.99
2975	76991	25.88
2976	76355	25.66
2977	77902	26.17
2978	76885	25.82
2979	77045	25.86
2980	76698	25.74
2981	77542	26.01
2982	89054	29.86
2983	76930	25.79
2984	76076	25.49
2985	76310	25.56
2986	76793	25.72
2987	77433	25.92
2988	77647	25.99
2989	77759	26.02
2990	77894	26.05
2991	76830	25.69
2992	76519	25.57
2993	77391	25.86
2994	79315	26.49
2995	77578	25.90
2996	78368	26.16
2997	77327	25.80
2998	77848	25.97
2999	79056	26.36
3000	77874	25.96
3001	78135	26.04
3002	77387	25.78
3003	77579	25.83
3004	77317	25.74
3005	77148	25.67
3006	83282	27.71
3007	79158	26.32
3008	77057	25.62
3009	79362	26.37
3010	77062	25.60
3011	77019	25.58
3012	78126	25.94
3013	77327	25.66
3014	77376	25.67
3015	78745	26.12
3016	77239	25.61
3017	77341	25.64
3018	77599	25.71
3019	93394	30.94
3020	77887	25.79
3021	77564	25.67
3022	77266	25.57
3023	77725	25.71
3024	77688	25.69
3025	77056	25.47
3026	78127	25.82
3027	77684	25.66
3028	77887	25.72
3029	77805	25.69
3030	77341	25.53
3031	79451	26.21
3032	77324	25.50
3033	77622	25.59
3034	78048	25.72
3035	77908	25.67
3036	77757	25.61
3037	78188	25.75
3038	77755	25.59
3039	78050	25.68
3040	78359	25.78
3041	82974	27.29
3042	78187	25.70
3043	77989	25.63
3044	80209	26.35
3045	80200	26.34
3046	83637	27.46
3047	93453	30.67
3048	87376	28.67
3049	82259	26.98
3050	80153	26.28
3051	77400	25.37
3052	78148	25.61
3053	79203	25.94
3054	80399	26.33
3055	80515	26.36
3056	80006	26.18
3057	79809	26.11
3058	78345	25.62
3059	78086	25.53
3060	77744	25.41
3061	79889	26.10
3062	79580	25.99
3063	77959	25.45
3064	90465	29.53
3065	79962	26.09
3066	77786	25.37
3067	79112	25.79
3068	80690	26.30
3069	79477	25.90
3070	78224	25.48
3071	80706	26.28
3072	77883	25.35
3073	79055	25.73
3074	79866	25.98
3075	78215	25.44
3076	80541	26.18
3077	78338	25.46
3078	81503	26.48
3079	78388	25.46
3080	79362	25.77
3081	80862	26.25
3082	78272	25.40
3083	79654	25.84
3084	79233	25.69
3085	80278	26.02
3086	78705	25.50
3087	80190	25.98
3088	79533	25.76
3089	79718	25.81
3090	80384	26.01
3091	79627	25.76
3092	79547	25.73
3093	79899	25.83
3094	79550	25.71
3095	80275	25.94
3096	79538	25.69
3097	79180	25.57
3098	78986	25.50
3099	87796	28.33
3100	81340	26.24
3101	86758	27.98
3102	80068	25.81
3103	80048	25.80
3104	80263	25.86
3105	80428	25.90
3106	79779	25.69
3107	79988	25.74
3108	81398	26.19
3109	79998	25.73
3110	80159	25.77
3111	79901	25.68
3112	79776	25.63
3113	94319	30.30
3114	82720	26.56
3115	81392	26.13
3116	80805	25.93
3117	79955	25.65
3118	81177	26.03
3119	81873	26.25
3120	79815	25.58
3121	83228	26.67
3122	80307	25.72
3123	80886	25.90
3124	80872	25.89
3125	80822	25.86
3126	80014	25.60
3127	80513	25.75
3128	86614	27.69
3129	88238	28.20
3130	88103	28.15
3131	81464	26.02
3132	81180	25.92
3133	80647	25.74
3134	82098	26.20
3135	80520	25.68
3136	81776	26.08
3137	80579	25.69
3138	80981	25.81
3139	80437	25.63
3140	81183	25.85
3141	82060	26.13
3142	87203	27.75
3143	80314	25.55
3144	80742	25.68
3145	80525	25.60
3146	82100	26.10
3147	80777	25.67
3148	81276	25.82
3149	81932	26.02
3150	80965	25.70
3151	81571	25.89
3152	81140	25.74
3153	81056	25.71
3154	81342	25.79
3155	89550	28.38
3156	88907	28.17
3157	82145	26.02
3158	81611	25.84
3159	81469	25.79
3160	81537	25.80
3161	88606	28.03
3162	84688	26.78
3163	85124	26.91
3164	81477	25.75
3165	82223	25.98
3166	81524	25.75
3167	82493	26.05
3168	82333	25.99
3169	82742	26.11
3170	82014	25.87
3171	81761	25.78
3172	89187	28.12
3173	81556	25.70
3174	81858	25.79
3175	82140	25.87
3176	81559	25.68
3177	92842	29.22
3178	94191	29.64
3179	89696	28.22
3180	84406	26.54
3181	83071	26.11
3182	85749	26.95
3183	82462	25.91
3184	92562	29.07
3185	82345	25.85
3186	89283	28.02
3187	88341	27.72
3188	83580	26.22
3189	85255	26.73
3190	90355	28.32
3191	82384	25.82
3192	82041	25.70
3193	82191	25.74
3194	83100	26.02
3195	82426	25.80
3196	83077	25.99
3197	82757	25.89
3198	82014	25.65
3199	83762	26.18
3200	82472	25.77
3201	82119	25.65
3202	85128	26.59
3203	89999	28.10
3204	82769	25.83
3205	87574	27.32
3206	83822	26.15
3207	83005	25.88
3208	82216	25.63
3209	83964	26.17
3210	84504	26.33
3211	82282	25.63
3212	82720	25.75
3213	82881	25.80
3214	82895	25.79
3215	82674	25.72
3216	83299	25.90
3217	82861	25.76
3218	83116	25.83
3219	83938	26.08
3220	82474	25.61
3221	84122	26.12
3222	83676	25.97
3223	83193	25.81
3224	82618	25.63
3225	85316	26.45
3226	83006	25.73
3227	83504	25.88
3228	83696	25.93
3229	84416	26.14
3230	83066	25.72
3231	82679	25.59
3232	84546	26.16
3233	91886	28.42
3234	83320	25.76
3235	83262	25.74
3236	91496	28.27
3237	85608	26.45
3238	83236	25.71
3239	83472	25.77
3240	84177	25.98
3241	85682	26.44
3242	83261	25.68
3243	84898	26.18
3244	83093	25.61
3245	84271	25.97
3246	84560	26.05
3247	84261	25.95
3248	89243	27.48
3249	83601	25.73
3250	84115	25.88
3251	83797	25.78
3252	84089	25.86
3253	93628	28.78
3254	91141	28.01
3255	83948	25.79
3256	84104	25.83
3257	84412	25.92
3258	83498	25.63
3259	88353	27.11
3260	83835	25.72
3261	87933	26.97
3262	85009	26.06
3263	84303	25.84
3264	88017	26.97
3265	83798	25.67
3266	84763	25.95
3267	84195	25.77
3268	84846	25.96
3269	84843	25.95
3270	88499	27.06
3271	85149	26.03
3272	92324	28.22
3273	92030	28.12
3274	84932	25.94
3275	84790	25.89
3276	84271	25.72
3277	85603	26.12
3278	84658	25.83
3279	84266	25.70
3280	84975	25.91
3281	84615	25.79
3282	84832	25.85
3283	85049	25.91
3284	84402	25.70
3285	84998	25.87
3286	85028	25.88
3287	85152	25.91
3288	85010	25.85
3289	91836	27.92
3290	86696	26.35
3291	89933	27.33
3292	85483	25.97
3293	85175	25.87
3294	85792	26.04
3295	86625	26.29
3296	85223	25.86
3297	86328	26.18
3298	85638	25.97
3299	85037	25.78
3300	86122	26.10
3301	89572	27.13
3302	85300	25.83
3303	85186	25.79
3304	99422	30.09
3305	86336	26.12
3306	85395	25.83
3307	85522	25.86
3308	85957	25.98
3309	86490	26.14
3310	85562	25.85
3311	88573	26.75
3312	85498	25.81
3313	86948	26.24
3314	85236	25.72
3315	85606	25.82
3316	86326	26.03
3317	86923	26.21
3318	86491	26.07
3319	86969	26.20
3320	86633	26.09
3321	90081	27.12
3322	94098	28.33
3323	85672	25.78
3324	86663	26.07
3325	86427	25.99
3326	86525	26.01
3327	87821	26.40
3328	89454	26.88
3329	86674	26.04
3330	86082	25.85
3331	86389	25.93
3332	85751	25.74
3333	86086	25.83
3334	86159	25.84
3335	86528	25.95
3336	86192	25.84
3337	87391	26.19
3338	88375	26.48
3339	86415	25.88
3340	86251	25.82
3341	87157	26.09
3342	90399	27.05
3343	86993	26.02
3344	87120	26.05
3345	87549	26.17
3346	86632	25.89
3347	86526	25.85
3348	86756	25.91
3349	86349	25.78
3350	92816	27.71
3351	87381	26.08
3352	88124	26.29
3353	86349	25.75
3354	87370	26.05
3355	86902	25.90
3356	86638	25.82
3357	90939	27.09
3358	86388	25.73
3359	89360	26.60
3360	86400	25.71
3361	86815	25.83
3362	96045	28.57
3363	87692	26.08
3364	87785	26.10
3365	86824	25.80
3366	87281	25.93
3367	86990	25.84
3368	91053	27.03
3369	88568	26.29
3370	87424	25.94
3371	87542	25.97
3372	89512	26.55
3373	87929	26.07
3374	87160	25.83
3375	86803	25.72
3376	89227	26.43
3377	87517	25.92
3378	97209	28.78
3379	87133	25.79
3380	87570	25.91
3381	87095	25.76
3382	87481	25.87
3383	88041	26.02
3384	91221	26.96
3385	92535	27.34
3386	93666	27.66
3387	90128	26.61
3388	92981	27.44
3389	91466	26.99
3390	87430	25.79
3391	88780	26.18
3392	87607	25.83
3393	87758	25.86
3394	88353	26.03
3395	88571	26.09
3396	87446	25.75
3397	90150	26.54
3398	93704	27.58
3399	91162	26.82
3400	92576	27.23
3401	87573	25.75
3402	87171	25.62
3403	89296	26.24
3404	91365	26.84
3405	93369	27.42
3406	95270	27.97
3407	90219	26.48
3408	88250	25.89
3409	87211	25.58
3410	87879	25.77
3411	88545	25.96
3412	86876	25.46
3413	88534	25.94
3414	88599	25.95
3415	88838	26.01
3416	89154	26.10
3417	90820	26.58
3418	89253	26.11
3419	87954	25.73
3420	88927	26.00
3421	95919	28.04
3422	90345	26.40
3423	88599	25.88
3424	90271	26.36
3425	90482	26.42
3426	89464	26.11
3427	94232	27.50
3428	89930	26.23
3429	87871	25.63
3430	87520	25.52
3431	89748	26.16
3432	87901	25.61
3433	90084	26.24
3434	89865	26.17
3435	89483	26.05
3436	91857	26.73
3437	92570	26.93
3438	90099	26.21
3439	91938	26.73
3440	87729	25.50
3441	89827	26.10
3442	89332	25.95
3443	91300	26.52
3444	88281	25.63
3445	90749	26.34
3446	88250	25.61
3447	92471	26.83
3448	88925	25.79
3449	89634	25.99
3450	88463	25.64
3451	90491	26.22
3452	88388	25.60
3453	89998	26.06
3454	97243	28.15
3455	89940	26.03
3456	91012	26.33
3457	100317	29.02
3458	94015	27.19
3459	90896	26.28
3460	89917	25.99
3461	91749	26.51
3462	89693	25.91
3463	90455	26.12
3464	88689	25.60
3465	90822	26.21
3466	90318	26.06
3467	90216	26.02
3468	89435	25.79
3469	90380	26.05
3470	98274	28.32
3471	89976	25.92
3472	90601	26.09
3473	91694	26.40
3474	97193	27.98
3475	89938	25.88
3476	91625	26.36
3477	94642	27.22
3478	93511	26.89
3479	95541	27.46
3480	90124	25.90
3481	91921	26.41
3482	90831	26.09
3483	91802	26.36
3484	90687	26.03
3485	98280	28.20
3486	90687	26.01
3487	90478	25.95
3488	91317	26.18
3489	89963	25.78
3490	90653	25.98
3491	90612	25.96
3492	90322	25.87
3493	90250	25.84
3494	94691	27.10
3495	90735	25.96
3496	91687	26.23
3497	90959	26.01
3498	93962	26.86
3499	90804	25.95
3500	90460	25.85
3501	92379	26.39
3502	105142	30.02
3503	100118	28.58
3504	91200	26.03
3505	91480	26.10
3506	90876	25.92
3507	91305	26.04
3508	92577	26.39
3509	96993	27.64
3510	91098	25.95
3511	91691	26.12
3512	91079	25.93
3513	92249	26.26
3514	91483	26.03
3515	90991	25.89
3516	91258	25.96
3517	91855	26.12
3518	95359	27.11
3519	90476	25.71
3520	91516	26.00
3521	90702	25.76
3522	91791	26.06
3523	93119	26.43
3524	92357	26.21
3525	104711	29.71
3526	90740	25.73
3527	98090	27.81
3528	90599	25.68
3529	94775	26.86
3530	90935	25.76
3531	92464	26.19
3532	93436	26.45
3533	99293	28.10
3534	93352	26.42
3535	92430	26.15
3536	92405	26.13
3537	92434	26.13
3538	93240	26.35
3539	92029	26.00
3540	91615	25.88
3541	99313	28.05
3542	92263	26.05
3543	92692	26.16
3544	99541	28.09
3545	99499	28.07
3546	93230	26.29
3547	96494	27.20
3548	92980	26.21
3549	94638	26.67
3550	92676	26.11
3551	93020	26.20
3552	92024	25.91
3553	92766	26.11
3554	91503	25.75
3555	93291	26.24
3556	92887	26.12
3557	93006	26.15
3558	92443	25.98
3559	92317	25.94
3560	91839	25.80
3561	95353	26.78
3562	96534	27.10
3563	93013	26.11
3564	98363	27.60
3565	92903	26.06
3566	92867	26.04
3567	96372	27.02
3568	92025	25.79
3569	97140	27.22
3570	92175	25.82
3571	92789	25.98
3572	92093	25.78
3573	100532	28.14
3574	95812	26.81
3575	99119	27.73
3576	92130	25.76
3577	92889	25.97
3578	92565	25.87
3579	92609	25.88
3580	92968	25.97
3581	94256	26.32
3582	93248	26.03
3583	93430	26.08
3584	93089	25.97
3585	99998	27.89
3586	93323	26.02
3587	93497	26.07
3588	94189	26.25
3589	93461	26.04
3590	94380	26.29
3591	93837	26.13
3592	94775	26.39
3593	94782	26.38
3594	93368	25.98
3595	93597	26.04
3596	97618	27.15
3597	94737	26.34
3598	94222	26.19
3599	95763	26.61
3600	96043	26.68
3601	95631	26.56
3602	94394	26.21
3603	94763	26.30
3604	94430	26.20
3605	98058	27.20
3606	95690	26.54
3607	95778	26.55
3608	93619	25.95
3609	95156	26.37
3610	97562	27.03
3611	94534	26.18
3612	94803	26.25
3613	94753	26.23
3614	94073	26.03
3615	101350	28.04
3616	94231	26.06
3617	93941	25.97
3618	94506	26.12
3619	96486	26.66
3620	95443	26.37
3621	95691	26.43
3622	93617	25.85
3623	95042	26.23
3624	97185	26.82
3625	95785	26.42
3626	97250	26.82
3627	95554	26.35
3628	99194	27.34
3629	110916	30.56
3630	108934	30.01
3631	108111	29.77
3632	107114	29.49
3633	107642	29.63
3634	109346	30.09
3635	108340	29.80
3636	107944	29.69
3637	107090	29.44
3638	107111	29.44
3639	107810	29.63
3640	107512	29.54
3641	106700	29.31
3642	107157	29.42
3643	111306	30.55
3644	115194	31.61
3645	108417	29.74
3646	108339	29.71
3647	114458	31.38
3648	109011	29.88
3649	96850	26.54
3650	96901	26.55
3651	96057	26.31
3652	99833	27.34
3653	97841	26.78
3654	95903	26.25
3655	99065	27.10
3656	96248	26.33
3657	104864	28.67
3658	97091	26.54
3659	97049	26.52
3660	103750	28.35
3661	95740	26.15
3662	99340	27.13
3663	96526	26.35
3664	96053	26.22
3665	96671	26.38
3666	95773	26.12
3667	97754	26.66
3668	96614	26.34
3669	95437	26.01
3670	96384	26.26
3671	100812	27.46
3672	96125	26.18
3673	95376	25.97
3674	96256	26.20
3675	96310	26.21
3676	100408	27.31
3677	95855	26.07
3678	96758	26.31
3679	95922	26.07
3680	97348	26.45
3681	96375	26.18
3682	96685	26.26
3683	97940	26.59
3684	96884	26.30
3685	98194	26.65
3686	96204	26.10
3687	97155	26.35
3688	96628	26.20
3689	97658	26.47
3690	100143	27.14
3691	97650	26.46
3692	96607	26.17
3693	95805	25.94
3694	101059	27.36
3695	96820	26.20
3696	100406	27.17
3697	101308	27.40
3698	96682	26.14
3699	96753	26.16
3700	99978	27.02
3701	98172	26.53
3702	96980	26.20
3703	96713	26.12
3704	96434	26.04
3705	97923	26.43
3706	96155	25.95
3707	97224	26.23
3708	97779	26.37
3709	96860	26.11
3710	99486	26.82
3711	96722	26.06
3712	97126	26.17
3713	101581	27.36
3714	96948	26.10
3715	104631	28.16
3716	106188	28.58
3717	98273	26.44
3718	97023	26.10
3719	96802	26.03
3720	96769	26.01
3721	97073	26.09
3722	97309	26.14
3723	97124	26.09
3724	98835	26.54
3725	97642	26.21
3726	100590	27.00
3727	97636	26.20
3728	96279	25.83
3729	98659	26.46
3730	103577	27.77
3731	101037	27.08
3732	97227	26.05
3733	96911	25.96
3734	97221	26.04
3735	98001	26.24
3736	98697	26.42
3737	101509	27.16
3738	98135	26.25
3739	98099	26.24
3740	99675	26.65
3741	98433	26.31
3742	102153	27.30
3743	98412	26.29
3744	97312	25.99
3745	98458	26.29
3746	101820	27.18
3747	101365	27.05
3748	98188	26.20
3749	98895	26.38
3750	98206	26.19
3751	107899	28.77
3752	97815	26.07
3753	98750	26.31
3754	98392	26.21
3755	111324	29.65
3756	101337	26.98
3757	100444	26.74
3758	98291	26.16
3759	98730	26.26
3760	98495	26.20
3761	98289	26.13
3762	99340	26.41
3763	98702	26.23
3764	103341	27.46
3765	104075	27.64
3766	97946	26.01
3767	99406	26.39
3768	101870	27.04
3769	100076	26.55
3770	98700	26.18
3771	98971	26.25
3772	98747	26.18
3773	99302	26.32
3774	98671	26.14
3775	98998	26.22
3776	104335	27.63
3777	99913	26.45
3778	100051	26.48
3779	98788	26.14
3780	99032	26.20
3781	98863	26.15
3782	99785	26.38
3783	98561	26.05
3784	98587	26.05
3785	99080	26.18
3786	102823	27.16
3787	99425	26.25
3788	98955	26.12
3789	104168	27.49
3790	99374	26.22
3791	99378	26.21
3792	99298	26.19
3793	99715	26.29
3794	98730	26.02
3795	98982	26.08
3796	99374	26.18
3797	101062	26.62
3798	99007	26.07
3799	99902	26.30
3800	103816	27.32
3801	101102	26.60
3802	99824	26.26
3803	99293	26.11
3804	98340	25.85
3805	100807	26.49
3806	99185	26.06
3807	111390	29.26
3808	101546	26.67
3809	99707	26.18
3810	101467	26.63
3811	101802	26.71
3812	99334	26.06
3813	102068	26.77
3814	99295	26.03
3815	100996	26.47
3816	100410	26.31
3817	102063	26.74
3818	98878	25.90
3819	100729	26.38
3820	99624	26.08
3821	102375	26.79
3822	100374	26.26
3823	100716	26.34
3824	102625	26.84
3825	100376	26.24
3826	100287	26.21
3827	99713	26.06
3828	100432	26.24
3829	99587	26.01
3830	99918	26.09
3831	102441	26.74
3832	101413	26.46
3833	101073	26.37
3834	99536	25.96
3835	102734	26.79
3836	101661	26.50
3837	100312	26.14
3838	99176	25.84
3839	99001	25.79
3840	101847	26.52
3841	103290	26.89
3842	105104	27.36
3843	104686	27.24
3844	103375	26.89
3845	99386	25.85
3846	99205	25.79
3847	104684	27.21
3848	100720	26.17
3849	102265	26.57
3850	103213	26.81
3851	103670	26.92
3852	105723	27.45
3853	100924	26.19
3854	102052	26.48
3855	100120	25.97
3856	107320	27.83
3857	103857	26.93
3858	104148	27.00
3859	103317	26.77
3860	101985	26.42
3861	104527	27.07
3862	100263	25.96
3863	99816	25.84
3864	100497	26.01
3865	104443	27.02
3866	101230	26.18
3867	102919	26.61
3868	104212	26.94
3869	102009	26.37
3870	99941	25.82
3871	103193	26.66
3872	100503	25.96
3873	102662	26.51
3874	100263	25.88
3875	100611	25.96
3876	107170	27.65
3877	101340	26.14
3878	101030	26.05
3879	103177	26.60
3880	102162	26.33
3881	102366	26.38
3882	101971	26.27
3883	102174	26.31
3884	101769	26.20
3885	102111	26.28
3886	100385	25.83
3887	108230	27.84
3888	101135	26.01
3889	102961	26.47
3890	100762	25.90
3891	105460	27.10
3892	100173	25.74
3893	104060	26.73
3894	100337	25.77
3895	106899	27.45
3896	104290	26.77
3897	102500	26.30
3898	103210	26.48
3899	104029	26.68
3900	102434	26.27
3901	103387	26.50
3902	102773	26.34
3903	101840	26.09
3904	106330	27.24
3905	108015	27.66
3906	103943	26.61
3907	105593	27.03
3908	102591	26.25
3909	103502	26.48
3910	103870	26.57
3911	102319	26.16
3912	102496	26.20
3913	102627	26.23
3914	102713	26.24
3915	103506	26.44
3916	104091	26.58
3917	103566	26.44
3918	103183	26.34
3919	103470	26.40
3920	103678	26.45
3921	129777	33.10
3922	105134	26.81
3923	104456	26.63
3924	102535	26.13
3925	119139	30.35
3926	103276	26.31
3927	104129	26.52
3928	103289	26.30
3929	103713	26.40
3930	102907	26.18
3931	102711	26.13
3932	103826	26.41
3933	103507	26.32
3934	104132	26.47
3935	103042	26.19
3936	115895	29.44
3937	103845	26.38
3938	104458	26.53
3939	103424	26.26
3940	103051	26.16
3941	104319	26.47
3942	103806	26.33
3943	103062	26.14
3944	104426	26.48
3945	104407	26.47
3946	103350	26.19
3947	103109	26.12
3948	104418	26.45
3949	104355	26.43
3950	104077	26.35
3951	103459	26.19
3952	103366	26.16
3953	103613	26.21
3954	102670	25.97
3955	104950	26.54
3956	104957	26.53
3957	104332	26.37
3958	103881	26.25
3959	104130	26.30
3960	103046	26.02
3961	104559	26.40
3962	103446	26.11
3963	104914	26.47
3964	103968	26.23
3965	102916	25.96
3966	103830	26.18
3967	104332	26.30
3968	104206	26.26
3969	104540	26.34
3970	103190	25.99
3971	104962	26.43
3972	103912	26.16
3973	103942	26.16
3974	104014	26.17
3975	105165	26.46
3976	104186	26.20
3977	104654	26.31
3978	103568	26.04
3979	108162	27.18
3980	104721	26.31
3981	104001	26.12
3982	104027	26.12
3983	105571	26.51
3984	103514	25.98
3985	103875	26.07
3986	105313	26.42
3987	103655	26.00
3988	103944	26.06
3989	106155	26.61
3990	104177	26.11
3991	103654	25.97
3992	104672	26.22
3993	104556	26.18
3994	105231	26.35
3995	104602	26.18
3996	109761	27.47
3997	105038	26.28
3998	105690	26.44
3999	104372	26.10
4000	106106	26.53
