N	Total Time	Average CPE
1	273	273.00
2	250	125.00
3	265	88.33
4	300	75.00
5	507	101.40
6	585	97.50
7	541	77.29
8	862	107.75
9	793	88.11
10	827	82.70
11	1044	94.91
12	931	77.58
13	1177	90.54
14	1203	85.93
15	1472	98.13
16	1376	86.00
17	1462	86.00
18	1533	85.17
19	1764	92.84
20	1712	85.60
21	1337	63.67
22	1386	63.00
23	1446	62.87
24	1593	66.38
25	1649	65.96
26	1739	66.88
27	1700	62.96
28	1963	70.11
29	2244	77.38
30	2486	82.87
31	2797	90.23
32	2656	83.00
33	2677	81.12
34	2687	79.03
35	983	28.09
36	749	20.81
37	675	18.24
38	728	19.16
39	738	18.92
40	920	23.00
41	1525	37.20
42	2413	57.45
43	2419	56.26
44	2498	56.77
45	3256	72.36
46	3194	69.43
47	3437	73.13
48	3291	68.56
49	2084	42.53
50	891	17.82
51	881	17.27
52	864	16.62
53	965	18.21
54	1013	18.76
55	1018	18.51
56	1098	19.61
57	1379	24.19
58	979	16.88
59	1005	17.03
60	1264	21.07
61	3094	50.72
62	3464	55.87
63	3738	59.33
64	3874	60.53
65	3815	58.69
66	4002	60.64
67	1161	17.33
68	1155	16.99
69	1163	16.86
70	1236	17.66
71	1255	17.68
72	1494	20.75
73	1258	17.23
74	1271	17.18
75	1266	16.88
76	1297	17.07
77	1361	17.68
78	1327	17.01
79	1311	16.59
80	1549	19.36
81	4503	55.59
82	4651	56.72
83	4966	59.83
84	5066	60.31
85	2619	30.81
86	1514	17.60
87	1607	18.47
88	1744	19.82
89	1654	18.58
90	1541	17.12
91	1553	17.07
92	1653	17.97
93	1659	17.84
94	1587	16.88
95	1566	16.48
96	1610	16.77
97	1641	16.92
98	1735	17.70
99	1675	16.92
100	2631	26.31
101	6351	62.88
102	6046	59.27
103	7754	75.28
104	3641	35.01
105	1789	17.04
106	2248	21.21
107	1970	18.41
108	1921	17.79
109	1795	16.47
110	1929	17.54
111	1952	17.59
112	1900	16.96
113	1883	16.66
114	1940	17.02
115	1900	16.52
116	1931	16.65
117	1964	16.79
118	2099	17.79
119	1986	16.69
120	3070	25.58
121	7321	60.50
122	7316	59.97
123	6204	50.44
124	2004	16.16
125	3755	30.04
126	7148	56.73
127	9141	71.98
128	5313	41.51
129	2501	19.39
130	2470	19.00
131	2346	17.91
132	2249	17.04
133	2262	17.01
134	2305	17.20
135	2250	16.67
136	2296	16.88
137	2271	16.58
138	2280	16.52
139	2415	17.37
140	3824	27.31
141	8899	63.11
142	8191	57.68
143	4412	30.85
144	2602	18.07
145	2762	19.05
146	2520	17.26
147	2483	16.89
148	2533	17.11
149	2594	17.41
150	2494	16.63
151	2922	19.35
152	2524	16.61
153	2557	16.71
154	2625	17.05
155	2561	16.52
156	2615	16.76
157	2834	18.05
158	2599	16.45
159	2668	16.78
160	4551	28.44
161	9656	59.98
162	9332	57.60
163	2671	16.39
164	3134	19.11
165	2796	16.95
166	2717	16.37
167	2831	16.95
168	2920	17.38
169	2813	16.64
170	2832	16.66
171	2801	16.38
172	2843	16.53
173	2895	16.73
174	2898	16.66
175	2881	16.46
176	8613	48.94
177	10514	59.40
178	5407	30.38
179	2993	16.72
180	5384	29.91
181	10616	58.65
182	8585	47.17
183	3123	17.07
184	3493	18.98
185	3111	16.82
186	3361	18.07
187	3097	16.56
188	3178	16.90
189	3138	16.60
190	3651	19.22
191	3110	16.28
192	3197	16.65
193	3236	16.77
194	3223	16.61
195	3516	18.03
196	3196	16.31
197	3338	16.94
198	3269	16.51
199	3365	16.91
200	6316	31.58
201	12659	62.98
202	7760	38.42
203	3465	17.07
204	3400	16.67
205	3439	16.78
206	3366	16.34
207	3417	16.51
208	3498	16.82
209	3484	16.67
210	3469	16.52
211	3933	18.64
212	3564	16.81
213	3551	16.67
214	3784	17.68
215	3546	16.49
216	3592	16.63
217	3839	17.69
218	3565	16.35
219	3592	16.40
220	6682	30.37
221	13357	60.44
222	6496	29.26
223	3757	16.85
224	3671	16.39
225	11248	49.99
226	11107	49.15
227	4045	17.82
228	3794	16.64
229	4041	17.65
230	3802	16.53
231	3799	16.45
232	3845	16.57
233	3899	16.73
234	4050	17.31
235	3893	16.57
236	4047	17.15
237	3927	16.57
238	4009	16.84
239	3879	16.23
240	7595	31.65
241	14302	59.34
242	6922	28.60
243	4215	17.35
244	4293	17.59
245	4071	16.62
246	4265	17.34
247	4097	16.59
248	4078	16.44
249	4127	16.57
250	10461	41.84
251	13626	54.29
252	4304	17.08
253	4510	17.83
254	4292	16.90
255	4224	16.56
256	4545	17.75
257	4283	16.67
258	4311	16.71
259	4376	16.90
260	8260	31.77
261	15361	58.85
262	4717	18.00
263	4472	17.00
264	4407	16.69
265	4876	18.40
266	4423	16.63
267	4426	16.58
268	4426	16.51
269	4405	16.38
270	4544	16.83
271	4837	17.85
272	4567	16.79
273	4662	17.08
274	4587	16.74
275	4814	17.51
276	4583	16.61
277	4594	16.58
278	4883	17.56
279	4609	16.52
280	9725	34.73
281	16248	57.82
282	4793	17.00
283	4728	16.71
284	4772	16.80
285	4824	16.93
286	4982	17.42
287	4793	16.70
288	4805	16.68
289	4743	16.41
290	4831	16.66
291	4882	16.78
292	5018	17.18
293	4865	16.60
294	4885	16.62
295	5214	17.67
296	4929	16.65
297	4986	16.79
298	5198	17.44
299	4959	16.59
300	14146	47.15
301	17698	58.80
302	5864	19.42
303	5262	17.37
304	5433	17.87
305	5330	17.48
306	5136	16.78
307	5160	16.81
308	5363	17.41
309	5167	16.72
310	5167	16.67
311	5447	17.51
312	5879	18.84
313	5175	16.53
314	5463	17.40
315	5277	16.75
316	5273	16.69
317	5165	16.29
318	5301	16.67
319	5304	16.63
320	10601	33.13
321	16204	50.48
322	5395	16.75
323	5358	16.59
324	5352	16.52
325	5493	16.90
326	6011	18.44
327	5783	17.69
328	5431	16.56
329	5468	16.62
330	5490	16.64
331	5462	16.50
332	5970	17.98
333	5530	16.61
334	5502	16.47
335	5488	16.38
336	5598	16.66
337	5598	16.61
338	5665	16.76
339	5657	16.69
340	11475	33.75
341	15717	46.09
342	5796	16.95
343	5711	16.65
344	5727	16.65
345	5761	16.70
346	5740	16.59
347	5837	16.82
348	5766	16.57
349	6245	17.89
350	5831	16.66
351	5806	16.54
352	5772	16.40
353	6434	18.23
354	6081	17.18
355	5840	16.45
356	6183	17.37
357	5872	16.45
358	6005	16.77
359	6384	17.78
360	12222	33.95
361	17759	49.19
362	6178	17.07
363	6423	17.69
364	6063	16.66
365	6046	16.56
366	6148	16.80
367	6468	17.62
368	6040	16.41
369	6175	16.73
370	6105	16.50
371	6791	18.30
372	6109	16.42
373	6199	16.62
374	6666	17.82
375	18370	48.99
376	10883	28.94
377	6383	16.93
378	6280	16.61
379	6333	16.71
380	13834	36.41
381	18849	49.47
382	6781	17.75
383	6909	18.04
384	7002	18.23
385	6735	17.49
386	6345	16.44
387	6403	16.55
388	6615	17.05
389	6616	17.01
390	6886	17.66
391	6688	17.10
392	6528	16.65
393	6474	16.47
394	6484	16.46
395	6792	17.19
396	7252	18.31
397	7024	17.69
398	6616	16.62
399	7668	19.22
400	14579	36.45
401	16149	40.27
402	6854	17.05
403	7020	17.42
404	7112	17.60
405	6691	16.52
406	6970	17.17
407	7069	17.37
408	6796	16.66
409	7058	17.26
410	7026	17.14
411	7044	17.14
412	6793	16.49
413	6808	16.48
414	6836	16.51
415	7150	17.23
416	6772	16.28
417	6870	16.47
418	6845	16.38
419	7176	17.13
420	18089	43.07
421	16183	38.44
422	7526	17.83
423	7074	16.72
424	7051	16.63
425	7525	17.71
426	7061	16.58
427	7499	17.56
428	7161	16.73
429	7137	16.64
430	7006	16.29
431	7106	16.49
432	7083	16.40
433	7245	16.73
434	7093	16.34
435	7140	16.41
436	7182	16.47
437	7509	17.18
438	7684	17.54
439	7468	17.01
440	15575	35.40
441	16213	36.76
442	7341	16.61
443	7352	16.60
444	7554	17.01
445	7580	17.03
446	7270	16.30
447	7352	16.45
448	7729	17.25
449	7465	16.63
450	7412	16.47
451	7401	16.41
452	7771	17.19
453	7431	16.40
454	7417	16.34
455	7412	16.29
456	7546	16.55
457	7660	16.76
458	7559	16.50
459	7572	16.50
460	16884	36.70
461	15328	33.25
462	7753	16.78
463	8406	18.16
464	7581	16.34
465	7546	16.23
466	7676	16.47
467	7636	16.35
468	8017	17.13
469	7924	16.90
470	8092	17.22
471	7773	16.50
472	7816	16.56
473	7998	16.91
474	8172	17.24
475	7928	16.69
476	8215	17.26
477	7811	16.38
478	8518	17.82
479	8721	18.21
480	17535	36.53
481	15754	32.75
482	8605	17.85
483	7895	16.35
484	7986	16.50
485	8073	16.65
486	8278	17.03
487	8408	17.26
488	7993	16.38
489	8320	17.01
490	8021	16.37
491	8033	16.36
492	8130	16.52
493	8034	16.30
494	8183	16.56
495	8200	16.57
496	8240	16.61
497	8375	16.85
498	8427	16.92
499	9401	18.84
500	16144	32.29
501	17928	35.78
502	8498	16.93
503	8649	17.19
504	8390	16.65
505	8294	16.42
506	8392	16.58
507	8422	16.61
508	8321	16.38
509	14935	29.34
510	15888	31.15
511	9259	18.12
512	8455	16.51
513	8632	16.83
514	9756	18.98
515	8895	17.27
516	8803	17.06
517	8551	16.54
518	8601	16.60
519	8776	16.91
520	19718	37.92
521	15305	29.38
522	8714	16.69
523	8684	16.60
524	8952	17.08
525	8601	16.38
526	8972	17.06
527	8690	16.49
528	8653	16.39
529	8697	16.44
530	9335	17.61
531	8926	16.81
532	8776	16.50
533	9100	17.07
534	9020	16.89
535	8942	16.71
536	9472	17.67
537	9044	16.84
538	8797	16.35
539	9028	16.75
540	20177	37.36
541	16242	30.02
542	9105	16.80
543	8895	16.38
544	8877	16.32
545	9285	17.04
546	8985	16.46
547	8965	16.39
548	9267	16.91
549	8998	16.39
550	9103	16.55
551	9291	16.86
552	9816	17.78
553	9831	17.78
554	9085	16.40
555	9441	17.01
556	9387	16.88
557	9141	16.41
558	9361	16.78
559	9425	16.86
560	21123	37.72
561	15521	27.67
562	9332	16.60
563	10458	18.58
564	9230	16.37
565	9710	17.19
566	9309	16.45
567	9275	16.36
568	10075	17.74
569	9378	16.48
570	9744	17.09
571	9640	16.88
572	9859	17.24
573	9815	17.13
574	9650	16.81
575	9797	17.04
576	26992	46.86
577	11162	19.34
578	9546	16.52
579	9805	16.93
580	20546	35.42
581	14644	25.20
582	9651	16.58
583	10072	17.28
584	10116	17.32
585	9708	16.59
586	10175	17.36
587	9625	16.40
588	9965	16.95
589	10198	17.31
590	9849	16.69
591	9756	16.51
592	10138	17.12
593	9747	16.44
594	10175	17.13
595	9736	16.36
596	10435	17.51
597	10258	17.18
598	10813	18.08
599	9937	16.59
600	22769	37.95
601	15005	24.97
602	9978	16.57
603	10022	16.62
604	10185	16.86
605	9996	16.52
606	10313	17.02
607	10271	16.92
608	10035	16.50
609	10024	16.46
610	10033	16.45
611	10331	16.91
612	10549	17.24
613	10186	16.62
614	10211	16.63
615	10096	16.42
616	10529	17.09
617	10152	16.45
618	10410	16.84
619	10152	16.40
620	23256	37.51
621	14167	22.81
622	10168	16.35
623	10511	16.87
624	10470	16.78
625	18004	28.81
626	19712	31.49
627	11070	17.66
628	10858	17.29
629	10372	16.49
630	10454	16.59
631	10420	16.51
632	11168	17.67
633	11792	18.63
634	10720	16.91
635	10409	16.39
636	11490	18.07
637	10756	16.89
638	10758	16.86
639	10645	16.66
640	25120	39.25
641	14443	22.53
642	11052	17.21
643	10549	16.41
644	10925	16.96
645	12959	20.09
646	11536	17.86
647	10970	16.96
648	11782	18.18
649	10931	16.84
650	10792	16.60
651	11122	17.08
652	11344	17.40
653	11128	17.04
654	11064	16.92
655	11112	16.96
656	11403	17.38
657	10943	16.66
658	11042	16.78
659	11022	16.73
660	25512	38.65
661	14164	21.43
662	11256	17.00
663	11125	16.78
664	11273	16.98
665	11219	16.87
666	15744	23.64
667	11224	16.83
668	11270	16.87
669	11970	17.89
670	11343	16.93
671	11374	16.95
672	11395	16.96
673	11434	16.99
674	11311	16.78
675	11180	16.56
676	14553	21.53
677	11105	16.40
678	11314	16.69
679	11473	16.90
680	26083	38.36
681	14203	20.86
682	11824	17.34
683	11775	17.24
684	11731	17.15
685	11886	17.35
686	11347	16.54
687	11308	16.46
688	11732	17.05
689	11433	16.59
690	11652	16.89
691	11398	16.49
692	11907	17.21
693	11965	17.27
694	11623	16.75
695	11719	16.86
696	12282	17.65
697	11474	16.46
698	11622	16.65
699	11708	16.75
700	26945	38.49
701	13734	19.59
702	12119	17.26
703	11517	16.38
704	11580	16.45
705	11617	16.48
706	11954	16.93
707	11809	16.70
708	12285	17.35
709	11967	16.88
710	11657	16.42
711	12219	17.19
712	11824	16.61
713	11869	16.65
714	11783	16.50
715	12798	17.90
716	11855	16.56
717	11785	16.44
718	11912	16.59
719	11890	16.54
720	27092	37.63
721	14101	19.56
722	12898	17.86
723	12047	16.66
724	12178	16.82
725	12564	17.33
726	12202	16.81
727	12964	17.83
728	12589	17.29
729	12130	16.64
730	13490	18.48
731	12003	16.42
732	12031	16.44
733	12391	16.90
734	12547	17.09
735	12370	16.83
736	12246	16.64
737	12466	16.91
738	12428	16.84
739	12781	17.29
740	28524	38.55
741	13775	18.59
742	12505	16.85
743	12523	16.85
744	12570	16.90
745	12678	17.02
746	12405	16.63
747	12295	16.46
748	13513	18.07
749	12859	17.17
750	21435	28.58
751	21052	28.03
752	12327	16.39
753	12828	17.04
754	12428	16.48
755	12749	16.89
756	13667	18.08
757	12674	16.74
758	12675	16.72
759	13213	17.41
760	28734	37.81
761	13492	17.73
762	12948	16.99
763	12721	16.67
764	14546	19.04
765	12887	16.85
766	13086	17.08
767	13623	17.76
768	14434	18.79
769	12623	16.41
770	12973	16.85
771	12814	16.62
772	12901	16.71
773	13186	17.06
774	12830	16.58
775	12647	16.32
776	13015	16.77
777	12804	16.48
778	13145	16.90
779	12858	16.51
780	29408	37.70
781	13721	17.57
782	13390	17.12
783	12991	16.59
784	12862	16.41
785	12894	16.43
786	12931	16.45
787	12865	16.35
788	13225	16.78
789	13050	16.54
790	12914	16.35
791	18057	22.83
792	13060	16.49
793	14022	17.68
794	13289	16.74
795	13020	16.38
796	14179	17.81
797	13435	16.86
798	13387	16.78
799	13183	16.50
800	46259	57.82
801	29466	36.79
802	13477	16.80
803	13254	16.51
804	13321	16.57
805	14233	17.68
806	13874	17.21
807	13874	17.19
808	13768	17.04
809	13795	17.05
810	13434	16.59
811	13860	17.09
812	14180	17.46
813	13736	16.90
814	14148	17.38
815	14229	17.46
816	14402	17.65
817	19430	23.78
818	13569	16.59
819	15710	19.18
820	30620	37.34
821	13618	16.59
822	13633	16.59
823	13497	16.40
824	13869	16.83
825	14783	17.92
826	15364	18.60
827	14006	16.94
828	14923	18.02
829	13888	16.75
830	14301	17.23
831	14356	17.28
832	14281	17.16
833	14120	16.95
834	13856	16.61
835	13980	16.74
836	13807	16.52
837	13648	16.31
838	14267	17.03
839	13698	16.33
840	31332	37.30
841	14621	17.39
842	14326	17.01
843	14870	17.64
844	14255	16.89
845	14349	16.98
846	14355	16.97
847	14840	17.52
848	14041	16.56
849	14320	16.87
850	14393	16.93
851	14133	16.61
852	14204	16.67
853	14479	16.97
854	14239	16.67
855	14538	17.00
856	14060	16.43
857	14425	16.83
858	14115	16.45
859	14398	16.76
860	31751	36.92
861	14960	17.38
862	14550	16.88
863	14589	16.90
864	14264	16.51
865	14458	16.71
866	15065	17.40
867	14557	16.79
868	15181	17.49
869	14418	16.59
870	14488	16.65
871	14882	17.09
872	14793	16.96
873	14939	17.11
874	14938	17.09
875	14845	16.97
876	14895	17.00
877	14467	16.50
878	14890	16.96
879	14975	17.04
880	31370	35.65
881	14862	16.87
882	14623	16.58
883	14652	16.59
884	14539	16.45
885	14927	16.87
886	14513	16.38
887	15283	17.23
888	14841	16.71
889	14707	16.54
890	14712	16.53
891	15343	17.22
892	14656	16.43
893	15709	17.59
894	15405	17.23
895	14930	16.68
896	14874	16.60
897	15092	16.82
898	15103	16.82
899	14815	16.48
900	32377	35.97
901	15477	17.18
902	14710	16.31
903	14710	16.29
904	14885	16.47
905	15035	16.61
906	15402	17.00
907	15008	16.55
908	15503	17.07
909	15340	16.88
910	15301	16.81
911	15621	17.15
912	15190	16.66
913	15096	16.53
914	15570	17.04
915	15536	16.98
916	15410	16.82
917	16373	17.85
918	16644	18.13
919	15464	16.83
920	32482	35.31
921	15408	16.73
922	15493	16.80
923	15233	16.50
924	16699	18.07
925	15153	16.38
926	15401	16.63
927	15480	16.70
928	15587	16.80
929	15848	17.06
930	16032	17.24
931	15697	16.86
932	15200	16.31
933	15475	16.59
934	15747	16.86
935	15550	16.63
936	15524	16.59
937	15377	16.41
938	15522	16.55
939	15389	16.39
940	32739	34.83
941	15694	16.68
942	15533	16.49
943	15588	16.53
944	16065	17.02
945	15572	16.48
946	15725	16.62
947	16713	17.65
948	15634	16.49
949	16210	17.08
950	15763	16.59
951	16077	16.91
952	15944	16.75
953	16371	17.18
954	16342	17.13
955	15785	16.53
956	16393	17.15
957	16277	17.01
958	15773	16.46
959	15905	16.58
960	32753	34.12
961	16261	16.92
962	16167	16.81
963	16753	17.40
964	16218	16.82
965	16083	16.67
966	15859	16.42
967	16439	17.00
968	16663	17.21
969	16025	16.54
970	16872	17.39
971	25028	25.78
972	16534	17.01
973	16383	16.84
974	15976	16.40
975	16432	16.85
976	33248	34.07
977	16349	16.73
978	16339	16.71
979	16213	16.56
980	34536	35.24
981	16638	16.96
982	16825	17.13
983	16249	16.53
984	16686	16.96
985	16617	16.87
986	16561	16.80
987	17174	17.40
988	16332	16.53
989	16832	17.02
990	16822	16.99
991	16978	17.13
992	16663	16.80
993	16614	16.73
994	16568	16.67
995	16900	16.98
996	16511	16.58
997	16796	16.85
998	16555	16.59
999	17290	17.31
1000	23736	23.74
1001	26852	26.83
1002	16575	16.54
1003	16896	16.85
1004	17302	17.23
1005	16887	16.80
1006	16711	16.61
1007	16899	16.78
1008	16830	16.70
1009	16709	16.56
1010	17031	16.86
1011	16882	16.70
1012	17373	17.17
1013	17294	17.07
1014	16850	16.62
1015	17920	17.66
1016	16942	16.68
1017	16790	16.51
1018	17106	16.80
1019	17046	16.73
1020	33880	33.22
1021	17441	17.08
1022	16977	16.61
1023	16877	16.50
1024	16851	16.46
1025	33654	32.83
1026	16892	16.46
1027	17692	17.23
1028	17409	16.93
1029	17099	16.62
1030	16923	16.43
1031	17543	17.02
1032	17441	16.90
1033	17288	16.74
1034	17334	16.76
1035	18213	17.60
1036	17454	16.85
1037	17325	16.71
1038	17674	17.03
1039	17515	16.86
1040	34834	33.49
1041	17661	16.97
1042	17232	16.54
1043	17946	17.21
1044	17868	17.11
1045	17347	16.60
1046	17456	16.69
1047	18715	17.87
1048	17405	16.61
1049	17965	17.13
1050	17911	17.06
1051	17647	16.79
1052	18004	17.11
1053	18063	17.15
1054	17475	16.58
1055	17703	16.78
1056	18377	17.40
1057	19115	18.08
1058	18722	17.70
1059	17962	16.96
1060	45139	42.58
1061	18449	17.39
1062	19427	18.29
1063	17775	16.72
1064	19207	18.05
1065	20572	19.32
1066	19647	18.43
1067	17687	16.58
1068	18397	17.23
1069	21889	20.48
1070	18038	16.86
1071	20379	19.03
1072	18352	17.12
1073	18135	16.90
1074	21213	19.75
1075	18523	17.23
1076	20250	18.82
1077	18215	16.91
1078	17798	16.51
1079	17850	16.54
1080	35346	32.73
1081	19750	18.27
1082	17744	16.40
1083	18388	16.98
1084	17698	16.33
1085	18533	17.08
1086	18145	16.71
1087	18388	16.92
1088	18529	17.03
1089	17923	16.46
1090	18358	16.84
1091	20739	19.01
1092	18011	16.49
1093	18329	16.77
1094	18081	16.53
1095	19451	17.76
1096	18164	16.57
1097	18747	17.09
1098	18212	16.59
1099	18204	16.56
1100	35593	32.36
1101	18247	16.57
1102	18508	16.79
1103	19011	17.24
1104	18454	16.72
1105	18384	16.64
1106	18749	16.95
1107	18373	16.60
1108	19653	17.74
1109	18727	16.89
1110	18546	16.71
1111	19065	17.16
1112	18544	16.68
1113	18678	16.78
1114	18701	16.79
1115	20302	18.21
1116	18778	16.83
1117	18788	16.82
1118	19541	17.48
1119	19085	17.06
1120	36608	32.69
1121	19049	16.99
1122	18708	16.67
1123	18782	16.72
1124	19288	17.16
1125	19155	17.03
1126	19029	16.90
1127	18657	16.55
1128	18931	16.78
1129	19134	16.95
1130	19088	16.89
1131	19239	17.01
1132	18713	16.53
1133	18884	16.67
1134	20191	17.81
1135	19946	17.57
1136	19163	16.87
1137	19559	17.20
1138	18714	16.44
1139	19479	17.10
1140	35653	31.27
1141	19559	17.14
1142	20066	17.57
1143	18922	16.55
1144	19218	16.80
1145	19189	16.76
1146	19261	16.81
1147	19057	16.61
1148	19358	16.86
1149	19707	17.15
1150	19384	16.86
1151	19384	16.84
1152	19271	16.73
1153	20154	17.48
1154	19921	17.26
1155	19416	16.81
1156	19585	16.94
1157	19395	16.76
1158	20431	17.64
1159	19147	16.52
1160	37447	32.28
1161	19649	16.92
1162	20222	17.40
1163	19841	17.06
1164	19222	16.51
1165	19883	17.07
1166	19832	17.01
1167	20627	17.68
1168	19855	17.00
1169	19496	16.68
1170	19716	16.85
1171	20122	17.18
1172	19701	16.81
1173	19702	16.80
1174	20354	17.34
1175	19749	16.81
1176	19889	16.91
1177	19913	16.92
1178	19593	16.63
1179	31300	26.55
1180	36733	31.13
1181	20111	17.03
1182	24943	21.10
1183	19907	16.83
1184	19784	16.71
1185	20197	17.04
1186	20691	17.45
1187	19768	16.65
1188	19997	16.83
1189	20826	17.52
1190	21429	18.01
1191	19723	16.56
1192	20801	17.45
1193	20191	16.92
1194	19509	16.34
1195	19728	16.51
1196	20257	16.94
1197	20044	16.75
1198	20289	16.94
1199	19976	16.66
1200	53934	44.95
1201	35155	29.27
1202	20631	17.16
1203	20417	16.97
1204	20584	17.10
1205	20782	17.25
1206	20547	17.04
1207	21289	17.64
1208	20313	16.82
1209	19849	16.42
1210	20799	17.19
1211	20708	17.10
1212	20137	16.61
1213	20598	16.98
1214	20648	17.01
1215	20541	16.91
1216	20581	16.93
1217	20783	17.08
1218	20858	17.12
1219	20273	16.63
1220	37461	30.71
1221	20586	16.86
1222	21304	17.43
1223	20685	16.91
1224	20374	16.65
1225	21258	17.35
1226	21376	17.44
1227	20754	16.91
1228	20995	17.10
1229	20541	16.71
1230	20813	16.92
1231	20660	16.78
1232	20699	16.80
1233	20561	16.68
1234	20564	16.66
1235	21019	17.02
1236	20659	16.71
1237	21088	17.05
1238	20782	16.79
1239	21270	17.17
1240	37859	30.53
1241	20940	16.87
1242	21902	17.63
1243	20984	16.88
1244	21494	17.28
1245	21349	17.15
1246	21250	17.05
1247	21064	16.89
1248	21038	16.86
1249	21157	16.94
1250	30344	24.28
1251	32088	25.65
1252	22572	18.03
1253	21678	17.30
1254	22470	17.92
1255	20560	16.38
1256	21035	16.75
1257	21004	16.71
1258	43478	34.56
1259	22001	17.47
1260	39892	31.66
1261	21941	17.40
1262	22196	17.59
1263	21438	16.97
1264	21726	17.19
1265	22112	17.48
1266	23974	18.94
1267	22083	17.43
1268	22907	18.07
1269	21499	16.94
1270	23123	18.21
1271	21974	17.29
1272	21765	17.11
1273	22279	17.50
1274	22371	17.56
1275	21628	16.96
1276	22313	17.49
1277	23714	18.57
1278	22401	17.53
1279	24353	19.04
1280	42752	33.40
1281	24659	19.25
1282	22655	17.67
1283	22714	17.70
1284	22859	17.80
1285	24164	18.80
1286	21667	16.85
1287	21920	17.03
1288	22483	17.46
1289	22399	17.38
1290	21663	16.79
1291	21704	16.81
1292	23101	17.88
1293	23831	18.43
1294	22611	17.47
1295	22622	17.47
1296	22722	17.53
1297	22345	17.23
1298	24351	18.76
1299	22553	17.36
1300	40864	31.43
1301	23677	18.20
1302	21880	16.80
1303	25827	19.82
1304	22565	17.30
1305	22717	17.41
1306	22714	17.39
1307	22050	16.87
1308	22484	17.19
1309	22565	17.24
1310	22553	17.22
1311	22334	17.04
1312	24941	19.01
1313	22963	17.49
1314	23293	17.73
1315	22491	17.10
1316	22802	17.33
1317	22432	17.03
1318	23982	18.20
1319	22532	17.08
1320	40733	30.86
1321	22727	17.20
1322	23402	17.70
1323	22463	16.98
1324	23136	17.47
1325	22558	17.02
1326	23782	17.94
1327	22383	16.87
1328	26832	20.20
1329	23275	17.51
1330	24058	18.09
1331	28413	21.35
1332	23549	17.68
1333	27155	20.37
1334	23375	17.52
1335	23249	17.41
1336	28367	21.23
1337	27035	20.22
1338	25590	19.13
1339	22540	16.83
1340	43537	32.49
1341	28200	21.03
1342	23160	17.26
1343	32167	23.95
1344	26400	19.64
1345	25928	19.28
1346	22933	17.04
1347	23404	17.37
1348	23348	17.32
1349	23458	17.39
1350	23660	17.53
1351	22855	16.92
1352	24525	18.14
1353	24958	18.45
1354	22681	16.75
1355	24136	17.81
1356	22869	16.87
1357	24032	17.71
1358	23285	17.15
1359	23569	17.34
1360	54297	39.92
1361	26422	19.41
1362	23443	17.21
1363	22736	16.68
1364	22895	16.79
1365	22964	16.82
1366	22671	16.60
1367	22720	16.62
1368	23186	16.95
1369	27573	20.14
1370	22709	16.58
1371	22787	16.62
1372	22487	16.39
1373	22880	16.66
1374	22997	16.74
1375	23008	16.73
1376	41291	30.01
1377	23103	16.78
1378	23381	16.97
1379	23103	16.75
1380	40272	29.18
1381	23046	16.69
1382	23103	16.72
1383	22793	16.48
1384	23435	16.93
1385	22959	16.58
1386	23524	16.97
1387	23074	16.64
1388	22942	16.53
1389	23089	16.62
1390	23209	16.70
1391	28339	20.37
1392	23358	16.78
1393	23353	16.76
1394	23377	16.77
1395	23468	16.82
1396	23028	16.50
1397	23008	16.47
1398	24559	17.57
1399	23724	16.96
1400	41134	29.38
1401	23520	16.79
1402	23483	16.75
1403	23257	16.58
1404	23308	16.60
1405	24161	17.20
1406	23378	16.63
1407	25096	17.84
1408	23455	16.66
1409	23302	16.54
1410	23483	16.65
1411	24011	17.02
1412	23140	16.39
1413	24767	17.53
1414	23226	16.43
1415	23785	16.81
1416	24664	17.42
1417	24902	17.57
1418	24299	17.14
1419	25477	17.95
1420	41764	29.41
1421	23761	16.72
1422	24832	17.46
1423	24008	16.87
1424	24621	17.29
1425	40992	28.77
1426	23784	16.68
1427	24975	17.50
1428	25977	18.19
1429	23695	16.58
1430	23981	16.77
1431	24109	16.85
1432	24386	17.03
1433	24303	16.96
1434	23751	16.56
1435	24536	17.10
1436	24109	16.79
1437	25219	17.55
1438	24811	17.25
1439	23955	16.65
1440	41086	28.53
1441	24356	16.90
1442	23836	16.53
1443	23926	16.58
1444	23958	16.59
1445	23859	16.51
1446	23797	16.46
1447	24018	16.60
1448	24600	16.99
1449	25064	17.30
1450	24853	17.14
1451	24124	16.63
1452	25604	17.63
1453	24367	16.77
1454	25043	17.22
1455	25053	17.22
1456	24949	17.14
1457	24775	17.00
1458	25580	17.54
1459	24660	16.90
1460	42731	29.27
1461	25297	17.31
1462	25206	17.24
1463	24781	16.94
1464	26063	17.80
1465	25964	17.72
1466	24554	16.75
1467	25106	17.11
1468	24798	16.89
1469	24750	16.85
1470	24769	16.85
1471	24290	16.51
1472	25204	17.12
1473	25293	17.17
1474	24759	16.80
1475	25372	17.20
1476	24129	16.35
1477	25623	17.35
1478	24456	16.55
1479	24378	16.48
1480	41549	28.07
1481	24825	16.76
1482	25324	17.09
1483	24639	16.61
1484	24952	16.81
1485	25109	16.91
1486	25075	16.87
1487	24799	16.68
1488	25062	16.84
1489	25283	16.98
1490	25677	17.23
1491	25204	16.90
1492	25676	17.21
1493	24942	16.71
1494	25043	16.76
1495	25249	16.89
1496	25583	17.10
1497	25593	17.10
1498	24890	16.62
1499	25029	16.70
1500	64653	43.10
1501	36421	24.26
1502	25135	16.73
1503	25104	16.70
1504	25423	16.90
1505	24648	16.38
1506	24963	16.58
1507	25598	16.99
1508	25761	17.08
1509	25966	17.21
1510	26345	17.45
1511	27215	18.01
1512	25235	16.69
1513	25142	16.62
1514	25383	16.77
1515	25168	16.61
1516	25364	16.73
1517	25566	16.85
1518	25776	16.98
1519	24851	16.36
1520	43344	28.52
1521	25633	16.85
1522	25642	16.85
1523	25559	16.78
1524	25203	16.54
1525	26496	17.37
1526	25208	16.52
1527	25648	16.80
1528	25265	16.53
1529	25661	16.78
1530	25378	16.59
1531	25066	16.37
1532	25350	16.55
1533	25177	16.42
1534	25518	16.63
1535	25425	16.56
1536	25999	16.93
1537	25378	16.51
1538	25660	16.68
1539	26487	17.21
1540	43269	28.10
1541	26943	17.48
1542	25372	16.45
1543	25834	16.74
1544	27160	17.59
1545	27150	17.57
1546	25379	16.42
1547	27268	17.63
1548	25776	16.65
1549	26513	17.12
1550	26337	16.99
1551	25740	16.60
1552	26116	16.83
1553	26587	17.12
1554	25763	16.58
1555	26271	16.89
1556	26370	16.95
1557	25906	16.64
1558	25510	16.37
1559	25954	16.65
1560	43081	27.62
1561	25870	16.57
1562	26504	16.97
1563	25593	16.37
1564	26275	16.80
1565	26022	16.63
1566	26965	17.22
1567	31800	20.29
1568	27325	17.43
1569	26454	16.86
1570	25877	16.48
1571	25997	16.55
1572	25719	16.36
1573	26528	16.86
1574	26762	17.00
1575	27417	17.41
1576	26586	16.87
1577	26549	16.84
1578	25799	16.35
1579	26022	16.48
1580	45346	28.70
1581	27541	17.42
1582	26620	16.83
1583	26268	16.59
1584	26444	16.69
1585	26202	16.53
1586	26107	16.46
1587	26674	16.81
1588	26154	16.47
1589	26230	16.51
1590	26636	16.75
1591	26667	16.76
1592	26813	16.84
1593	26531	16.65
1594	27382	17.18
1595	32541	20.40
1596	26818	16.80
1597	27267	17.07
1598	26771	16.75
1599	26943	16.85
1600	60611	37.88
1601	42965	26.84
1602	26758	16.70
1603	26320	16.42
1604	26683	16.64
1605	26686	16.63
1606	27270	16.98
1607	26873	16.72
1608	27030	16.81
1609	26611	16.54
1610	27419	17.03
1611	27083	16.81
1612	27937	17.33
1613	26551	16.46
1614	26572	16.46
1615	26938	16.68
1616	26554	16.43
1617	27407	16.95
1618	26701	16.50
1619	27012	16.68
1620	45063	27.82
1621	26666	16.45
1622	32459	20.01
1623	26909	16.58
1624	27262	16.79
1625	40147	24.71
1626	30072	18.49
1627	26879	16.52
1628	26942	16.55
1629	27223	16.71
1630	27304	16.75
1631	27526	16.88
1632	27658	16.95
1633	27368	16.76
1634	27907	17.08
1635	28010	17.13
1636	26997	16.50
1637	27425	16.75
1638	27221	16.62
1639	27842	16.99
1640	45221	27.57
1641	27112	16.52
1642	27046	16.47
1643	27675	16.84
1644	26874	16.35
1645	27107	16.48
1646	27483	16.70
1647	27441	16.66
1648	29047	17.63
1649	27665	16.78
1650	28478	17.26
1651	28538	17.29
1652	27686	16.76
1653	27883	16.87
1654	27839	16.83
1655	28282	17.09
1656	27789	16.78
1657	28243	17.04
1658	27974	16.87
1659	27401	16.52
1660	44693	26.92
1661	28039	16.88
1662	28485	17.14
1663	27819	16.73
1664	29007	17.43
1665	27917	16.77
1666	27535	16.53
1667	27652	16.59
1668	27163	16.28
1669	27233	16.32
1670	27984	16.76
1671	27692	16.57
1672	28447	17.01
1673	28029	16.75
1674	27572	16.47
1675	32599	19.46
1676	28093	16.76
1677	27393	16.33
1678	27759	16.54
1679	27831	16.58
1680	46469	27.66
1681	27392	16.30
1682	27930	16.61
1683	27691	16.45
1684	27750	16.48
1685	28714	17.04
1686	27657	16.40
1687	28117	16.67
1688	28430	16.84
1689	28535	16.89
1690	28243	16.71
1691	28722	16.99
1692	28199	16.67
1693	28114	16.61
1694	28492	16.82
1695	27979	16.51
1696	28429	16.76
1697	28472	16.78
1698	29706	17.49
1699	28591	16.83
1700	45651	26.85
1701	30215	17.76
1702	29787	17.50
1703	31246	18.35
1704	29099	17.08
1705	28446	16.68
1706	29300	17.17
1707	30387	17.80
1708	28238	16.53
1709	28804	16.85
1710	28456	16.64
1711	28849	16.86
1712	28450	16.62
1713	28554	16.67
1714	28807	16.81
1715	28658	16.71
1716	29550	17.22
1717	30100	17.53
1718	28987	16.87
1719	29290	17.04
1720	48055	27.94
1721	28593	16.61
1722	28679	16.65
1723	29058	16.86
1724	28781	16.69
1725	28899	16.75
1726	29656	17.18
1727	33393	19.34
1728	29870	17.29
1729	28168	16.29
1730	29111	16.83
1731	29893	17.27
1732	29019	16.75
1733	29109	16.80
1734	28919	16.68
1735	29093	16.77
1736	28657	16.51
1737	29285	16.86
1738	28970	16.67
1739	29708	17.08
1740	45871	26.36
1741	29114	16.72
1742	29290	16.81
1743	29385	16.86
1744	28413	16.29
1745	28833	16.52
1746	29445	16.86
1747	28757	16.46
1748	29846	17.07
1749	29435	16.83
1750	46027	26.30
1751	28961	16.54
1752	29246	16.69
1753	28815	16.44
1754	29444	16.79
1755	31481	17.94
1756	33248	18.93
1757	29692	16.90
1758	30525	17.36
1759	29938	17.02
1760	47209	26.82
1761	29392	16.69
1762	29394	16.68
1763	33069	18.76
1764	32301	18.31
1765	32444	18.38
1766	33347	18.88
1767	30165	17.07
1768	30976	17.52
1769	30185	17.06
1770	29362	16.59
1771	29937	16.90
1772	29699	16.76
1773	30563	17.24
1774	29728	16.76
1775	30222	17.03
1776	47907	26.97
1777	30427	17.12
1778	29787	16.75
1779	29780	16.74
1780	48962	27.51
1781	29397	16.51
1782	31143	17.48
1783	29725	16.67
1784	35820	20.08
1785	31616	17.71
1786	29685	16.62
1787	29444	16.48
1788	30022	16.79
1789	29552	16.52
1790	29576	16.52
1791	30268	16.90
1792	30096	16.79
1793	30234	16.86
1794	29826	16.63
1795	29836	16.62
1796	30242	16.84
1797	29687	16.52
1798	30255	16.83
1799	30558	16.99
1800	46642	25.91
1801	29701	16.49
1802	30979	17.19
1803	30746	17.05
1804	30688	17.01
1805	29468	16.33
1806	29442	16.30
1807	31310	17.33
1808	29619	16.38
1809	30581	16.90
1810	30484	16.84
1811	31349	17.31
1812	30263	16.70
1813	31097	17.15
1814	30860	17.01
1815	30762	16.95
1816	29894	16.46
1817	30360	16.71
1818	31389	17.27
1819	31223	17.16
1820	47087	25.87
1821	30130	16.55
1822	30273	16.62
1823	31075	17.05
1824	31205	17.11
1825	47241	25.89
1826	30119	16.49
1827	30180	16.52
1828	30302	16.58
1829	30177	16.50
1830	30009	16.40
1831	30394	16.60
1832	35749	19.51
1833	31274	17.06
1834	30717	16.75
1835	31460	17.14
1836	30607	16.67
1837	31652	17.23
1838	30559	16.63
1839	30527	16.60
1840	47949	26.06
1841	32181	17.48
1842	30075	16.33
1843	30691	16.65
1844	30886	16.75
1845	30134	16.33
1846	31104	16.85
1847	31703	17.16
1848	31226	16.90
1849	31157	16.85
1850	31911	17.25
1851	30429	16.44
1852	31086	16.79
1853	30732	16.58
1854	30946	16.69
1855	30828	16.62
1856	32920	17.74
1857	30950	16.67
1858	31192	16.79
1859	32699	17.59
1860	48548	26.10
1861	30637	16.46
1862	31842	17.10
1863	31209	16.75
1864	31505	16.90
1865	31301	16.78
1866	30800	16.51
1867	31153	16.69
1868	31066	16.63
1869	30706	16.43
1870	30831	16.49
1871	33648	17.98
1872	33098	17.68
1873	31607	16.88
1874	31832	16.99
1875	70110	37.39
1876	43230	23.04
1877	31559	16.81
1878	32207	17.15
1879	36306	19.32
1880	48109	25.59
1881	31229	16.60
1882	32021	17.01
1883	31488	16.72
1884	31591	16.77
1885	32826	17.41
1886	31313	16.60
1887	32027	16.97
1888	32003	16.95
1889	31795	16.83
1890	31671	16.76
1891	31797	16.81
1892	31934	16.88
1893	31407	16.59
1894	31892	16.84
1895	32541	17.17
1896	31059	16.38
1897	31952	16.84
1898	31786	16.75
1899	31334	16.50
1900	49993	26.31
1901	32106	16.89
1902	33537	17.63
1903	31757	16.69
1904	32532	17.09
1905	33124	17.39
1906	32220	16.90
1907	33911	17.78
1908	32395	16.98
1909	33268	17.43
1910	32214	16.87
1911	31618	16.55
1912	32450	16.97
1913	31494	16.46
1914	32186	16.82
1915	31826	16.62
1916	33458	17.46
1917	32473	16.94
1918	32572	16.98
1919	31693	16.52
1920	48855	25.45
1921	31556	16.43
1922	32827	17.08
1923	32840	17.08
1924	33345	17.33
1925	36974	19.21
1926	32310	16.78
1927	32174	16.70
1928	32461	16.84
1929	33250	17.24
1930	32763	16.98
1931	33216	17.20
1932	33437	17.31
1933	32732	16.93
1934	32174	16.64
1935	32350	16.72
1936	31624	16.33
1937	33055	17.07
1938	32515	16.78
1939	33551	17.30
1940	49179	25.35
1941	31792	16.38
1942	31733	16.34
1943	31546	16.24
1944	33704	17.34
1945	31646	16.27
1946	32433	16.67
1947	33166	17.03
1948	36248	18.61
1949	32505	16.68
1950	32348	16.59
1951	33754	17.30
1952	33004	16.91
1953	31661	16.21
1954	33737	17.27
1955	32925	16.84
1956	32085	16.40
1957	32970	16.85
1958	32090	16.39
1959	33041	16.87
1960	50977	26.01
1961	32666	16.66
1962	33318	16.98
1963	32939	16.78
1964	32929	16.77
1965	32017	16.29
1966	33239	16.91
1967	32491	16.52
1968	33589	17.07
1969	33477	17.00
1970	33233	16.87
1971	32145	16.31
1972	33195	16.83
1973	34120	17.29
1974	32747	16.59
1975	32388	16.40
1976	32768	16.58
1977	33474	16.93
1978	33281	16.83
1979	32873	16.61
1980	50731	25.62
1981	32890	16.60
1982	33425	16.86
1983	33594	16.94
1984	33472	16.87
1985	32955	16.60
1986	32966	16.60
1987	32558	16.39
1988	32866	16.53
1989	32825	16.50
1990	33107	16.64
1991	33176	16.66
1992	32892	16.51
1993	33677	16.90
1994	33791	16.95
1995	33901	16.99
1996	33028	16.55
1997	32678	16.36
1998	33426	16.73
1999	33852	16.93
2000	39002	19.50
2001	45701	22.84
2002	32706	16.34
2003	33590	16.77
2004	33505	16.72
2005	33281	16.60
2006	35138	17.52
2007	33391	16.64
2008	33999	16.93
2009	34037	16.94
2010	33897	16.86
2011	33487	16.65
2012	34039	16.92
2013	33356	16.57
2014	40807	20.26
2015	33234	16.49
2016	34188	16.96
2017	34547	17.13
2018	34317	17.01
2019	33653	16.67
2020	50896	25.20
2021	34330	16.99
2022	33653	16.64
2023	33820	16.72
2024	34407	17.00
2025	34100	16.84
2026	33750	16.66
2027	33419	16.49
2028	34757	17.14
2029	33854	16.69
2030	33670	16.59
2031	33787	16.64
2032	33997	16.73
2033	35799	17.61
2034	33674	16.56
2035	34610	17.01
2036	38299	18.81
2037	34172	16.78
2038	35057	17.20
2039	34977	17.15
2040	50646	24.83
2041	35130	17.21
2042	34094	16.70
2043	33690	16.49
2044	35195	17.22
2045	35460	17.34
2046	34480	16.85
2047	35259	17.22
2048	36192	17.67
2049	34997	17.08
2050	34008	16.59
2051	34588	16.86
2052	34612	16.87
2053	34545	16.83
2054	34516	16.80
2055	34254	16.67
2056	34888	16.97
2057	34902	16.97
2058	33619	16.34
2059	33788	16.41
2060	52486	25.48
2061	33671	16.34
2062	34413	16.69
2063	35031	16.98
2064	34614	16.77
2065	34921	16.91
2066	33952	16.43
2067	34872	16.87
2068	34674	16.77
2069	43934	21.23
2070	34452	16.64
2071	34703	16.76
2072	34739	16.77
2073	34303	16.55
2074	34687	16.72
2075	34962	16.85
2076	34694	16.71
2077	34723	16.72
2078	34641	16.67
2079	35103	16.88
2080	52077	25.04
2081	34446	16.55
2082	34935	16.78
2083	35929	17.25
2084	35667	17.11
2085	34797	16.69
2086	34334	16.46
2087	34518	16.54
2088	35502	17.00
2089	36067	17.27
2090	39655	18.97
2091	34957	16.72
2092	35852	17.14
2093	35034	16.74
2094	34856	16.65
2095	34841	16.63
2096	34311	16.37
2097	35227	16.80
2098	34776	16.58
2099	34984	16.67
2100	53612	25.53
2101	36473	17.36
2102	34969	16.64
2103	35673	16.96
2104	34984	16.63
2105	34812	16.54
2106	35223	16.73
2107	35783	16.98
2108	35381	16.78
2109	36050	17.09
2110	36209	17.16
2111	35703	16.91
2112	35112	16.62
2113	35737	16.91
2114	34796	16.46
2115	37168	17.57
2116	35196	16.63
2117	35532	16.78
2118	36047	17.02
2119	35622	16.81
2120	54773	25.84
2121	35810	16.88
2122	34900	16.45
2123	37526	17.68
2124	35443	16.69
2125	53400	25.13
2126	35911	16.89
2127	35399	16.64
2128	36666	17.23
2129	36002	16.91
2130	35493	16.66
2131	37730	17.71
2132	35556	16.68
2133	35740	16.76
2134	35791	16.77
2135	36439	17.07
2136	35790	16.76
2137	36689	17.17
2138	35853	16.77
2139	36280	16.96
2140	54299	25.37
2141	37067	17.31
2142	36458	17.02
2143	36079	16.84
2144	36216	16.89
2145	35676	16.63
2146	36313	16.92
2147	35979	16.76
2148	36869	17.16
2149	35752	16.64
2150	35772	16.64
2151	36834	17.12
2152	36080	16.77
2153	36455	16.93
2154	36208	16.81
2155	35992	16.70
2156	35705	16.56
2157	38142	17.68
2158	37001	17.15
2159	36231	16.78
2160	52867	24.48
2161	37581	17.39
2162	36663	16.96
2163	36844	17.03
2164	35791	16.54
2165	35763	16.52
2166	37019	17.09
2167	35459	16.36
2168	36377	16.78
2169	36604	16.88
2170	36435	16.79
2171	35524	16.36
2172	37791	17.40
2173	41111	18.92
2174	37225	17.12
2175	37250	17.13
2176	52757	24.24
2177	35695	16.40
2178	35870	16.47
2179	36275	16.65
2180	53154	24.38
2181	38321	17.57
2182	36647	16.80
2183	36532	16.73
2184	36056	16.51
2185	35788	16.38
2186	36377	16.64
2187	36720	16.79
2188	37392	17.09
2189	35879	16.39
2190	36748	16.78
2191	36946	16.86
2192	37535	17.12
2193	36032	16.43
2194	36165	16.48
2195	37311	17.00
2196	37082	16.89
2197	36639	16.68
2198	36660	16.68
2199	36295	16.51
2200	54397	24.73
2201	37199	16.90
2202	37281	16.93
2203	36082	16.38
2204	37348	16.95
2205	38048	17.26
2206	36636	16.61
2207	36505	16.54
2208	37292	16.89
2209	36704	16.62
2210	36736	16.62
2211	36654	16.58
2212	41511	18.77
2213	37238	16.83
2214	36945	16.69
2215	36911	16.66
2216	38103	17.19
2217	37004	16.69
2218	39438	17.78
2219	37657	16.97
2220	54447	24.53
2221	39325	17.71
2222	37936	17.07
2223	37335	16.79
2224	36845	16.57
2225	54888	24.67
2226	36920	16.59
2227	37059	16.64
2228	36908	16.57
2229	36623	16.43
2230	36801	16.50
2231	37661	16.88
2232	36430	16.32
2233	37185	16.65
2234	36960	16.54
2235	37876	16.95
2236	38142	17.06
2237	40558	18.13
2238	37096	16.58
2239	37921	16.94
2240	54283	24.23
2241	38844	17.33
2242	37438	16.70
2243	38547	17.19
2244	37291	16.62
2245	37434	16.67
2246	37079	16.51
2247	37291	16.60
2248	37205	16.55
2249	37445	16.65
2250	55393	24.62
2251	38078	16.92
2252	41712	18.52
2253	37406	16.60
2254	37814	16.78
2255	38035	16.87
2256	37833	16.77
2257	38141	16.90
2258	37745	16.72
2259	37795	16.73
2260	57009	25.23
2261	38969	17.24
2262	38286	16.93
2263	37685	16.65
2264	37238	16.45
2265	37810	16.69
2266	38143	16.83
2267	37858	16.70
2268	37807	16.67
2269	37116	16.36
2270	38736	17.06
2271	38224	16.83
2272	37911	16.69
2273	37914	16.68
2274	37821	16.63
2275	39560	17.39
2276	39254	17.25
2277	38259	16.80
2278	38199	16.77
2279	37684	16.54
2280	55969	24.55
2281	37969	16.65
2282	38003	16.65
2283	37737	16.53
2284	37931	16.61
2285	37735	16.51
2286	37898	16.58
2287	38236	16.72
2288	38087	16.65
2289	38786	16.94
2290	38256	16.71
2291	41683	18.19
2292	38086	16.62
2293	38168	16.65
2294	38338	16.71
2295	38747	16.88
2296	37982	16.54
2297	38771	16.88
2298	38531	16.77
2299	39082	17.00
2300	55385	24.08
2301	38549	16.75
2302	39053	16.96
2303	38274	16.62
2304	38429	16.68
2305	39349	17.07
2306	38060	16.50
2307	39269	17.02
2308	38759	16.79
2309	40413	17.50
2310	43344	18.76
2311	39610	17.14
2312	39576	17.12
2313	39660	17.15
2314	38471	16.63
2315	39256	16.96
2316	38635	16.68
2317	38156	16.47
2318	39252	16.93
2319	38326	16.53
2320	56444	24.33
2321	39111	16.85
2322	38956	16.78
2323	38544	16.59
2324	38608	16.61
2325	39009	16.78
2326	40140	17.26
2327	39719	17.07
2328	39395	16.92
2329	39327	16.89
2330	38194	16.39
2331	38303	16.43
2332	39116	16.77
2333	38939	16.69
2334	39560	16.95
2335	38661	16.56
2336	38189	16.35
2337	39302	16.82
2338	38650	16.53
2339	38785	16.58
2340	56511	24.15
2341	39157	16.73
2342	39069	16.68
2343	38504	16.43
2344	38793	16.55
2345	38680	16.49
2346	39139	16.68
2347	39253	16.72
2348	44222	18.83
2349	38853	16.54
2350	39024	16.61
2351	40787	17.35
2352	40009	17.01
2353	39599	16.83
2354	39082	16.60
2355	39434	16.74
2356	40269	17.09
2357	40006	16.97
2358	39744	16.85
2359	39258	16.64
2360	57382	24.31
2361	39101	16.56
2362	39452	16.70
2363	39009	16.51
2364	39542	16.73
2365	40421	17.09
2366	39560	16.72
2367	39632	16.74
2368	39805	16.81
2369	39593	16.71
2370	39369	16.61
2371	39340	16.59
2372	39202	16.53
2373	39811	16.78
2374	39750	16.74
2375	60908	25.65
2376	39674	16.70
2377	39909	16.79
2378	39837	16.75
2379	39620	16.65
2380	56999	23.95
2381	40112	16.85
2382	39947	16.77
2383	40110	16.83
2384	39861	16.72
2385	39781	16.68
2386	39781	16.67
2387	39467	16.53
2388	39794	16.66
2389	39562	16.56
2390	39825	16.66
2391	39985	16.72
2392	39513	16.52
2393	40705	17.01
2394	39447	16.48
2395	39268	16.40
2396	39634	16.54
2397	39993	16.68
2398	39262	16.37
2399	39439	16.44
2400	74700	31.12
2401	57995	24.15
2402	41427	17.25
2403	43715	18.19
2404	39879	16.59
2405	40014	16.64
2406	40074	16.66
2407	40014	16.62
2408	39848	16.55
2409	40176	16.68
2410	39537	16.41
2411	41630	17.27
2412	40709	16.88
2413	40754	16.89
2414	41627	17.24
2415	40160	16.63
2416	40633	16.82
2417	40329	16.69
2418	40109	16.59
2419	39596	16.37
2420	58352	24.11
2421	41186	17.01
2422	53694	22.17
2423	44654	18.43
2424	43078	17.77
2425	41273	17.02
2426	40293	16.61
2427	40570	16.72
2428	41387	17.05
2429	40899	16.84
2430	40781	16.78
2431	40702	16.74
2432	41108	16.90
2433	40450	16.63
2434	41133	16.90
2435	41284	16.95
2436	40525	16.64
2437	41043	16.84
2438	40440	16.59
2439	41031	16.82
2440	59761	24.49
2441	41823	17.13
2442	41374	16.94
2443	41059	16.81
2444	40718	16.66
2445	41094	16.81
2446	40492	16.55
2447	40809	16.68
2448	40604	16.59
2449	41823	17.08
2450	41676	17.01
2451	40702	16.61
2452	40993	16.72
2453	40437	16.48
2454	40744	16.60
2455	41880	17.06
2456	40844	16.63
2457	45896	18.68
2458	42369	17.24
2459	41294	16.79
2460	57786	23.49
2461	41171	16.73
2462	41899	17.02
2463	40300	16.36
2464	40357	16.38
2465	40840	16.57
2466	40524	16.43
2467	41701	16.90
2468	41862	16.96
2469	41641	16.87
2470	41374	16.75
2471	42727	17.29
2472	41424	16.76
2473	40397	16.34
2474	41395	16.73
2475	46014	18.59
2476	41823	16.89
2477	41225	16.64
2478	41799	16.87
2479	41252	16.64
2480	58162	23.45
2481	41208	16.61
2482	41048	16.54
2483	41160	16.58
2484	41382	16.66
2485	43073	17.33
2486	42769	17.20
2487	42474	17.08
2488	42508	17.09
2489	41762	16.78
2490	41802	16.79
2491	41231	16.55
2492	41384	16.61
2493	41348	16.59
2494	41815	16.77
2495	41041	16.45
2496	42552	17.05
2497	41749	16.72
2498	42227	16.90
2499	42606	17.05
2500	46905	18.76
2501	53569	21.42
2502	40603	16.23
2503	41823	16.71
2504	41546	16.59
2505	42421	16.93
2506	41005	16.36
2507	42813	17.08
2508	42446	16.92
2509	43844	17.47
2510	42897	17.09
2511	42465	16.91
2512	44290	17.63
2513	42792	17.03
2514	42562	16.93
2515	40872	16.25
2516	42801	17.01
2517	41999	16.69
2518	41970	16.67
2519	43354	17.21
2520	58861	23.36
2521	43024	17.07
2522	43153	17.11
2523	44824	17.77
2524	42771	16.95
2525	45010	17.83
2526	43208	17.11
2527	42364	16.76
2528	42246	16.71
2529	41257	16.31
2530	41834	16.54
2531	42150	16.65
2532	41395	16.35
2533	42094	16.62
2534	41601	16.42
2535	42220	16.65
2536	42641	16.81
2537	43037	16.96
2538	43479	17.13
2539	41775	16.45
2540	60432	23.79
2541	42804	16.85
2542	42447	16.70
2543	43459	17.09
2544	41637	16.37
2545	42975	16.89
2546	42229	16.59
2547	41806	16.41
2548	42054	16.50
2549	43596	17.10
2550	42404	16.63
2551	43719	17.14
2552	43229	16.94
2553	42390	16.60
2554	43264	16.94
2555	42541	16.65
2556	42063	16.46
2557	42070	16.45
2558	43587	17.04
2559	42285	16.52
2560	60717	23.72
2561	41937	16.38
2562	43255	16.88
2563	42557	16.60
2564	42333	16.51
2565	42928	16.74
2566	43310	16.88
2567	42653	16.62
2568	42982	16.74
2569	42450	16.52
2570	43516	16.93
2571	43108	16.77
2572	43534	16.93
2573	43821	17.03
2574	42740	16.60
2575	42505	16.51
2576	59324	23.03
2577	43926	17.05
2578	42988	16.67
2579	43586	16.90
2580	61400	23.80
2581	43352	16.80
2582	44234	17.13
2583	48718	18.86
2584	43421	16.80
2585	43534	16.84
2586	53596	20.73
2587	45368	17.54
2588	42589	16.46
2589	43181	16.68
2590	43471	16.78
2591	43884	16.94
2592	43363	16.73
2593	43536	16.79
2594	43054	16.60
2595	43756	16.86
2596	43240	16.66
2597	43507	16.75
2598	44463	17.11
2599	44051	16.95
2600	62470	24.03
2601	43633	16.78
2602	49591	19.06
2603	43441	16.69
2604	48071	18.46
2605	44911	17.24
2606	43608	16.73
2607	43940	16.85
2608	43507	16.68
2609	43344	16.61
2610	44022	16.87
2611	44012	16.86
2612	43529	16.67
2613	44222	16.92
2614	43649	16.70
2615	45007	17.21
2616	43128	16.49
2617	43485	16.62
2618	43756	16.71
2619	48489	18.51
2620	60617	23.14
2621	43879	16.74
2622	43133	16.45
2623	43352	16.53
2624	43955	16.75
2625	61578	23.46
2626	45603	17.37
2627	44385	16.90
2628	45489	17.31
2629	44810	17.04
2630	44526	16.93
2631	44464	16.90
2632	43665	16.59
2633	43650	16.58
2634	44433	16.87
2635	44026	16.71
2636	50410	19.12
2637	45019	17.07
2638	43573	16.52
2639	49449	18.74
2640	68050	25.78
2641	44324	16.78
2642	44379	16.80
2643	46700	17.67
2644	45833	17.33
2645	43999	16.63
2646	44487	16.81
2647	43824	16.56
2648	44584	16.84
2649	44160	16.67
2650	44289	16.71
2651	45256	17.07
2652	44157	16.65
2653	43989	16.58
2654	44432	16.74
2655	44628	16.81
2656	45497	17.13
2657	43768	16.47
2658	45347	17.06
2659	44312	16.66
2660	61292	23.04
2661	43752	16.44
2662	44793	16.83
2663	43913	16.49
2664	44420	16.67
2665	43891	16.47
2666	43694	16.39
2667	44404	16.65
2668	43991	16.49
2669	45386	17.00
2670	45802	17.15
2671	45569	17.06
2672	45159	16.90
2673	45261	16.93
2674	44108	16.50
2675	44152	16.51
2676	44186	16.51
2677	43957	16.42
2678	45220	16.89
2679	51426	19.20
2680	64742	24.16
2681	45916	17.13
2682	45247	16.87
2683	44733	16.67
2684	45068	16.79
2685	44658	16.63
2686	49726	18.51
2687	46572	17.33
2688	44994	16.74
2689	45907	17.07
2690	44566	16.57
2691	46605	17.32
2692	46245	17.18
2693	45776	17.00
2694	44501	16.52
2695	46299	17.18
2696	44230	16.41
2697	44841	16.63
2698	45105	16.72
2699	46657	17.29
2700	62597	23.18
2701	45668	16.91
2702	49601	18.36
2703	45900	16.98
2704	45287	16.75
2705	45667	16.88
2706	44980	16.62
2707	44485	16.43
2708	45663	16.86
2709	44977	16.60
2710	45984	16.97
2711	45304	16.71
2712	46132	17.01
2713	44833	16.53
2714	46810	17.25
2715	44285	16.31
2716	45578	16.78
2717	45866	16.88
2718	45972	16.91
2719	46542	17.12
2720	64967	23.88
2721	45749	16.81
2722	46628	17.13
2723	44864	16.48
2724	47395	17.40
2725	45035	16.53
2726	45503	16.69
2727	45381	16.64
2728	45723	16.76
2729	45487	16.67
2730	45708	16.74
2731	45107	16.52
2732	46498	17.02
2733	50187	18.36
2734	44895	16.42
2735	46205	16.89
2736	45542	16.65
2737	45774	16.72
2738	45938	16.78
2739	45616	16.65
2740	63219	23.07
2741	45629	16.65
2742	45973	16.77
2743	45716	16.67
2744	46126	16.81
2745	45992	16.75
2746	45805	16.68
2747	45551	16.58
2748	45548	16.57
2749	45852	16.68
2750	63642	23.14
2751	46402	16.87
2752	45691	16.60
2753	45728	16.61
2754	45621	16.57
2755	46110	16.74
2756	45559	16.53
2757	46497	16.87
2758	46365	16.81
2759	46657	16.91
2760	62848	22.77
2761	47877	17.34
2762	45769	16.57
2763	46290	16.75
2764	46159	16.70
2765	46851	16.94
2766	46177	16.69
2767	51520	18.62
2768	46588	16.83
2769	46734	16.88
2770	48084	17.36
2771	46263	16.70
2772	45805	16.52
2773	47822	17.25
2774	46307	16.69
2775	46916	16.91
2776	46883	16.89
2777	46673	16.81
2778	46677	16.80
2779	46089	16.58
2780	63657	22.90
2781	46880	16.86
2782	47047	16.91
2783	46487	16.70
2784	46619	16.75
2785	46383	16.65
2786	45895	16.47
2787	45829	16.44
2788	45887	16.46
2789	47463	17.02
2790	46483	16.66
2791	46346	16.61
2792	46458	16.64
2793	46383	16.61
2794	46012	16.47
2795	46837	16.76
2796	47587	17.02
2797	46452	16.61
2798	50980	18.22
2799	47977	17.14
2800	86423	30.87
2801	62658	22.37
2802	47284	16.88
2803	46835	16.71
2804	47170	16.82
2805	46344	16.52
2806	47263	16.84
2807	46388	16.53
2808	47455	16.90
2809	46350	16.50
2810	47540	16.92
2811	53920	19.18
2812	46818	16.65
2813	47542	16.90
2814	48259	17.15
2815	53221	18.91
2816	46436	16.49
2817	47326	16.80
2818	47560	16.88
2819	48193	17.10
2820	64790	22.98
2821	46813	16.59
2822	47931	16.98
2823	46729	16.55
2824	47327	16.76
2825	47634	16.86
2826	47186	16.70
2827	47131	16.67
2828	47862	16.92
2829	47406	16.76
2830	49850	17.61
2831	47577	16.81
2832	47552	16.79
2833	47336	16.71
2834	47544	16.78
2835	46972	16.57
2836	48084	16.95
2837	47157	16.62
2838	48879	17.22
2839	47201	16.63
2840	63482	22.35
2841	48394	17.03
2842	47495	16.71
2843	47026	16.54
2844	47606	16.74
2845	47337	16.64
2846	52570	18.47
2847	47043	16.52
2848	47554	16.70
2849	47116	16.54
2850	47361	16.62
2851	47108	16.52
2852	47198	16.55
2853	48236	16.91
2854	48455	16.98
2855	47398	16.60
2856	49479	17.32
2857	47572	16.65
2858	48098	16.83
2859	48640	17.01
2860	65137	22.78
2861	54510	19.05
2862	47463	16.58
2863	48139	16.81
2864	47644	16.64
2865	48018	16.76
2866	47136	16.45
2867	47916	16.71
2868	48584	16.94
2869	47871	16.69
2870	48562	16.92
2871	48045	16.73
2872	48804	16.99
2873	48212	16.78
2874	49579	17.25
2875	48002	16.70
2876	51182	17.80
2877	49528	17.22
2878	51526	17.90
2879	48731	16.93
2880	65065	22.59
2881	48765	16.93
2882	47800	16.59
2883	48253	16.74
2884	49735	17.25
2885	49512	17.16
2886	48104	16.67
2887	49363	17.10
2888	50058	17.33
2889	48256	16.70
2890	48136	16.66
2891	48464	16.76
2892	53780	18.60
2893	48454	16.75
2894	47557	16.43
2895	48512	16.76
2896	52378	18.09
2897	50269	17.35
2898	49575	17.11
2899	49162	16.96
2900	70661	24.37
2901	49403	17.03
2902	48517	16.72
2903	49562	17.07
2904	48637	16.75
2905	50233	17.29
2906	50239	17.29
2907	49031	16.87
2908	49314	16.96
2909	49052	16.86
2910	51509	17.70
2911	49230	16.91
2912	49239	16.91
2913	49677	17.05
2914	49188	16.88
2915	49507	16.98
2916	50379	17.28
2917	49060	16.82
2918	51871	17.78
2919	49484	16.95
2920	71942	24.64
2921	48696	16.67
2922	49590	16.97
2923	48839	16.71
2924	49480	16.92
2925	51559	17.63
2926	49330	16.86
2927	49525	16.92
2928	49180	16.80
2929	49474	16.89
2930	49158	16.78
2931	59565	20.32
2932	53724	18.32
2933	50777	17.31
2934	52009	17.73
2935	49521	16.87
2936	48858	16.64
2937	49551	16.87
2938	49852	16.97
2939	49021	16.68
2940	65906	22.42
2941	48846	16.61
2942	49624	16.87
2943	49062	16.67
2944	49298	16.75
2945	49462	16.80
2946	48508	16.47
2947	50276	17.06
2948	50185	17.02
2949	49085	16.64
2950	48619	16.48
2951	49361	16.73
2952	48311	16.37
2953	49788	16.86
2954	49343	16.70
2955	51808	17.53
2956	48928	16.55
2957	49392	16.70
2958	49156	16.62
2959	48858	16.51
2960	66944	22.62
2961	49004	16.55
2962	50270	16.97
2963	50448	17.03
2964	48800	16.46
2965	48892	16.49
2966	49166	16.58
2967	50141	16.90
2968	49816	16.78
2969	49983	16.83
2970	49642	16.71
2971	50007	16.83
2972	50024	16.83
2973	50259	16.91
2974	50112	16.85
2975	49183	16.53
2976	67386	22.64
2977	50130	16.84
2978	49589	16.65
2979	49999	16.78
2980	66202	22.22
2981	51600	17.31
2982	49697	16.67
2983	50188	16.82
2984	51417	17.23
2985	50934	17.06
2986	50351	16.86
2987	50066	16.76
2988	50066	16.76
2989	50233	16.81
2990	50282	16.82
2991	49716	16.62
2992	55416	18.52
2993	49407	16.51
2994	49421	16.51
2995	50639	16.91
2996	49431	16.50
2997	50751	16.93
2998	49552	16.53
2999	51467	17.16
3000	126168	42.06
3001	53882	17.95
3002	50259	16.74
3003	50222	16.72
3004	50645	16.86
3005	49936	16.62
3006	51522	17.14
3007	51451	17.11
3008	50461	16.78
3009	50481	16.78
3010	50104	16.65
3011	50410	16.74
3012	49894	16.57
3013	51337	17.04
3014	50483	16.75
3015	50926	16.89
3016	51039	16.92
3017	52216	17.31
3018	70903	23.49
3019	53579	17.75
3020	73255	24.26
3021	52670	17.43
3022	52098	17.24
3023	54399	18.00
3024	52031	17.21
3025	71066	23.49
3026	52325	17.29
3027	52827	17.45
3028	52042	17.19
3029	54483	17.99
3030	54606	18.02
3031	52124	17.20
3032	53758	17.73
3033	52646	17.36
3034	52005	17.14
3035	53625	17.67
3036	53275	17.55
3037	52611	17.32
3038	53780	17.70
3039	54914	18.07
3040	72316	23.79
3041	53481	17.59
3042	53468	17.58
3043	55839	18.35
3044	55590	18.26
3045	55040	18.08
3046	54895	18.02
3047	53818	17.66
3048	52138	17.11
3049	51675	16.95
3050	52703	17.28
3051	60313	19.77
3052	55342	18.13
3053	53218	17.43
3054	55330	18.12
3055	53744	17.59
3056	53888	17.63
3057	55407	18.12
3058	55550	18.17
3059	54007	17.66
3060	72382	23.65
3061	54960	17.95
3062	56849	18.57
3063	56395	18.41
3064	52954	17.28
3065	54706	17.85
3066	52940	17.27
3067	52907	17.25
3068	55552	18.11
3069	54656	17.81
3070	55441	18.06
3071	54201	17.65
3072	53388	17.38
3073	54073	17.60
3074	55672	18.11
3075	55007	17.89
3076	53796	17.49
3077	53790	17.48
3078	52952	17.20
3079	54443	17.68
3080	73840	23.97
3081	53459	17.35
3082	55085	17.87
3083	55760	18.09
3084	54399	17.64
3085	53802	17.44
3086	54941	17.80
3087	53589	17.36
3088	55388	17.94
3089	55183	17.86
3090	53133	17.20
3091	53828	17.41
3092	59454	19.23
3093	55403	17.91
3094	55559	17.96
3095	56391	18.22
3096	53629	17.32
3097	53764	17.36
3098	53529	17.28
3099	57807	18.65
3100	72088	23.25
3101	54348	17.53
3102	54320	17.51
3103	53856	17.36
3104	53128	17.12
3105	54856	17.67
3106	55484	17.86
3107	56247	18.10
3108	54481	17.53
3109	55099	17.72
3110	55837	17.95
3111	55406	17.81
3112	53255	17.11
3113	55359	17.78
3114	53917	17.31
3115	54318	17.44
3116	53301	17.11
3117	53221	17.07
3118	53229	17.07
3119	55937	17.93
3120	72866	23.35
3121	54614	17.50
3122	53927	17.27
3123	54025	17.30
3124	55882	17.89
3125	106890	34.20
3126	57142	18.28
3127	54489	17.43
3128	54504	17.42
3129	53718	17.17
3130	53461	17.08
3131	55271	17.65
3132	55961	17.87
3133	56060	17.89
3134	62336	19.89
3135	53262	16.99
3136	52550	16.76
3137	55433	17.67
3138	56578	18.03
3139	54512	17.37
3140	71735	22.85
3141	52002	16.56
3142	53391	16.99
3143	54523	17.35
3144	54981	17.49
3145	53628	17.05
3146	55163	17.53
3147	54631	17.36
3148	56874	18.07
3149	52559	16.69
3150	59721	18.96
3151	57586	18.28
3152	58117	18.44
3153	58695	18.62
3154	61734	19.57
3155	57764	18.31
3156	56261	17.83
3157	58164	18.42
3158	53833	17.05
3159	53711	17.00
3160	71652	22.67
3161	53024	16.77
3162	52976	16.75
3163	53050	16.77
3164	52913	16.72
3165	53308	16.84
3166	54077	17.08
3167	55152	17.41
3168	55700	17.58
3169	53632	16.92
3170	57404	18.11
3171	55212	17.41
3172	54368	17.14
3173	52996	16.70
3174	57988	18.27
3175	55083	17.35
3176	57455	18.09
3177	53261	16.76
3178	52977	16.67
3179	52356	16.47
3180	71797	22.58
3181	53663	16.87
3182	54402	17.10
3183	53221	16.72
3184	52988	16.64
3185	52131	16.37
3186	54503	17.11
3187	53307	16.73
3188	54398	17.06
3189	54711	17.16
3190	52878	16.58
3191	54362	17.04
3192	53602	16.79
3193	53208	16.66
3194	54200	16.97
3195	55850	17.48
3196	52821	16.53
3197	57850	18.10
3198	56417	17.64
3199	55948	17.49
3200	91025	28.45
3201	72288	22.58
3202	54966	17.17
3203	56543	17.65
3204	55599	17.35
3205	53054	16.55
3206	54177	16.90
3207	53457	16.67
3208	54156	16.88
3209	54381	16.95
3210	52896	16.48
3211	54141	16.86
3212	53925	16.79
3213	54469	16.95
3214	53276	16.58
3215	58737	18.27
3216	54069	16.81
3217	54059	16.80
3218	54053	16.80
3219	53903	16.75
3220	70459	21.88
3221	53766	16.69
3222	54252	16.84
3223	54933	17.04
3224	55978	17.36
3225	55865	17.32
3226	56393	17.48
3227	57199	17.73
3228	62163	19.26
3229	57700	17.87
3230	56685	17.55
3231	56160	17.38
3232	55740	17.25
3233	55936	17.30
3234	56470	17.46
3235	54907	16.97
3236	55610	17.18
3237	56288	17.39
3238	54395	16.80
3239	54087	16.70
3240	71730	22.14
3241	54866	16.93
3242	54903	16.93
3243	54402	16.78
3244	54125	16.68
3245	53784	16.57
3246	53649	16.53
3247	54701	16.85
3248	54400	16.75
3249	56099	17.27
3250	71240	21.92
3251	55068	16.94
3252	54005	16.61
3253	53791	16.54
3254	55072	16.92
3255	54407	16.71
3256	55230	16.96
3257	54227	16.65
3258	54776	16.81
3259	54751	16.80
3260	73005	22.39
3261	54571	16.73
3262	56099	17.20
3263	55308	16.95
3264	54790	16.79
3265	55090	16.87
3266	55365	16.95
3267	55430	16.97
3268	54662	16.73
3269	60477	18.50
3270	54889	16.79
3271	54393	16.63
3272	54839	16.76
3273	54811	16.75
3274	55657	17.00
3275	55003	16.79
3276	57290	17.49
3277	54324	16.58
3278	55644	16.97
3279	54842	16.73
3280	72589	22.13
3281	57774	17.61
3282	55049	16.77
3283	61445	18.72
3284	55639	16.94
3285	54929	16.72
3286	55897	17.01
3287	55071	16.75
3288	54883	16.69
3289	56324	17.12
3290	55862	16.98
3291	55430	16.84
3292	55116	16.74
3293	55118	16.74
3294	54875	16.66
3295	56044	17.01
3296	60073	18.23
3297	57535	17.45
3298	55654	16.88
3299	55292	16.76
3300	72849	22.08
3301	55286	16.75
3302	55395	16.78
3303	56282	17.04
3304	55274	16.73
3305	55447	16.78
3306	55169	16.69
3307	57063	17.26
3308	57376	17.34
3309	56279	17.01
3310	55866	16.88
3311	55725	16.83
3312	55223	16.67
3313	55839	16.85
3314	55577	16.77
3315	55015	16.60
3316	57237	17.26
3317	55957	16.87
3318	55524	16.73
3319	57381	17.29
3320	72099	21.72
3321	57235	17.23
3322	55004	16.56
3323	58632	17.64
3324	58246	17.52
3325	57437	17.27
3326	55370	16.65
3327	57325	17.23
3328	55844	16.78
3329	56616	17.01
3330	56348	16.92
3331	55128	16.55
3332	54700	16.42
3333	55184	16.56
3334	64492	19.34
3335	55736	16.71
3336	56041	16.80
3337	56885	17.05
3338	55896	16.75
3339	56499	16.92
3340	73014	21.86
3341	55239	16.53
3342	55342	16.56
3343	55482	16.60
3344	54418	16.27
3345	55963	16.73
3346	56542	16.90
3347	58470	17.47
3348	55670	16.63
3349	56003	16.72
3350	55914	16.69
3351	55114	16.45
3352	55388	16.52
3353	55473	16.54
3354	57164	17.04
3355	54459	16.23
3356	55496	16.54
3357	59723	17.79
3358	55871	16.64
3359	55947	16.66
3360	73569	21.90
3361	55228	16.43
3362	56312	16.75
3363	55755	16.58
3364	55739	16.57
3365	55393	16.46
3366	55549	16.50
3367	59241	17.59
3368	56735	16.85
3369	55562	16.49
3370	56969	16.90
3371	55721	16.53
3372	56410	16.73
3373	57229	16.97
3374	55999	16.60
3375	56456	16.73
3376	73001	21.62
3377	56025	16.59
3378	55802	16.52
3379	57245	16.94
3380	73539	21.76
3381	56045	16.58
3382	56089	16.58
3383	55334	16.36
3384	55830	16.50
3385	55947	16.53
3386	58218	17.19
3387	56920	16.81
3388	57109	16.86
3389	56719	16.74
3390	56209	16.58
3391	56346	16.62
3392	56650	16.70
3393	60414	17.81
3394	57268	16.87
3395	55729	16.42
3396	56935	16.77
3397	56129	16.52
3398	56477	16.62
3399	57253	16.84
3400	72353	21.28
3401	56722	16.68
3402	56240	16.53
3403	57536	16.91
3404	56025	16.46
3405	55981	16.44
3406	61074	17.93
3407	57636	16.92
3408	56829	16.68
3409	56028	16.44
3410	56580	16.59
3411	56638	16.60
3412	57414	16.83
3413	56360	16.51
3414	56273	16.48
3415	56157	16.44
3416	57085	16.71
3417	56459	16.52
3418	56175	16.44
3419	60158	17.60
3420	73268	21.42
3421	57287	16.75
3422	56347	16.47
3423	56408	16.48
3424	57497	16.79
3425	73818	21.55
3426	56757	16.57
3427	57054	16.65
3428	56998	16.63
3429	57378	16.73
3430	56243	16.40
3431	57678	16.81
3432	56533	16.47
3433	56905	16.58
3434	57118	16.63
3435	57020	16.60
3436	56551	16.46
3437	56937	16.57
3438	58784	17.10
3439	56313	16.37
3440	76894	22.35
3441	57169	16.61
3442	56640	16.46
3443	57134	16.59
3444	57994	16.84
3445	67824	19.69
3446	56986	16.54
3447	58549	16.99
3448	66225	19.21
3449	57049	16.54
3450	57007	16.52
3451	57626	16.70
3452	56887	16.48
3453	56765	16.44
3454	57496	16.65
3455	58103	16.82
3456	57225	16.56
3457	57845	16.73
3458	57500	16.63
3459	57102	16.51
3460	73523	21.25
3461	58270	16.84
3462	57547	16.62
3463	58552	16.91
3464	57992	16.74
3465	58701	16.94
3466	57381	16.56
3467	56478	16.29
3468	57904	16.70
3469	56250	16.22
3470	63170	18.20
3471	57295	16.51
3472	57448	16.55
3473	57482	16.55
3474	57408	16.53
3475	57322	16.50
3476	57687	16.60
3477	56960	16.38
3478	56485	16.24
3479	57837	16.62
3480	76554	22.00
3481	58147	16.70
3482	57757	16.59
3483	63421	18.21
3484	57147	16.40
3485	57070	16.38
3486	58577	16.80
3487	57121	16.38
3488	57196	16.40
3489	58817	16.86
3490	59478	17.04
3491	58435	16.74
3492	56661	16.23
3493	57855	16.56
3494	57193	16.37
3495	59489	17.02
3496	57816	16.54
3497	57409	16.42
3498	57205	16.35
3499	57117	16.32
3500	104259	29.79
3501	60112	17.17
3502	58253	16.63
3503	59029	16.85
3504	59229	16.90
3505	59662	17.02
3506	59745	17.04
3507	59625	17.00
3508	64392	18.36
3509	58552	16.69
3510	57266	16.32
3511	57883	16.49
3512	57212	16.29
3513	57056	16.24
3514	58565	16.67
3515	58684	16.70
3516	57216	16.27
3517	57539	16.36
3518	59429	16.89
3519	60010	17.05
3520	74880	21.27
3521	64452	18.31
3522	58380	16.58
3523	57555	16.34
3524	57238	16.24
3525	57216	16.23
3526	60345	17.11
3527	59222	16.79
3528	58647	16.62
3529	57971	16.43
3530	62589	17.73
3531	71160	20.15
3532	63605	18.01
3533	59688	16.89
3534	57867	16.37
3535	59118	16.72
3536	58378	16.51
3537	58690	16.59
3538	58273	16.47
3539	59136	16.71
3540	78690	22.23
3541	59456	16.79
3542	59064	16.68
3543	58341	16.47
3544	64444	18.18
3545	58923	16.62
3546	58931	16.62
3547	59356	16.73
3548	59163	16.68
3549	59156	16.67
3550	59969	16.89
3551	60968	17.17
3552	58406	16.44
3553	59202	16.66
3554	59089	16.63
3555	58913	16.57
3556	59650	16.77
3557	60431	16.99
3558	58445	16.43
3559	59446	16.70
3560	75957	21.34
3561	60537	17.00
3562	59100	16.59
3563	59486	16.70
3564	59505	16.70
3565	58997	16.55
3566	63902	17.92
3567	59654	16.72
3568	60017	16.82
3569	60254	16.88
3570	60040	16.82
3571	59778	16.74
3572	58973	16.51
3573	58580	16.40
3574	58997	16.51
3575	61805	17.29
3576	59315	16.59
3577	60101	16.80
3578	59318	16.58
3579	58904	16.46
3580	75226	21.01
3581	58772	16.41
3582	59650	16.65
3583	58833	16.42
3584	59012	16.47
3585	59795	16.68
3586	59410	16.57
3587	59070	16.47
3588	60193	16.78
3589	64879	18.08
3590	65515	18.25
3591	59845	16.67
3592	58917	16.40
3593	64392	17.92
3594	59515	16.56
3595	60359	16.79
3596	60907	16.94
3597	60131	16.72
3598	59995	16.67
3599	59548	16.55
3600	96712	26.86
3601	76332	21.20
3602	59271	16.46
3603	60485	16.79
3604	59837	16.60
3605	60445	16.77
3606	60521	16.78
3607	61164	16.96
3608	60629	16.80
3609	61082	16.92
3610	59598	16.51
3611	62712	17.37
3612	61183	16.94
3613	60299	16.69
3614	60054	16.62
3615	60128	16.63
3616	60082	16.62
3617	71682	19.82
3618	59756	16.52
3619	60309	16.66
3620	77321	21.36
3621	61118	16.88
3622	60158	16.61
3623	62737	17.32
3624	60405	16.67
3625	76842	21.20
3626	62356	17.20
3627	59834	16.50
3628	60546	16.69
3629	65043	17.92
3630	59854	16.49
3631	61248	16.87
3632	60354	16.62
3633	60311	16.60
3634	60562	16.67
3635	62010	17.06
3636	60032	16.51
3637	60377	16.60
3638	60194	16.55
3639	60362	16.59
3640	77334	21.25
3641	60729	16.68
3642	69338	19.04
3643	61166	16.79
3644	59627	16.36
3645	63498	17.42
3646	62638	17.18
3647	64438	17.67
3648	64765	17.75
3649	61075	16.74
3650	65346	17.90
3651	64849	17.76
3652	62338	17.07
3653	62806	17.19
3654	60444	16.54
3655	60192	16.47
3656	60360	16.51
3657	60175	16.45
3658	60946	16.66
3659	61653	16.85
3660	77809	21.26
3661	60708	16.58
3662	62806	17.15
3663	61956	16.91
3664	61077	16.67
3665	61724	16.84
3666	64983	17.73
3667	61141	16.67
3668	62140	16.94
3669	60847	16.58
3670	61275	16.70
3671	61885	16.86
3672	60772	16.55
3673	61319	16.69
3674	60692	16.52
3675	61277	16.67
3676	61221	16.65
3677	62539	17.01
3678	62333	16.95
3679	61265	16.65
3680	77252	20.99
3681	60782	16.51
3682	60611	16.46
3683	62201	16.89
3684	60793	16.50
3685	61577	16.71
3686	61237	16.61
3687	61645	16.72
3688	61179	16.59
3689	62271	16.88
3690	65610	17.78
3691	60595	16.42
3692	60586	16.41
3693	62931	17.04
3694	62517	16.92
3695	61866	16.74
3696	61384	16.61
3697	63941	17.30
3698	62028	16.77
3699	61371	16.59
3700	80512	21.76
3701	62485	16.88
3702	62109	16.78
3703	60855	16.43
3704	62268	16.81
3705	61213	16.52
3706	62347	16.82
3707	62609	16.89
3708	61462	16.58
3709	61674	16.63
3710	61848	16.67
3711	63265	17.05
3712	62497	16.84
3713	61876	16.66
3714	61676	16.61
3715	61783	16.63
3716	62072	16.70
3717	62313	16.76
3718	61622	16.57
3719	62126	16.71
3720	78835	21.19
3721	61779	16.60
3722	62163	16.70
3723	62852	16.88
3724	61869	16.61
3725	61951	16.63
3726	62104	16.67
3727	62239	16.70
3728	63727	17.09
3729	61838	16.58
3730	62817	16.84
3731	62330	16.71
3732	61431	16.46
3733	62553	16.76
3734	61576	16.49
3735	61797	16.55
3736	62420	16.71
3737	61729	16.52
3738	62051	16.60
3739	62560	16.73
3740	79018	21.13
3741	61912	16.55
3742	62033	16.58
3743	61653	16.47
3744	61950	16.55
3745	62947	16.81
3746	63538	16.96
3747	63605	16.97
3748	63460	16.93
3749	62298	16.62
3750	156597	41.76
3751	62928	16.78
3752	62109	16.55
3753	61354	16.35
3754	62956	16.77
3755	63037	16.79
3756	62712	16.70
3757	63901	17.01
3758	71149	18.93
3759	65215	17.35
3760	79372	21.11
3761	63522	16.89
3762	64160	17.05
3763	63158	16.78
3764	63769	16.94
3765	62737	16.66
3766	63199	16.78
3767	62572	16.61
3768	65994	17.51
3769	63854	16.94
3770	63634	16.88
3771	65324	17.32
3772	63150	16.74
3773	64422	17.07
3774	63684	16.87
3775	63448	16.81
3776	82022	21.72
3777	62892	16.65
3778	63698	16.86
3779	66978	17.72
3780	80750	21.36
3781	63436	16.78
3782	63823	16.88
3783	63593	16.81
3784	63181	16.70
3785	64339	17.00
3786	64511	17.04
3787	63575	16.79
3788	63979	16.89
3789	63253	16.69
3790	63098	16.65
3791	69031	18.21
3792	62880	16.58
3793	64589	17.03
3794	63381	16.71
3795	64812	17.08
3796	67432	17.76
3797	66785	17.59
3798	63285	16.66
3799	63683	16.76
3800	80621	21.22
3801	63025	16.58
3802	63988	16.83
3803	64833	17.05
3804	63693	16.74
3805	63875	16.79
3806	63465	16.67
3807	67250	17.66
3808	64007	16.81
3809	64494	16.93
3810	63988	16.79
3811	63239	16.59
3812	66707	17.50
3813	64231	16.85
3814	64554	16.93
3815	63126	16.55
3816	64444	16.89
3817	71566	18.75
3818	63651	16.67
3819	79184	20.73
3820	80989	21.20
3821	63725	16.68
3822	63515	16.62
3823	64076	16.76
3824	64741	16.93
3825	82294	21.51
3826	63598	16.62
3827	65777	17.19
3828	64901	16.95
3829	64429	16.83
3830	71161	18.58
3831	65219	17.02
3832	64090	16.72
3833	63524	16.57
3834	64490	16.82
3835	63458	16.55
3836	64388	16.79
3837	63989	16.68
3838	63512	16.55
3839	62877	16.38
3840	80718	21.02
3841	63886	16.63
3842	65913	17.16
3843	65141	16.95
3844	63669	16.56
3845	63919	16.62
3846	63919	16.62
3847	64921	16.88
3848	63175	16.42
3849	64582	16.78
3850	65370	16.98
3851	63327	16.44
3852	64909	16.85
3853	64124	16.64
3854	63886	16.58
3855	64273	16.67
3856	63980	16.59
3857	64694	16.77
3858	63216	16.39
3859	64331	16.67
3860	81265	21.05
3861	63384	16.42
3862	64778	16.77
3863	64692	16.75
3864	63567	16.45
3865	64294	16.63
3866	63870	16.52
3867	64524	16.69
3868	65130	16.84
3869	63651	16.45
3870	64589	16.69
3871	63531	16.41
3872	63848	16.49
3873	63581	16.42
3874	64340	16.61
3875	85829	22.15
3876	67052	17.30
3877	65411	16.87
3878	66924	17.26
3879	65333	16.84
3880	81950	21.12
3881	63390	16.33
3882	66062	17.02
3883	64815	16.69
3884	65577	16.88
3885	64879	16.70
3886	66141	17.02
3887	66296	17.06
3888	67508	17.36
3889	65656	16.88
3890	65491	16.84
3891	64197	16.50
3892	64212	16.50
3893	65811	16.90
3894	65505	16.82
3895	66895	17.17
3896	64073	16.45
3897	64582	16.57
3898	66292	17.01
3899	65426	16.78
3900	82297	21.10
3901	64934	16.65
3902	75023	19.23
3903	66074	16.93
3904	65556	16.79
3905	66139	16.94
3906	65429	16.75
3907	65533	16.77
3908	64714	16.56
3909	65560	16.77
3910	66203	16.93
3911	65717	16.80
3912	66668	17.04
3913	65045	16.62
3914	65648	16.77
3915	65793	16.81
3916	65693	16.78
3917	64534	16.48
3918	67906	17.33
3919	78892	20.13
3920	81820	20.87
3921	66415	16.94
3922	66407	16.93
3923	66270	16.89
3924	65235	16.62
3925	65415	16.67
3926	65162	16.60
3927	66108	16.83
3928	65114	16.58
3929	70464	17.93
3930	66213	16.85
3931	65798	16.74
3932	66448	16.90
3933	65798	16.73
3934	65530	16.66
3935	67225	17.08
3936	65547	16.65
3937	67787	17.22
3938	65507	16.63
3939	65406	16.60
3940	83097	21.09
3941	65863	16.71
3942	66148	16.78
3943	66334	16.82
3944	65311	16.56
3945	66066	16.75
3946	65492	16.60
3947	66204	16.77
3948	71078	18.00
3949	65941	16.70
3950	65770	16.65
3951	64671	16.37
3952	66348	16.79
3953	64954	16.43
3954	67698	17.12
3955	66288	16.76
3956	65767	16.62
3957	66342	16.77
3958	66054	16.69
3959	67697	17.10
3960	81660	20.62
3961	66579	16.81
3962	65531	16.54
3963	66383	16.75
3964	65508	16.53
3965	67077	16.92
3966	65817	16.60
3967	65863	16.60
3968	66458	16.75
3969	65621	16.53
3970	66952	16.86
3971	66496	16.75
3972	65549	16.50
3973	65252	16.42
3974	66570	16.75
3975	66228	16.66
3976	66248	16.66
3977	65858	16.56
3978	65437	16.45
3979	65890	16.56
3980	82227	20.66
3981	65911	16.56
3982	66774	16.77
3983	66655	16.73
3984	65745	16.50
3985	66046	16.57
3986	65396	16.41
3987	66687	16.73
3988	66257	16.61
3989	65765	16.49
3990	66457	16.66
3991	66363	16.63
3992	66949	16.77
3993	67420	16.88
3994	66842	16.74
3995	65671	16.44
3996	66437	16.63
3997	65981	16.51
3998	67208	16.81
3999	65264	16.32
4000	228358	57.09
