N	Total Time	Average CPE
1	308	308.00
2	62	31.00
3	154	51.33
4	89	22.25
5	172	34.40
6	313	52.17
7	258	36.86
8	454	56.75
9	345	38.33
10	342	34.20
11	336	30.55
12	593	49.42
13	450	34.62
14	488	34.86
15	501	33.40
16	457	28.56
17	491	28.88
18	623	34.61
19	688	36.21
20	744	37.20
21	497	23.67
22	507	23.05
23	613	26.65
24	521	21.71
25	602	24.08
26	648	24.92
27	629	23.30
28	824	29.43
29	997	34.38
30	911	30.37
31	1080	34.84
32	1086	33.94
33	1270	38.48
34	1151	33.85
35	493	14.09
36	499	13.86
37	530	14.32
38	537	14.13
39	560	14.36
40	689	17.23
41	535	13.05
42	538	12.81
43	575	13.37
44	848	19.27
45	1161	25.80
46	1069	23.24
47	1119	23.81
48	1052	21.92
49	892	18.20
50	643	12.86
51	671	13.16
52	736	14.15
53	685	12.92
54	698	12.93
55	1001	18.20
56	721	12.88
57	727	12.75
58	737	12.71
59	776	13.15
60	886	14.77
61	782	12.82
62	1165	18.79
63	1624	25.78
64	1874	29.28
65	1845	28.38
66	1786	27.06
67	1013	15.12
68	1157	17.01
69	1539	22.30
70	979	13.99
71	936	13.18
72	911	12.65
73	918	12.58
74	1124	15.19
75	941	12.55
76	959	12.62
77	964	12.52
78	974	12.49
79	1018	12.89
80	1146	14.32
81	1057	13.05
82	1434	17.49
83	2165	26.08
84	1798	21.40
85	1322	15.55
86	1093	12.71
87	1110	12.76
88	1123	12.76
89	1111	12.48
90	1154	12.82
91	1236	13.58
92	1174	12.76
93	1188	12.77
94	1175	12.50
95	1452	15.28
96	1210	12.60
97	1196	12.33
98	1216	12.41
99	1247	12.60
100	1717	17.17
101	1308	12.95
102	2166	21.24
103	2325	22.57
104	1724	16.58
105	1323	12.60
106	1332	12.57
107	1334	12.47
108	1340	12.41
109	1377	12.63
110	2312	21.02
111	1425	12.84
112	1400	12.50
113	1459	12.91
114	1402	12.30
115	1427	12.41
116	1456	12.55
117	1456	12.44
118	1971	16.70
119	1899	15.96
120	2196	18.30
121	2216	18.31
122	2964	24.30
123	2451	19.93
124	1562	12.60
125	1848	14.78
126	1952	15.49
127	2878	22.66
128	2218	17.33
129	1660	12.87
130	1863	14.33
131	1640	12.52
132	1718	13.02
133	1981	14.89
134	1660	12.39
135	1687	12.50
136	1665	12.24
137	1729	12.62
138	1722	12.48
139	1726	12.42
140	1891	13.51
141	2210	15.67
142	3330	23.45
143	2165	15.14
144	1861	12.92
145	2101	14.49
146	1819	12.46
147	1820	12.38
148	1835	12.40
149	1854	12.44
150	1859	12.39
151	1891	12.52
152	2147	14.12
153	1889	12.35
154	1990	12.92
155	1984	12.80
156	1934	12.40
157	1966	12.52
158	1988	12.58
159	1968	12.38
160	2161	13.51
161	2806	17.43
162	3415	21.08
163	2025	12.42
164	2037	12.42
165	2023	12.26
166	2359	14.21
167	2036	12.19
168	2442	14.54
169	7260	42.96
170	2387	14.04
171	2244	13.12
172	2129	12.38
173	2163	12.50
174	3250	18.68
175	2187	12.50
176	2926	16.62
177	4439	25.08
178	2699	15.16
179	2265	12.65
180	2540	14.11
181	3541	19.56
182	3465	19.04
183	2311	12.63
184	2309	12.55
185	2534	13.70
186	2292	12.32
187	2317	12.39
188	2631	13.99
189	2341	12.39
190	2468	12.99
191	3807	19.93
192	2392	12.46
193	2454	12.72
194	2403	12.39
195	2420	12.41
196	2409	12.29
197	2678	13.59
198	2463	12.44
199	2890	14.52
200	3078	15.39
201	4045	20.12
202	3631	17.98
203	2594	12.78
204	2819	13.82
205	2554	12.46
206	2555	12.40
207	2560	12.37
208	2593	12.47
209	2606	12.47
210	2611	12.43
211	2768	13.12
212	3419	16.13
213	2647	12.43
214	2981	13.93
215	2639	12.27
216	2685	12.43
217	2852	13.14
218	2708	12.42
219	2818	12.87
220	3235	14.70
221	4448	20.13
222	3387	15.26
223	2773	12.43
224	2811	12.55
225	3597	15.99
226	4571	20.23
227	2851	12.56
228	2848	12.49
229	2839	12.40
230	2840	12.35
231	4064	17.59
232	2900	12.50
233	3100	13.30
234	2930	12.52
235	2899	12.34
236	3017	12.78
237	3076	12.98
238	2971	12.48
239	2981	12.47
240	3501	14.59
241	5008	20.78
242	3679	15.20
243	2988	12.30
244	3025	12.40
245	3033	12.38
246	3047	12.39
247	3077	12.46
248	3035	12.24
249	3230	12.97
250	3399	13.60
251	5502	21.92
252	3129	12.42
253	3309	13.08
254	3127	12.31
255	3185	12.49
256	3234	12.63
257	3406	13.25
258	3381	13.10
259	3208	12.39
260	3734	14.36
261	5583	21.39
262	3288	12.55
263	3288	12.50
264	3289	12.46
265	3277	12.37
266	3298	12.40
267	3336	12.49
268	3593	13.41
269	3315	12.32
270	3337	12.36
271	3388	12.50
272	3598	13.23
273	3372	12.35
274	3382	12.34
275	3415	12.42
276	3722	13.49
277	3418	12.34
278	3582	12.88
279	3431	12.30
280	4111	14.68
281	5653	20.12
282	4208	14.92
283	3540	12.51
284	3506	12.35
285	5169	18.14
286	3546	12.40
287	3940	13.73
288	3569	12.39
289	3591	12.43
290	3601	12.42
291	3658	12.57
292	3639	12.46
293	3626	12.38
294	3669	12.48
295	3645	12.36
296	3682	12.44
297	3707	12.48
298	3724	12.50
299	3679	12.30
300	4482	14.94
301	6065	20.15
302	3772	12.49
303	3980	13.14
304	3839	12.63
305	3945	12.93
306	3802	12.42
307	3842	12.51
308	3844	12.48
309	3809	12.33
310	4165	13.44
311	4852	15.60
312	3886	12.46
313	3860	12.33
314	3866	12.31
315	3932	12.48
316	3926	12.42
317	3928	12.39
318	3917	12.32
319	3967	12.44
320	4356	13.61
321	6396	19.93
322	4300	13.35
323	4009	12.41
324	4858	14.99
325	4014	12.35
326	4020	12.33
327	4188	12.81
328	4057	12.37
329	4345	13.21
330	4084	12.38
331	4210	12.72
332	4318	13.01
333	4368	13.12
334	4132	12.37
335	4151	12.39
336	4215	12.54
337	4183	12.41
338	4162	12.31
339	4244	12.52
340	4515	13.28
341	6349	18.62
342	4291	12.55
343	4247	12.38
344	4418	12.84
345	4296	12.45
346	4335	12.53
347	4288	12.36
348	4285	12.31
349	4607	13.20
350	4315	12.33
351	4861	13.85
352	4598	13.06
353	4528	12.83
354	4369	12.34
355	4706	13.26
356	4387	12.32
357	4378	12.26
358	4735	13.23
359	4447	12.39
360	4798	13.33
361	6603	18.29
362	4467	12.34
363	4479	12.34
364	4533	12.45
365	4493	12.31
366	4514	12.33
367	4830	13.16
368	4518	12.28
369	4546	12.32
370	4884	13.20
371	4590	12.37
372	4758	12.79
373	4830	12.95
374	4628	12.37
375	6068	16.18
376	5840	15.53
377	4786	12.69
378	4724	12.50
379	4969	13.11
380	5059	13.31
381	6625	17.39
382	4967	13.00
383	4739	12.37
384	4737	12.34
385	5080	13.19
386	4806	12.45
387	4842	12.51
388	4847	12.49
389	4824	12.40
390	4870	12.49
391	5249	13.42
392	5006	12.77
393	4883	12.42
394	4858	12.33
395	4874	12.34
396	4918	12.42
397	4905	12.36
398	5391	13.55
399	4980	12.48
400	6079	15.20
401	7018	17.50
402	4994	12.42
403	4978	12.35
404	5269	13.04
405	5034	12.43
406	5075	12.50
407	5839	14.35
408	5095	12.49
409	5132	12.55
410	5090	12.41
411	5104	12.42
412	5144	12.49
413	5124	12.41
414	5152	12.44
415	5184	12.49
416	5348	12.86
417	5239	12.56
418	5442	13.02
419	5812	13.87
420	6109	14.55
421	7268	17.26
422	5445	12.90
423	5255	12.42
424	5251	12.38
425	5381	12.66
426	6671	15.66
427	5332	12.49
428	5598	13.08
429	5855	13.65
430	5422	12.61
431	5328	12.36
432	5568	12.89
433	5597	12.93
434	5372	12.38
435	5417	12.45
436	5729	13.14
437	5414	12.39
438	5689	12.99
439	5545	12.63
440	6625	15.06
441	7493	16.99
442	5754	13.02
443	5572	12.58
444	5689	12.81
445	5583	12.55
446	5575	12.50
447	5721	12.80
448	5556	12.40
449	5712	12.72
450	5648	12.55
451	5886	13.05
452	5762	12.75
453	5652	12.48
454	5633	12.41
455	5715	12.56
456	5640	12.37
457	5683	12.44
458	5698	12.44
459	6117	13.33
460	6617	14.38
461	7387	16.02
462	5764	12.48
463	5736	12.39
464	5894	12.70
465	5994	12.89
466	5737	12.31
467	5800	12.42
468	6022	12.87
469	5810	12.39
470	5869	12.49
471	5828	12.37
472	5829	12.35
473	5999	12.68
474	5868	12.38
475	5861	12.34
476	5858	12.31
477	5914	12.40
478	6775	14.17
479	5987	12.50
480	7117	14.83
481	7415	15.42
482	5931	12.30
483	5929	12.28
484	6221	12.85
485	6101	12.58
486	6240	12.84
487	6032	12.39
488	7076	14.50
489	6265	12.81
490	6039	12.32
491	6047	12.32
492	6062	12.32
493	6113	12.40
494	6131	12.41
495	6488	13.11
496	6689	13.49
497	6146	12.37
498	6271	12.59
499	6149	12.32
500	7738	15.48
501	8758	17.48
502	7440	14.82
503	6193	12.31
504	6222	12.35
505	6447	12.77
506	6312	12.47
507	6245	12.32
508	6266	12.33
509	6342	12.46
510	6611	12.96
511	6605	12.93
512	6595	12.88
513	6529	12.73
514	6406	12.46
515	6366	12.36
516	6389	12.38
517	6406	12.39
518	6359	12.28
519	6442	12.41
520	7642	14.70
521	7861	15.09
522	7075	13.55
523	6750	12.91
524	6460	12.33
525	6706	12.77
526	6690	12.72
527	6552	12.43
528	6523	12.35
529	6534	12.35
530	6762	12.76
531	6888	12.97
532	6801	12.78
533	6564	12.32
534	6878	12.88
535	6976	13.04
536	6903	12.88
537	6636	12.36
538	6672	12.40
539	6629	12.30
540	7838	14.51
541	7903	14.61
542	6706	12.37
543	6662	12.27
544	6722	12.36
545	6707	12.31
546	6797	12.45
547	6862	12.54
548	7038	12.84
549	6766	12.32
550	6802	12.37
551	6795	12.33
552	7820	14.17
553	6837	12.36
554	7064	12.75
555	6975	12.57
556	7042	12.67
557	6876	12.34
558	6870	12.31
559	6868	12.29
560	8450	15.09
561	8246	14.70
562	6941	12.35
563	7530	13.37
564	6964	12.35
565	6976	12.35
566	6933	12.25
567	6977	12.31
568	7371	12.98
569	7024	12.34
570	7068	12.40
571	7019	12.29
572	7334	12.82
573	7048	12.30
574	7297	12.71
575	7062	12.28
576	9820	17.05
577	7107	12.32
578	7350	12.72
579	7130	12.31
580	8815	15.20
581	8230	14.17
582	7646	13.14
583	7191	12.33
584	7262	12.43
585	7250	12.39
586	7691	13.12
587	7468	12.72
588	7231	12.30
589	7457	12.66
590	7560	12.81
591	7285	12.33
592	7300	12.33
593	7599	12.81
594	7663	12.90
595	7578	12.74
596	7481	12.55
597	7639	12.80
598	7471	12.49
599	7381	12.32
600	9677	16.13
601	8519	14.17
602	7425	12.33
603	7431	12.32
604	7445	12.33
605	7606	12.57
606	7775	12.83
607	7468	12.30
608	7510	12.35
609	7678	12.61
610	7657	12.55
611	7557	12.37
612	7520	12.29
613	7798	12.72
614	11757	19.15
615	7950	12.93
616	7594	12.33
617	8773	14.22
618	7650	12.38
619	7689	12.42
620	9647	15.56
621	8737	14.07
622	7718	12.41
623	7833	12.57
624	7668	12.29
625	8205	13.13
626	9923	15.85
627	7732	12.33
628	7751	12.34
629	8053	12.80
630	7990	12.68
631	7911	12.54
632	7754	12.27
633	7834	12.38
634	7810	12.32
635	7840	12.35
636	8090	12.72
637	7862	12.34
638	8238	12.91
639	7932	12.41
640	9724	15.19
641	8863	13.83
642	7937	12.36
643	8048	12.52
644	8588	13.34
645	8213	12.73
646	8121	12.57
647	8384	12.96
648	8087	12.48
649	7967	12.28
650	8221	12.65
651	8182	12.57
652	8055	12.35
653	8208	12.57
654	8368	12.80
655	8311	12.69
656	8099	12.35
657	8145	12.40
658	8415	12.79
659	8516	12.92
660	9965	15.10
661	9028	13.66
662	8392	12.68
663	8267	12.47
664	8163	12.29
665	8569	12.89
666	8346	12.53
667	8495	12.74
668	8342	12.49
669	8524	12.74
670	8371	12.49
671	8622	12.85
672	9215	13.71
673	8320	12.36
674	8634	12.81
675	8582	12.71
676	8318	12.30
677	8309	12.27
678	8352	12.32
679	8558	12.60
680	10395	15.29
681	9155	13.44
682	8726	12.79
683	8420	12.33
684	8396	12.27
685	8437	12.32
686	8429	12.29
687	8501	12.37
688	8537	12.41
689	8835	12.82
690	8465	12.27
691	8493	12.29
692	8871	12.82
693	8588	12.39
694	8546	12.31
695	8572	12.33
696	8570	12.31
697	8825	12.66
698	8871	12.71
699	8618	12.33
700	11132	15.90
701	9369	13.37
702	8647	12.32
703	8906	12.67
704	9041	12.84
705	8705	12.35
706	8756	12.40
707	8683	12.28
708	9241	13.05
709	8895	12.55
710	8763	12.34
711	8798	12.37
712	8743	12.28
713	8970	12.58
714	8876	12.43
715	8809	12.32
716	8958	12.51
717	8862	12.36
718	8795	12.25
719	8860	12.32
720	11318	15.72
721	9241	12.82
722	9122	12.63
723	10014	13.85
724	8937	12.34
725	8956	12.35
726	9164	12.62
727	8936	12.29
728	9002	12.37
729	8997	12.34
730	9280	12.71
731	9073	12.41
732	9174	12.53
733	9199	12.55
734	9078	12.37
735	9184	12.50
736	9145	12.43
737	9149	12.41
738	9088	12.31
739	9119	12.34
740	11898	16.08
741	9991	13.48
742	9402	12.67
743	9192	12.37
744	9137	12.28
745	9148	12.28
746	9384	12.58
747	9200	12.32
748	9287	12.42
749	9253	12.35
750	9924	13.23
751	11117	14.80
752	9279	12.34
753	9287	12.33
754	9380	12.44
755	9293	12.31
756	9335	12.35
757	9372	12.38
758	9338	12.32
759	9341	12.31
760	11764	15.48
761	9576	12.58
762	9403	12.34
763	9764	12.80
764	9720	12.72
765	9427	12.32
766	9430	12.31
767	9429	12.29
768	9415	12.26
769	9494	12.35
770	9462	12.29
771	10475	13.59
772	9675	12.53
773	9699	12.55
774	11308	14.61
775	9861	12.72
776	9588	12.36
777	9569	12.32
778	9670	12.43
779	9774	12.55
780	12478	16.00
781	9672	12.38
782	9615	12.30
783	9627	12.30
784	9826	12.53
785	9799	12.48
786	9830	12.51
787	9756	12.40
788	9765	12.39
789	9749	12.36
790	9923	12.56
791	10181	12.87
792	9780	12.35
793	9811	12.37
794	10020	12.62
795	9792	12.32
796	10900	13.69
797	9867	12.38
798	9913	12.42
799	10330	12.93
800	15489	19.36
801	12976	16.20
802	10109	12.60
803	9923	12.36
804	10001	12.44
805	9908	12.31
806	10083	12.51
807	10071	12.48
808	10180	12.60
809	10678	13.20
810	9979	12.32
811	10263	12.65
812	10018	12.34
813	10207	12.55
814	10108	12.42
815	11272	13.83
816	10733	13.15
817	10338	12.65
818	10731	13.12
819	10327	12.61
820	14030	17.11
821	10482	12.77
822	10252	12.47
823	10313	12.53
824	11147	13.53
825	11272	13.66
826	10175	12.32
827	10413	12.59
828	10365	12.52
829	10352	12.49
830	10643	12.82
831	10919	13.14
832	10386	12.48
833	10364	12.44
834	10472	12.56
835	10981	13.15
836	10444	12.49
837	10839	12.95
838	11027	13.16
839	10829	12.91
840	13617	16.21
841	10883	12.94
842	10456	12.42
843	10718	12.71
844	11186	13.25
845	10518	12.45
846	10710	12.66
847	10742	12.68
848	10786	12.72
849	10710	12.61
850	10654	12.53
851	10880	12.78
852	10677	12.53
853	10778	12.64
854	10529	12.33
855	12246	14.32
856	10920	12.76
857	10536	12.29
858	10843	12.64
859	11348	13.21
860	13528	15.73
861	10565	12.27
862	10727	12.44
863	10816	12.53
864	11112	12.86
865	10589	12.24
866	10787	12.46
867	10841	12.50
868	10685	12.31
869	10852	12.49
870	11528	13.25
871	10939	12.56
872	11150	12.79
873	10895	12.48
874	10957	12.54
875	11033	12.61
876	11113	12.69
877	10935	12.47
878	11307	12.88
879	11135	12.67
880	13772	15.65
881	11228	12.74
882	11389	12.91
883	11794	13.36
884	10862	12.29
885	10884	12.30
886	11281	12.73
887	11235	12.67
888	11452	12.90
889	11469	12.90
890	11472	12.89
891	11271	12.65
892	11560	12.96
893	11577	12.96
894	11344	12.69
895	16547	18.49
896	11342	12.66
897	11513	12.84
898	11467	12.77
899	11249	12.51
900	15457	17.17
901	12821	14.23
902	11785	13.07
903	11588	12.83
904	11182	12.37
905	11230	12.41
906	11795	13.02
907	11446	12.62
908	11616	12.79
909	11768	12.95
910	11316	12.44
911	12083	13.26
912	11401	12.50
913	11459	12.55
914	11484	12.56
915	11531	12.60
916	11507	12.56
917	11533	12.58
918	11283	12.29
919	11372	12.37
920	14325	15.57
921	12612	13.69
922	11358	12.32
923	11526	12.49
924	11356	12.29
925	11699	12.65
926	11450	12.37
927	11366	12.26
928	11716	12.62
929	11690	12.58
930	11901	12.80
931	12303	13.21
932	11898	12.77
933	12356	13.24
934	12102	12.96
935	12690	13.57
936	11752	12.56
937	11807	12.60
938	11805	12.59
939	11905	12.68
940	14828	15.77
941	11589	12.32
942	11931	12.67
943	12153	12.89
944	12009	12.72
945	12434	13.16
946	12385	13.09
947	12077	12.75
948	11962	12.62
949	12692	13.37
950	13590	14.31
951	12367	13.00
952	12373	13.00
953	12060	12.65
954	11759	12.33
955	12306	12.89
956	12046	12.60
957	12270	12.82
958	12416	12.96
959	12104	12.62
960	16988	17.70
961	12121	12.61
962	11939	12.41
963	12612	13.10
964	12127	12.58
965	12009	12.44
966	12143	12.57
967	12250	12.67
968	12150	12.55
969	12535	12.94
970	13177	13.58
971	12161	12.52
972	12094	12.44
973	12084	12.42
974	12288	12.62
975	12389	12.71
976	15890	16.28
977	12777	13.08
978	12136	12.41
979	12540	12.81
980	14510	14.81
981	12513	12.76
982	12094	12.32
983	12515	12.73
984	12491	12.69
985	12719	12.91
986	12841	13.02
987	12336	12.50
988	13691	13.86
989	13040	13.19
990	12604	12.73
991	12436	12.55
992	12488	12.59
993	12270	12.36
994	12874	12.95
995	12471	12.53
996	12319	12.37
997	12526	12.56
998	15409	15.44
999	13678	13.69
1000	13947	13.95
1001	15116	15.10
1002	12371	12.35
1003	12574	12.54
1004	12616	12.57
1005	12365	12.30
1006	13074	13.00
1007	12379	12.29
1008	13248	13.14
1009	12982	12.87
1010	12422	12.30
1011	12633	12.50
1012	12669	12.52
1013	12568	12.41
1014	12649	12.47
1015	12812	12.62
1016	13360	13.15
1017	12720	12.51
1018	12954	12.72
1019	12644	12.41
1020	15851	15.54
1021	12747	12.48
1022	12654	12.38
1023	12874	12.58
1024	13140	12.83
1025	15753	15.37
1026	12929	12.60
1027	12843	12.51
1028	12963	12.61
1029	12974	12.61
1030	12867	12.49
1031	16731	16.23
1032	13104	12.70
1033	13130	12.71
1034	13491	13.05
1035	12882	12.45
1036	12843	12.40
1037	13162	12.69
1038	13609	13.11
1039	13147	12.65
1040	15926	15.31
1041	12932	12.42
1042	12850	12.33
1043	12765	12.24
1044	12897	12.35
1045	13030	12.47
1046	13168	12.59
1047	13569	12.96
1048	13062	12.46
1049	12886	12.28
1050	13057	12.44
1051	13609	12.95
1052	13374	12.71
1053	13171	12.51
1054	12984	12.32
1055	13985	13.26
1056	13079	12.39
1057	12929	12.23
1058	13302	12.57
1059	13328	12.59
1060	15867	14.97
1061	13213	12.45
1062	13345	12.57
1063	13679	12.87
1064	13061	12.28
1065	13093	12.29
1066	14446	13.55
1067	13263	12.43
1068	13092	12.26
1069	13542	12.67
1070	13716	12.82
1071	13341	12.46
1072	13371	12.47
1073	13585	12.66
1074	13604	12.67
1075	13393	12.46
1076	13681	12.71
1077	13788	12.80
1078	13184	12.23
1079	13299	12.33
1080	16239	15.04
1081	13437	12.43
1082	13230	12.23
1083	13299	12.28
1084	13903	12.83
1085	13630	12.56
1086	13322	12.27
1087	13581	12.49
1088	13816	12.70
1089	13851	12.72
1090	13687	12.56
1091	13436	12.32
1092	13672	12.52
1093	14339	13.12
1094	13596	12.43
1095	13399	12.24
1096	13441	12.26
1097	13846	12.62
1098	13709	12.49
1099	13538	12.32
1100	17554	15.96
1101	14095	12.80
1102	13751	12.48
1103	13537	12.27
1104	13859	12.55
1105	13820	12.51
1106	13837	12.51
1107	13743	12.41
1108	13621	12.29
1109	13908	12.54
1110	13658	12.30
1111	13612	12.25
1112	13692	12.31
1113	14476	13.01
1114	13687	12.29
1115	13996	12.55
1116	13798	12.36
1117	14288	12.79
1118	13679	12.24
1119	13771	12.31
1120	16870	15.06
1121	14448	12.89
1122	13766	12.27
1123	13877	12.36
1124	14061	12.51
1125	14635	13.01
1126	13944	12.38
1127	14091	12.50
1128	14047	12.45
1129	14153	12.54
1130	14070	12.45
1131	18039	15.95
1132	14088	12.45
1133	14615	12.90
1134	13929	12.28
1135	14009	12.34
1136	14164	12.47
1137	14268	12.55
1138	14201	12.48
1139	14149	12.42
1140	16914	14.84
1141	14290	12.52
1142	16187	14.17
1143	13999	12.25
1144	14023	12.26
1145	14689	12.83
1146	14108	12.31
1147	14298	12.47
1148	14190	12.36
1149	14425	12.55
1150	14708	12.79
1151	14754	12.82
1152	14134	12.27
1153	14431	12.52
1154	14474	12.54
1155	14366	12.44
1156	14342	12.41
1157	14328	12.38
1158	14366	12.41
1159	14324	12.36
1160	16792	14.48
1161	14544	12.53
1162	14633	12.59
1163	14471	12.44
1164	14435	12.40
1165	14520	12.46
1166	15164	13.01
1167	14607	12.52
1168	14376	12.31
1169	14374	12.30
1170	14385	12.29
1171	14554	12.43
1172	14338	12.23
1173	14387	12.27
1174	14401	12.27
1175	14718	12.53
1176	14599	12.41
1177	14795	12.57
1178	14620	12.41
1179	14467	12.27
1180	17486	14.82
1181	14956	12.66
1182	14987	12.68
1183	15020	12.70
1184	14856	12.55
1185	14895	12.57
1186	14874	12.54
1187	14567	12.27
1188	14906	12.55
1189	15021	12.63
1190	14664	12.32
1191	15178	12.74
1192	14696	12.33
1193	14672	12.30
1194	15282	12.80
1195	15034	12.58
1196	14653	12.25
1197	15150	12.66
1198	15021	12.54
1199	15043	12.55
1200	20448	17.04
1201	17138	14.27
1202	15297	12.73
1203	14905	12.39
1204	14909	12.38
1205	14974	12.43
1206	15473	12.83
1207	14772	12.24
1208	14977	12.40
1209	15113	12.50
1210	15108	12.49
1211	15229	12.58
1212	15181	12.53
1213	15495	12.77
1214	14868	12.25
1215	14960	12.31
1216	15215	12.51
1217	15590	12.81
1218	15321	12.58
1219	15291	12.54
1220	17699	14.51
1221	15480	12.68
1222	15372	12.58
1223	15587	12.74
1224	15026	12.28
1225	14996	12.24
1226	15515	12.65
1227	16083	13.11
1228	15436	12.57
1229	15392	12.52
1230	15184	12.34
1231	15143	12.30
1232	16508	13.40
1233	15645	12.69
1234	15698	12.72
1235	15616	12.64
1236	15213	12.31
1237	15143	12.24
1238	15259	12.33
1239	16057	12.96
1240	18181	14.66
1241	15209	12.26
1242	15705	12.64
1243	15306	12.31
1244	15600	12.54
1245	15976	12.83
1246	15716	12.61
1247	15557	12.48
1248	15301	12.26
1249	15506	12.41
1250	16181	12.94
1251	17674	14.13
1252	15516	12.39
1253	15733	12.56
1254	15456	12.33
1255	15742	12.54
1256	16668	13.27
1257	15627	12.43
1258	15456	12.29
1259	15701	12.47
1260	18193	14.44
1261	15579	12.35
1262	15746	12.48
1263	15834	12.54
1264	15850	12.54
1265	15719	12.43
1266	16515	13.05
1267	15825	12.49
1268	15603	12.31
1269	15717	12.39
1270	15919	12.53
1271	15985	12.58
1272	15812	12.43
1273	15614	12.27
1274	15918	12.49
1275	15703	12.32
1276	16181	12.68
1277	15701	12.30
1278	16078	12.58
1279	16034	12.54
1280	18924	14.78
1281	15967	12.46
1282	15715	12.26
1283	16226	12.65
1284	15743	12.26
1285	16215	12.62
1286	16531	12.85
1287	16058	12.48
1288	15777	12.25
1289	16495	12.80
1290	15799	12.25
1291	15817	12.25
1292	17272	13.37
1293	16601	12.84
1294	16303	12.60
1295	16238	12.54
1296	16081	12.41
1297	15964	12.31
1298	15985	12.32
1299	15901	12.24
1300	22668	17.44
1301	16423	12.62
1302	16067	12.34
1303	16563	12.71
1304	16396	12.57
1305	16416	12.58
1306	16308	12.49
1307	16610	12.71
1308	16138	12.34
1309	16170	12.35
1310	16398	12.52
1311	16332	12.46
1312	16532	12.60
1313	16436	12.52
1314	16292	12.40
1315	16408	12.48
1316	16400	12.46
1317	16890	12.82
1318	16355	12.41
1319	16248	12.32
1320	19722	14.94
1321	16863	12.77
1322	16253	12.29
1323	16646	12.58
1324	16789	12.68
1325	16649	12.57
1326	16604	12.52
1327	16375	12.34
1328	16341	12.30
1329	16586	12.48
1330	17168	12.91
1331	16574	12.45
1332	17389	13.05
1333	16604	12.46
1334	16886	12.66
1335	16870	12.64
1336	16806	12.58
1337	16804	12.57
1338	16740	12.51
1339	16643	12.43
1340	19584	14.61
1341	16457	12.27
1342	16978	12.65
1343	17747	13.21
1344	16836	12.53
1345	16805	12.49
1346	17279	12.84
1347	16822	12.49
1348	25486	18.91
1349	19718	14.62
1350	17257	12.78
1351	17184	12.72
1352	17592	13.01
1353	17791	13.15
1354	16914	12.49
1355	17346	12.80
1356	17983	13.26
1357	16936	12.48
1358	16953	12.48
1359	17212	12.67
1360	20084	14.77
1361	16913	12.43
1362	17036	12.51
1363	16988	12.46
1364	16924	12.41
1365	17377	12.73
1366	17169	12.57
1367	17167	12.56
1368	17251	12.61
1369	17130	12.51
1370	17308	12.63
1371	17098	12.47
1372	17142	12.49
1373	17284	12.59
1374	17204	12.52
1375	17565	12.77
1376	19905	14.47
1377	17304	12.57
1378	19273	13.99
1379	17362	12.59
1380	20134	14.59
1381	17518	12.69
1382	17871	12.93
1383	17311	12.52
1384	17486	12.63
1385	17678	12.76
1386	17502	12.63
1387	17260	12.44
1388	17311	12.47
1389	17968	12.94
1390	17263	12.42
1391	17682	12.71
1392	17923	12.88
1393	17993	12.92
1394	18329	13.15
1395	17712	12.70
1396	17353	12.43
1397	17608	12.60
1398	17812	12.74
1399	17605	12.58
1400	25326	18.09
1401	17723	12.65
1402	19565	13.96
1403	18522	13.20
1404	18581	13.23
1405	17582	12.51
1406	18007	12.81
1407	17703	12.58
1408	17733	12.59
1409	18065	12.82
1410	18735	13.29
1411	18090	12.82
1412	17742	12.57
1413	18001	12.74
1414	17819	12.60
1415	17952	12.69
1416	18177	12.84
1417	18189	12.84
1418	17966	12.67
1419	17986	12.68
1420	20958	14.76
1421	17745	12.49
1422	18254	12.84
1423	18514	13.01
1424	17778	12.48
1425	20777	14.58
1426	18722	13.13
1427	18112	12.69
1428	18451	12.92
1429	18075	12.65
1430	18316	12.81
1431	18105	12.65
1432	18810	13.14
1433	18009	12.57
1434	17968	12.53
1435	18895	13.17
1436	18273	12.72
1437	18010	12.53
1438	17996	12.51
1439	18254	12.69
1440	21127	14.67
1441	18182	12.62
1442	18279	12.68
1443	18218	12.63
1444	18796	13.02
1445	18038	12.48
1446	17987	12.44
1447	18184	12.57
1448	19170	13.24
1449	18288	12.62
1450	22104	15.24
1451	18471	12.73
1452	18766	12.92
1453	18536	12.76
1454	18231	12.54
1455	18496	12.71
1456	18476	12.69
1457	18897	12.97
1458	18609	12.76
1459	18632	12.77
1460	21672	14.84
1461	18442	12.62
1462	18392	12.58
1463	18932	12.94
1464	18485	12.63
1465	18797	12.83
1466	18796	12.82
1467	18621	12.69
1468	18801	12.81
1469	18674	12.71
1470	18510	12.59
1471	18555	12.61
1472	18529	12.59
1473	18785	12.75
1474	18524	12.57
1475	18558	12.58
1476	18585	12.59
1477	19162	12.97
1478	18453	12.49
1479	18649	12.61
1480	21548	14.56
1481	18742	12.65
1482	18907	12.76
1483	18713	12.62
1484	18662	12.58
1485	18715	12.60
1486	19042	12.81
1487	18704	12.58
1488	19063	12.81
1489	18945	12.72
1490	18977	12.74
1491	18747	12.57
1492	19183	12.86
1493	19088	12.78
1494	18712	12.52
1495	20116	13.46
1496	18723	12.52
1497	18929	12.64
1498	22783	15.21
1499	19070	12.72
1500	25436	16.96
1501	21312	14.20
1502	19748	13.15
1503	19009	12.65
1504	19417	12.91
1505	19251	12.79
1506	19139	12.71
1507	19619	13.02
1508	19363	12.84
1509	19195	12.72
1510	19560	12.95
1511	18959	12.55
1512	19406	12.83
1513	18965	12.53
1514	19373	12.80
1515	19483	12.86
1516	19209	12.67
1517	19210	12.66
1518	19185	12.64
1519	19380	12.76
1520	22474	14.79
1521	19167	12.60
1522	19646	12.91
1523	19330	12.69
1524	20754	13.62
1525	19294	12.65
1526	19590	12.84
1527	19126	12.53
1528	19164	12.54
1529	19588	12.81
1530	19203	12.55
1531	19418	12.68
1532	19026	12.42
1533	19413	12.66
1534	19613	12.79
1535	19070	12.42
1536	19569	12.74
1537	19553	12.72
1538	19466	12.66
1539	19544	12.70
1540	22562	14.65
1541	19113	12.40
1542	20089	13.03
1543	19200	12.44
1544	23482	15.21
1545	20028	12.96
1546	19249	12.45
1547	20004	12.93
1548	19667	12.70
1549	19703	12.72
1550	20532	13.25
1551	20004	12.90
1552	19314	12.44
1553	20185	13.00
1554	19779	12.73
1555	19349	12.44
1556	19353	12.44
1557	19558	12.56
1558	19824	12.72
1559	19599	12.57
1560	22342	14.32
1561	19703	12.62
1562	19813	12.68
1563	19616	12.55
1564	20363	13.02
1565	20127	12.86
1566	19995	12.77
1567	20303	12.96
1568	20216	12.89
1569	20503	13.07
1570	19912	12.68
1571	19761	12.58
1572	19881	12.65
1573	20049	12.75
1574	19690	12.51
1575	20068	12.74
1576	19850	12.60
1577	19895	12.62
1578	20609	13.06
1579	19809	12.55
1580	23405	14.81
1581	20035	12.67
1582	19882	12.57
1583	19910	12.58
1584	20543	12.97
1585	20253	12.78
1586	20012	12.62
1587	20185	12.72
1588	20596	12.97
1589	20185	12.70
1590	20790	13.08
1591	22046	13.86
1592	19903	12.50
1593	19950	12.52
1594	20108	12.61
1595	20188	12.66
1596	20215	12.67
1597	20549	12.87
1598	20417	12.78
1599	20081	12.56
1600	26463	16.54
1601	22447	14.02
1602	20090	12.54
1603	20159	12.58
1604	20189	12.59
1605	20521	12.79
1606	20245	12.61
1607	20379	12.68
1608	20054	12.47
1609	20551	12.77
1610	20667	12.84
1611	20218	12.55
1612	20735	12.86
1613	20864	12.93
1614	20667	12.80
1615	20777	12.87
1616	20635	12.77
1617	20400	12.62
1618	20749	12.82
1619	20765	12.83
1620	23187	14.31
1621	20202	12.46
1622	21448	13.22
1623	20608	12.70
1624	20703	12.75
1625	23159	14.25
1626	22142	13.62
1627	20976	12.89
1628	20713	12.72
1629	20725	12.72
1630	20672	12.68
1631	21089	12.93
1632	20421	12.51
1633	24408	14.95
1634	20788	12.72
1635	21137	12.93
1636	20777	12.70
1637	20533	12.54
1638	20686	12.63
1639	21262	12.97
1640	23936	14.60
1641	20650	12.58
1642	21654	13.19
1643	20824	12.67
1644	20775	12.64
1645	20664	12.56
1646	20707	12.58
1647	20772	12.61
1648	20827	12.64
1649	21025	12.75
1650	20687	12.54
1651	20747	12.57
1652	20784	12.58
1653	20858	12.62
1654	21179	12.80
1655	21420	12.94
1656	21075	12.73
1657	21328	12.87
1658	21052	12.70
1659	21310	12.85
1660	24203	14.58
1661	20979	12.63
1662	21390	12.87
1663	21476	12.91
1664	21238	12.76
1665	21050	12.64
1666	21236	12.75
1667	21153	12.69
1668	21494	12.89
1669	21310	12.77
1670	21902	13.11
1671	20997	12.57
1672	21354	12.77
1673	20975	12.54
1674	21277	12.71
1675	21108	12.60
1676	20969	12.51
1677	21655	12.91
1678	21842	13.02
1679	21383	12.74
1680	24438	14.55
1681	21678	12.90
1682	20993	12.48
1683	21656	12.87
1684	21451	12.74
1685	21079	12.51
1686	21493	12.75
1687	21387	12.68
1688	21291	12.61
1689	21170	12.53
1690	21207	12.55
1691	21426	12.67
1692	21536	12.73
1693	21186	12.51
1694	21075	12.44
1695	23546	13.89
1696	24718	14.57
1697	21471	12.65
1698	21332	12.56
1699	22324	13.14
1700	25061	14.74
1701	21425	12.60
1702	20978	12.33
1703	21442	12.59
1704	21108	12.39
1705	20963	12.30
1706	21451	12.57
1707	21937	12.85
1708	21172	12.40
1709	21359	12.50
1710	21470	12.56
1711	21151	12.36
1712	21802	12.73
1713	21313	12.44
1714	21328	12.44
1715	21408	12.48
1716	21487	12.52
1717	21430	12.48
1718	21836	12.71
1719	21334	12.41
1720	24516	14.25
1721	21638	12.57
1722	21805	12.66
1723	21439	12.44
1724	21632	12.55
1725	21492	12.46
1726	21219	12.29
1727	22976	13.30
1728	21504	12.44
1729	21725	12.57
1730	21773	12.59
1731	21602	12.48
1732	21405	12.36
1733	21530	12.42
1734	21913	12.64
1735	21672	12.49
1736	22664	13.06
1737	25851	14.88
1738	21921	12.61
1739	21514	12.37
1740	24188	13.90
1741	21973	12.62
1742	21839	12.54
1743	21631	12.41
1744	22532	12.92
1745	21801	12.49
1746	21884	12.53
1747	21661	12.40
1748	21810	12.48
1749	21678	12.39
1750	24718	14.12
1751	21856	12.48
1752	21584	12.32
1753	21983	12.54
1754	22182	12.65
1755	23390	13.33
1756	22126	12.60
1757	22193	12.63
1758	22412	12.75
1759	22492	12.79
1760	25107	14.27
1761	22315	12.67
1762	22047	12.51
1763	21725	12.32
1764	22243	12.61
1765	22549	12.78
1766	22037	12.48
1767	22048	12.48
1768	22068	12.48
1769	22057	12.47
1770	22212	12.55
1771	21906	12.37
1772	22074	12.46
1773	22159	12.50
1774	22403	12.63
1775	22913	12.91
1776	25353	14.28
1777	23012	12.95
1778	22116	12.44
1779	22447	12.62
1780	24468	13.75
1781	22340	12.54
1782	22452	12.60
1783	22009	12.34
1784	22343	12.52
1785	22300	12.49
1786	22297	12.48
1787	22324	12.49
1788	22197	12.41
1789	22690	12.68
1790	23128	12.92
1791	22257	12.43
1792	23256	12.98
1793	22348	12.46
1794	23089	12.87
1795	22507	12.54
1796	22331	12.43
1797	23193	12.91
1798	24922	13.86
1799	23659	13.15
1800	25621	14.23
1801	22869	12.70
1802	22413	12.44
1803	22391	12.42
1804	22504	12.47
1805	22295	12.35
1806	22354	12.38
1807	23645	13.09
1808	22481	12.43
1809	22232	12.29
1810	22301	12.32
1811	22683	12.53
1812	22677	12.51
1813	22568	12.45
1814	23049	12.71
1815	22692	12.50
1816	22753	12.53
1817	22674	12.48
1818	22596	12.43
1819	22943	12.61
1820	25925	14.24
1821	22789	12.51
1822	22976	12.61
1823	22952	12.59
1824	23169	12.70
1825	25719	14.09
1826	24574	13.46
1827	22992	12.58
1828	22571	12.35
1829	23886	13.06
1830	22615	12.36
1831	23372	12.76
1832	23468	12.81
1833	22811	12.44
1834	23275	12.69
1835	22847	12.45
1836	23135	12.60
1837	22747	12.38
1838	22711	12.36
1839	22972	12.49
1840	25864	14.06
1841	22941	12.46
1842	22937	12.45
1843	23254	12.62
1844	22688	12.30
1845	22688	12.30
1846	22994	12.46
1847	23113	12.51
1848	23220	12.56
1849	23116	12.50
1850	32228	17.42
1851	23778	12.85
1852	23404	12.64
1853	24622	13.29
1854	23240	12.54
1855	23256	12.54
1856	23412	12.61
1857	22956	12.36
1858	23750	12.78
1859	23664	12.73
1860	26793	14.40
1861	23262	12.50
1862	23341	12.54
1863	23891	12.82
1864	23333	12.52
1865	23236	12.46
1866	22953	12.30
1867	23579	12.63
1868	23192	12.42
1869	23502	12.57
1870	23870	12.76
1871	23687	12.66
1872	23444	12.52
1873	23515	12.55
1874	23121	12.34
1875	29939	15.97
1876	25690	13.69
1877	23958	12.76
1878	23516	12.52
1879	23426	12.47
1880	26414	14.05
1881	23975	12.75
1882	24000	12.75
1883	23829	12.65
1884	23949	12.71
1885	23786	12.62
1886	23400	12.41
1887	23352	12.38
1888	23544	12.47
1889	25432	13.46
1890	23311	12.33
1891	23726	12.55
1892	23763	12.56
1893	23459	12.39
1894	23896	12.62
1895	23476	12.39
1896	23886	12.60
1897	23413	12.34
1898	23351	12.30
1899	23536	12.39
1900	27669	14.56
1901	23569	12.40
1902	24145	12.69
1903	24217	12.73
1904	23358	12.27
1905	23398	12.28
1906	23629	12.40
1907	24044	12.61
1908	24737	12.96
1909	23712	12.42
1910	23500	12.30
1911	24036	12.58
1912	24091	12.60
1913	25302	13.23
1914	23955	12.52
1915	24384	12.73
1916	23990	12.52
1917	24411	12.73
1918	23794	12.41
1919	23706	12.35
1920	27854	14.51
1921	23901	12.44
1922	24661	12.83
1923	28095	14.61
1924	24314	12.64
1925	24378	12.66
1926	24279	12.61
1927	23946	12.43
1928	25026	12.98
1929	23819	12.35
1930	24045	12.46
1931	24217	12.54
1932	24209	12.53
1933	24226	12.53
1934	24152	12.49
1935	24095	12.45
1936	24158	12.48
1937	25096	12.96
1938	24248	12.51
1939	24223	12.49
1940	27931	14.40
1941	23938	12.33
1942	24202	12.46
1943	24320	12.52
1944	24021	12.36
1945	24376	12.53
1946	24732	12.71
1947	24936	12.81
1948	24129	12.39
1949	24270	12.45
1950	24090	12.35
1951	24501	12.56
1952	24105	12.35
1953	24418	12.50
1954	24363	12.47
1955	24382	12.47
1956	24081	12.31
1957	24156	12.34
1958	24643	12.59
1959	24421	12.47
1960	27604	14.08
1961	24662	12.58
1962	24794	12.64
1963	28574	14.56
1964	25089	12.77
1965	24758	12.60
1966	26945	13.71
1967	24477	12.44
1968	24825	12.61
1969	24312	12.35
1970	24897	12.64
1971	24474	12.42
1972	24362	12.35
1973	24346	12.34
1974	24191	12.25
1975	24320	12.31
1976	24812	12.56
1977	24474	12.38
1978	25294	12.79
1979	24652	12.46
1980	28116	14.20
1981	24598	12.42
1982	24339	12.28
1983	24592	12.40
1984	24986	12.59
1985	25012	12.60
1986	24914	12.54
1987	26031	13.10
1988	24519	12.33
1989	24630	12.38
1990	24564	12.34
1991	25500	12.81
1992	25010	12.56
1993	24957	12.52
1994	25445	12.76
1995	24665	12.36
1996	24501	12.28
1997	24817	12.43
1998	24457	12.24
1999	24452	12.23
2000	30430	15.21
2001	27131	13.56
2002	24920	12.45
2003	25146	12.55
2004	24904	12.43
2005	25850	12.89
2006	25049	12.49
2007	24735	12.32
2008	25281	12.59
2009	24664	12.28
2010	24917	12.40
2011	24977	12.42
2012	25977	12.91
2013	24844	12.34
2014	26712	13.26
2015	25283	12.55
2016	24741	12.27
2017	25361	12.57
2018	24912	12.34
2019	24801	12.28
2020	28291	14.01
2021	25596	12.67
2022	25712	12.72
2023	25390	12.55
2024	25387	12.54
2025	24931	12.31
2026	24922	12.30
2027	25410	12.54
2028	25229	12.44
2029	25494	12.56
2030	25606	12.61
2031	25447	12.53
2032	25496	12.55
2033	25638	12.61
2034	25740	12.65
2035	25595	12.58
2036	26080	12.81
2037	25091	12.32
2038	25047	12.29
2039	25033	12.28
2040	28755	14.10
2041	26010	12.74
2042	25532	12.50
2043	25288	12.38
2044	25339	12.40
2045	25396	12.42
2046	25355	12.39
2047	25614	12.51
2048	25191	12.30
2049	26056	12.72
2050	25390	12.39
2051	25422	12.39
2052	26654	12.99
2053	26111	12.72
2054	25497	12.41
2055	25841	12.57
2056	25662	12.48
2057	25236	12.27
2058	27885	13.55
2059	25333	12.30
2060	28520	13.84
2061	25769	12.50
2062	25428	12.33
2063	25851	12.53
2064	25725	12.46
2065	25496	12.35
2066	26078	12.62
2067	26231	12.69
2068	25441	12.30
2069	26052	12.59
2070	30226	14.60
2071	25704	12.41
2072	25545	12.33
2073	26110	12.60
2074	25943	12.51
2075	25970	12.52
2076	26409	12.72
2077	26072	12.55
2078	26042	12.53
2079	26109	12.56
2080	29088	13.98
2081	25612	12.31
2082	26475	12.72
2083	25544	12.26
2084	25921	12.44
2085	26020	12.48
2086	25994	12.46
2087	26083	12.50
2088	25718	12.32
2089	26567	12.72
2090	25768	12.33
2091	26379	12.62
2092	26429	12.63
2093	26495	12.66
2094	26314	12.57
2095	26303	12.56
2096	25739	12.28
2097	26593	12.68
2098	26112	12.45
2099	25960	12.37
2100	30268	14.41
2101	26504	12.61
2102	26231	12.48
2103	26730	12.71
2104	26009	12.36
2105	30639	14.56
2106	26358	12.52
2107	27115	12.87
2108	26338	12.49
2109	26234	12.44
2110	26226	12.43
2111	26208	12.41
2112	26340	12.47
2113	26314	12.45
2114	26347	12.46
2115	26368	12.47
2116	26616	12.58
2117	26174	12.36
2118	26787	12.65
2119	26142	12.34
2120	29218	13.78
2121	26295	12.40
2122	27625	13.02
2123	26401	12.44
2124	26434	12.45
2125	29557	13.91
2126	27003	12.70
2127	27923	13.13
2128	26746	12.57
2129	26729	12.55
2130	27358	12.84
2131	26973	12.66
2132	26423	12.39
2133	27266	12.78
2134	27248	12.77
2135	27264	12.77
2136	26797	12.55
2137	26819	12.55
2138	27713	12.96
2139	30519	14.27
2140	29361	13.72
2141	26872	12.55
2142	26637	12.44
2143	26573	12.40
2144	27589	12.87
2145	26726	12.46
2146	27341	12.74
2147	27380	12.75
2148	27042	12.59
2149	26576	12.37
2150	26546	12.35
2151	26632	12.38
2152	27779	12.91
2153	26863	12.48
2154	26602	12.35
2155	26584	12.34
2156	26971	12.51
2157	27753	12.87
2158	27672	12.82
2159	26495	12.27
2160	29466	13.64
2161	26675	12.34
2162	27320	12.64
2163	27817	12.86
2164	27188	12.56
2165	26839	12.40
2166	26934	12.43
2167	27773	12.82
2168	27087	12.49
2169	26758	12.34
2170	27403	12.63
2171	26849	12.37
2172	26953	12.41
2173	27908	12.84
2174	27343	12.58
2175	27869	12.81
2176	31091	14.29
2177	27878	12.81
2178	28130	12.92
2179	28445	13.05
2180	29848	13.69
2181	27539	12.63
2182	27306	12.51
2183	27666	12.67
2184	27610	12.64
2185	27282	12.49
2186	27950	12.79
2187	27541	12.59
2188	27020	12.35
2189	26948	12.31
2190	26909	12.29
2191	26956	12.30
2192	26952	12.30
2193	27399	12.49
2194	28807	13.13
2195	27864	12.69
2196	27343	12.45
2197	27223	12.39
2198	28326	12.89
2199	27507	12.51
2200	29977	13.63
2201	27566	12.52
2202	28215	12.81
2203	27717	12.58
2204	27485	12.47
2205	27521	12.48
2206	27526	12.48
2207	28156	12.76
2208	27185	12.31
2209	27601	12.49
2210	27488	12.44
2211	27264	12.33
2212	27994	12.66
2213	27315	12.34
2214	27188	12.28
2215	28364	12.81
2216	27682	12.49
2217	27578	12.44
2218	28247	12.74
2219	27451	12.37
2220	30800	13.87
2221	27939	12.58
2222	27849	12.53
2223	27865	12.53
2224	27809	12.50
2225	30619	13.76
2226	27924	12.54
2227	27650	12.42
2228	28161	12.64
2229	27463	12.32
2230	27813	12.47
2231	27868	12.49
2232	28077	12.58
2233	29971	13.42
2234	28685	12.84
2235	27771	12.43
2236	28151	12.59
2237	28186	12.60
2238	28514	12.74
2239	28376	12.67
2240	31723	14.16
2241	27720	12.37
2242	27674	12.34
2243	28123	12.54
2244	28351	12.63
2245	27861	12.41
2246	28451	12.67
2247	28084	12.50
2248	28099	12.50
2249	28181	12.53
2250	31010	13.78
2251	33896	15.06
2252	28179	12.51
2253	27905	12.39
2254	28389	12.59
2255	28332	12.56
2256	28066	12.44
2257	28367	12.57
2258	28700	12.71
2259	28233	12.50
2260	31716	14.03
2261	28737	12.71
2262	32709	14.46
2263	28877	12.76
2264	28585	12.63
2265	28813	12.72
2266	28490	12.57
2267	29226	12.89
2268	28349	12.50
2269	28388	12.51
2270	28675	12.63
2271	28074	12.36
2272	28388	12.49
2273	28151	12.38
2274	28379	12.48
2275	27952	12.29
2276	28445	12.50
2277	28323	12.44
2278	28906	12.69
2279	28314	12.42
2280	31332	13.74
2281	28175	12.35
2282	29041	12.73
2283	30133	13.20
2284	28156	12.33
2285	29779	13.03
2286	28641	12.53
2287	28178	12.32
2288	28511	12.46
2289	28415	12.41
2290	28181	12.31
2291	28643	12.50
2292	28466	12.42
2293	28788	12.55
2294	28574	12.46
2295	29834	13.00
2296	30023	13.08
2297	28506	12.41
2298	28686	12.48
2299	29904	13.01
2300	31433	13.67
2301	28781	12.51
2302	28786	12.50
2303	28396	12.33
2304	28738	12.47
2305	29104	12.63
2306	28364	12.30
2307	29392	12.74
2308	28332	12.28
2309	29185	12.64
2310	28661	12.41
2311	29000	12.55
2312	28816	12.46
2313	29339	12.68
2314	29629	12.80
2315	29951	12.94
2316	29074	12.55
2317	28656	12.37
2318	28718	12.39
2319	29222	12.60
2320	32327	13.93
2321	29319	12.63
2322	29594	12.75
2323	28857	12.42
2324	29029	12.49
2325	29037	12.49
2326	29777	12.80
2327	28858	12.40
2328	29760	12.78
2329	29031	12.47
2330	29488	12.66
2331	29193	12.52
2332	30032	12.88
2333	32593	13.97
2334	29253	12.53
2335	29187	12.50
2336	28801	12.33
2337	30695	13.13
2338	33668	14.40
2339	32234	13.78
2340	33048	14.12
2341	30003	12.82
2342	29758	12.71
2343	29048	12.40
2344	29766	12.70
2345	30344	12.94
2346	29301	12.49
2347	29657	12.64
2348	29033	12.36
2349	29312	12.48
2350	29921	12.73
2351	29229	12.43
2352	29182	12.41
2353	29613	12.59
2354	29824	12.67
2355	29512	12.53
2356	29370	12.47
2357	29906	12.69
2358	29375	12.46
2359	29289	12.42
2360	32437	13.74
2361	29548	12.52
2362	29815	12.62
2363	29533	12.50
2364	29479	12.47
2365	30022	12.69
2366	29746	12.57
2367	29721	12.56
2368	29416	12.42
2369	29600	12.49
2370	30357	12.81
2371	29601	12.48
2372	31755	13.39
2373	29962	12.63
2374	30241	12.74
2375	33182	13.97
2376	29858	12.57
2377	29713	12.50
2378	29837	12.55
2379	29983	12.60
2380	31765	13.35
2381	30705	12.90
2382	30006	12.60
2383	29490	12.38
2384	29733	12.47
2385	29817	12.50
2386	29377	12.31
2387	29829	12.50
2388	29364	12.30
2389	30061	12.58
2390	29702	12.43
2391	29640	12.40
2392	29597	12.37
2393	30452	12.73
2394	30050	12.55
2395	30100	12.57
2396	29903	12.48
2397	30476	12.71
2398	30329	12.65
2399	30082	12.54
2400	35596	14.83
2401	32552	13.56
2402	29557	12.31
2403	29987	12.48
2404	30228	12.57
2405	30173	12.55
2406	29613	12.31
2407	30500	12.67
2408	29978	12.45
2409	30142	12.51
2410	29957	12.43
2411	30288	12.56
2412	30566	12.67
2413	30117	12.48
2414	30901	12.80
2415	30583	12.66
2416	29793	12.33
2417	30276	12.53
2418	29925	12.38
2419	31743	13.12
2420	33226	13.73
2421	30227	12.49
2422	30642	12.65
2423	29978	12.37
2424	30579	12.62
2425	30499	12.58
2426	31149	12.84
2427	30703	12.65
2428	34856	14.36
2429	30314	12.48
2430	30495	12.55
2431	30270	12.45
2432	30808	12.67
2433	30800	12.66
2434	30344	12.47
2435	30475	12.52
2436	30499	12.52
2437	30579	12.55
2438	30397	12.47
2439	30221	12.39
2440	33409	13.69
2441	30120	12.34
2442	31223	12.79
2443	30513	12.49
2444	30855	12.62
2445	30689	12.55
2446	31284	12.79
2447	30556	12.49
2448	30737	12.56
2449	30398	12.41
2450	30666	12.52
2451	30482	12.44
2452	30884	12.60
2453	30216	12.32
2454	30836	12.57
2455	30634	12.48
2456	30260	12.32
2457	31265	12.72
2458	30251	12.31
2459	30894	12.56
2460	33874	13.77
2461	30912	12.56
2462	30529	12.40
2463	31819	12.92
2464	30796	12.50
2465	30751	12.48
2466	30789	12.49
2467	31297	12.69
2468	30503	12.36
2469	31007	12.56
2470	31385	12.71
2471	30905	12.51
2472	31484	12.74
2473	30540	12.35
2474	31119	12.58
2475	30869	12.47
2476	31362	12.67
2477	30598	12.35
2478	30889	12.47
2479	30802	12.43
2480	33873	13.66
2481	31405	12.66
2482	32192	12.97
2483	31134	12.54
2484	30656	12.34
2485	30886	12.43
2486	30986	12.46
2487	31548	12.69
2488	30730	12.35
2489	31020	12.46
2490	31001	12.45
2491	31057	12.47
2492	31159	12.50
2493	31127	12.49
2494	31163	12.50
2495	31041	12.44
2496	30989	12.42
2497	31431	12.59
2498	30902	12.37
2499	30604	12.25
2500	31940	12.78
2501	33473	13.38
2502	32043	12.81
2503	30928	12.36
2504	31323	12.51
2505	31940	12.75
2506	33289	13.28
2507	31345	12.50
2508	31540	12.58
2509	31448	12.53
2510	31709	12.63
2511	31721	12.63
2512	31458	12.52
2513	31795	12.65
2514	31990	12.72
2515	32418	12.89
2516	31611	12.56
2517	32339	12.85
2518	31797	12.63
2519	31851	12.64
2520	35167	13.96
2521	32033	12.71
2522	32777	13.00
2523	31582	12.52
2524	31750	12.58
2525	32136	12.73
2526	33099	13.10
2527	31742	12.56
2528	32267	12.76
2529	32651	12.91
2530	32153	12.71
2531	31630	12.50
2532	32251	12.74
2533	33154	13.09
2534	32199	12.71
2535	31802	12.55
2536	31723	12.51
2537	32040	12.63
2538	31919	12.58
2539	32037	12.62
2540	35268	13.89
2541	32161	12.66
2542	31914	12.55
2543	33030	12.99
2544	32248	12.68
2545	32602	12.81
2546	32630	12.82
2547	32077	12.59
2548	32697	12.83
2549	32360	12.70
2550	31964	12.53
2551	32123	12.59
2552	31969	12.53
2553	32182	12.61
2554	32322	12.66
2555	32313	12.65
2556	32021	12.53
2557	33065	12.93
2558	32012	12.51
2559	32168	12.57
2560	35224	13.76
2561	32137	12.55
2562	32920	12.85
2563	32014	12.49
2564	32504	12.68
2565	33486	13.05
2566	32111	12.51
2567	32423	12.63
2568	32156	12.52
2569	32605	12.69
2570	32600	12.68
2571	33596	13.07
2572	36546	14.21
2573	32439	12.61
2574	32939	12.80
2575	32620	12.67
2576	37567	14.58
2577	32710	12.69
2578	32292	12.53
2579	32276	12.51
2580	34552	13.39
2581	32607	12.63
2582	32450	12.57
2583	32269	12.49
2584	33394	12.92
2585	32661	12.63
2586	32982	12.75
2587	32683	12.63
2588	32682	12.63
2589	32636	12.61
2590	32624	12.60
2591	33197	12.81
2592	32662	12.60
2593	33297	12.84
2594	33015	12.73
2595	33424	12.88
2596	33340	12.84
2597	32643	12.57
2598	33417	12.86
2599	32658	12.57
2600	37097	14.27
2601	33197	12.76
2602	32727	12.58
2603	32545	12.50
2604	32826	12.61
2605	33267	12.77
2606	32992	12.66
2607	33130	12.71
2608	34275	13.14
2609	35232	13.50
2610	34254	13.12
2611	33948	13.00
2612	32878	12.59
2613	32969	12.62
2614	32788	12.54
2615	33220	12.70
2616	33034	12.63
2617	32906	12.57
2618	33206	12.68
2619	32660	12.47
2620	35951	13.72
2621	33005	12.59
2622	33654	12.84
2623	33767	12.87
2624	32810	12.50
2625	36559	13.93
2626	32646	12.43
2627	33423	12.72
2628	37106	14.12
2629	33275	12.66
2630	33281	12.65
2631	33159	12.60
2632	33017	12.54
2633	33408	12.69
2634	33078	12.56
2635	33127	12.57
2636	33362	12.66
2637	33537	12.72
2638	34153	12.95
2639	33364	12.64
2640	36496	13.82
2641	33119	12.54
2642	35123	13.29
2643	33264	12.59
2644	33492	12.67
2645	33439	12.64
2646	33534	12.67
2647	33438	12.63
2648	33408	12.62
2649	33732	12.73
2650	34159	12.89
2651	33217	12.53
2652	34133	12.87
2653	33182	12.51
2654	33456	12.61
2655	36409	13.71
2656	33297	12.54
2657	33399	12.57
2658	33756	12.70
2659	33613	12.64
2660	37249	14.00
2661	34231	12.86
2662	33612	12.63
2663	33759	12.68
2664	33673	12.64
2665	34553	12.97
2666	33437	12.54
2667	33666	12.62
2668	33499	12.56
2669	33526	12.56
2670	33986	12.73
2671	33647	12.60
2672	35145	13.15
2673	34645	12.96
2674	33416	12.50
2675	33667	12.59
2676	33824	12.64
2677	34072	12.73
2678	34373	12.84
2679	33775	12.61
2680	36959	13.79
2681	33802	12.61
2682	33641	12.54
2683	33701	12.56
2684	34209	12.75
2685	34106	12.70
2686	33950	12.64
2687	34268	12.75
2688	34320	12.77
2689	34277	12.75
2690	34082	12.67
2691	34470	12.81
2692	35762	13.28
2693	34527	12.82
2694	33394	12.40
2695	33990	12.61
2696	33505	12.43
2697	33979	12.60
2698	34042	12.62
2699	33236	12.31
2700	38882	14.40
2701	34420	12.74
2702	33563	12.42
2703	34281	12.68
2704	33889	12.53
2705	34292	12.68
2706	33632	12.43
2707	38544	14.24
2708	37186	13.73
2709	34087	12.58
2710	34155	12.60
2711	35118	12.95
2712	34215	12.62
2713	34515	12.72
2714	34033	12.54
2715	34684	12.77
2716	35117	12.93
2717	34644	12.75
2718	34917	12.85
2719	34881	12.83
2720	38632	14.20
2721	35055	12.88
2722	34674	12.74
2723	35108	12.89
2724	34888	12.81
2725	35022	12.85
2726	35210	12.92
2727	34727	12.73
2728	34545	12.66
2729	38524	14.12
2730	35487	13.00
2731	36139	13.23
2732	37039	13.56
2733	36083	13.20
2734	36484	13.34
2735	35839	13.10
2736	35419	12.95
2737	35978	13.15
2738	35030	12.79
2739	34470	12.58
2740	38572	14.08
2741	35806	13.06
2742	40310	14.70
2743	34962	12.75
2744	35192	12.83
2745	35536	12.95
2746	34979	12.74
2747	35033	12.75
2748	34980	12.73
2749	34841	12.67
2750	38350	13.95
2751	34558	12.56
2752	34647	12.59
2753	35023	12.72
2754	34872	12.66
2755	35874	13.02
2756	35904	13.03
2757	35364	12.83
2758	40151	14.56
2759	36022	13.06
2760	38242	13.86
2761	36006	13.04
2762	35791	12.96
2763	36241	13.12
2764	34978	12.65
2765	35116	12.70
2766	35250	12.74
2767	39862	14.41
2768	34879	12.60
2769	36113	13.04
2770	36235	13.08
2771	36254	13.08
2772	35736	12.89
2773	35046	12.64
2774	34797	12.54
2775	36090	13.01
2776	36522	13.16
2777	36094	13.00
2778	36315	13.07
2779	35672	12.84
2780	39427	14.18
2781	35786	12.87
2782	36596	13.15
2783	36161	12.99
2784	36143	12.98
2785	36349	13.05
2786	35898	12.89
2787	35550	12.76
2788	36130	12.96
2789	35649	12.78
2790	35665	12.78
2791	36000	12.90
2792	39515	14.15
2793	36184	12.96
2794	36411	13.03
2795	41722	14.93
2796	35853	12.82
2797	36901	13.19
2798	35662	12.75
2799	36648	13.09
2800	43718	15.61
2801	37877	13.52
2802	36183	12.91
2803	35708	12.74
2804	35429	12.64
2805	36132	12.88
2806	37315	13.30
2807	35248	12.56
2808	36271	12.92
2809	35187	12.53
2810	34987	12.45
2811	35655	12.68
2812	36606	13.02
2813	41416	14.72
2814	36277	12.89
2815	36005	12.79
2816	37551	13.33
2817	35910	12.75
2818	35859	12.72
2819	36937	13.10
2820	38980	13.82
2821	44605	15.81
2822	37388	13.25
2823	35704	12.65
2824	37687	13.35
2825	35447	12.55
2826	35933	12.72
2827	35931	12.71
2828	35799	12.66
2829	35510	12.55
2830	36584	12.93
2831	35995	12.71
2832	36367	12.84
2833	35906	12.67
2834	35966	12.69
2835	37899	13.37
2836	35748	12.61
2837	35879	12.65
2838	41308	14.56
2839	35892	12.64
2840	39455	13.89
2841	36537	12.86
2842	35425	12.46
2843	36047	12.68
2844	36390	12.80
2845	36131	12.70
2846	35958	12.63
2847	35712	12.54
2848	36037	12.65
2849	36288	12.74
2850	36327	12.75
2851	35791	12.55
2852	37679	13.21
2853	36326	12.73
2854	36148	12.67
2855	35860	12.56
2856	35719	12.51
2857	36570	12.80
2858	36183	12.66
2859	36136	12.64
2860	42882	14.99
2861	35922	12.56
2862	35975	12.57
2863	36170	12.63
2864	36044	12.59
2865	35873	12.52
2866	37334	13.03
2867	36827	12.85
2868	36281	12.65
2869	36823	12.83
2870	36871	12.85
2871	38223	13.31
2872	36644	12.76
2873	36619	12.75
2874	36391	12.66
2875	36409	12.66
2876	36351	12.64
2877	37686	13.10
2878	36672	12.74
2879	37050	12.87
2880	39013	13.55
2881	37353	12.97
2882	37056	12.86
2883	36271	12.58
2884	36833	12.77
2885	36683	12.72
2886	36477	12.64
2887	36830	12.76
2888	36396	12.60
2889	36766	12.73
2890	36470	12.62
2891	37623	13.01
2892	36448	12.60
2893	36458	12.60
2894	37485	12.95
2895	37205	12.85
2896	36369	12.56
2897	37242	12.86
2898	36432	12.57
2899	36622	12.63
2900	43216	14.90
2901	36538	12.59
2902	37030	12.76
2903	37099	12.78
2904	36751	12.66
2905	36702	12.63
2906	37465	12.89
2907	36741	12.64
2908	37106	12.76
2909	36659	12.60
2910	36729	12.62
2911	36980	12.70
2912	36911	12.68
2913	36864	12.65
2914	37502	12.87
2915	37539	12.88
2916	38181	13.09
2917	36817	12.62
2918	36882	12.64
2919	37275	12.77
2920	40084	13.73
2921	36834	12.61
2922	36635	12.54
2923	37099	12.69
2924	36778	12.58
2925	40357	13.80
2926	36851	12.59
2927	36991	12.64
2928	37144	12.69
2929	37082	12.66
2930	37137	12.67
2931	37429	12.77
2932	36753	12.54
2933	36840	12.56
2934	37034	12.62
2935	37604	12.81
2936	37584	12.80
2937	37087	12.63
2938	37835	12.88
2939	37051	12.61
2940	40723	13.85
2941	37684	12.81
2942	37296	12.68
2943	37640	12.79
2944	37239	12.65
2945	37065	12.59
2946	36964	12.55
2947	37855	12.85
2948	37619	12.76
2949	37801	12.82
2950	38007	12.88
2951	37422	12.68
2952	37057	12.55
2953	37192	12.59
2954	37702	12.76
2955	38624	13.07
2956	37221	12.59
2957	36972	12.50
2958	37888	12.81
2959	37505	12.67
2960	39986	13.51
2961	37358	12.62
2962	37729	12.74
2963	38320	12.93
2964	38575	13.01
2965	37483	12.64
2966	37363	12.60
2967	38277	12.90
2968	37666	12.69
2969	37329	12.57
2970	37686	12.69
2971	42182	14.20
2972	36990	12.45
2973	37406	12.58
2974	37516	12.61
2975	37262	12.53
2976	41996	14.11
2977	38242	12.85
2978	37338	12.54
2979	37934	12.73
2980	40268	13.51
2981	37511	12.58
2982	37437	12.55
2983	37438	12.55
2984	39015	13.07
2985	37596	12.59
2986	38135	12.77
2987	37474	12.55
2988	38310	12.82
2989	37665	12.60
2990	37701	12.61
2991	38804	12.97
2992	39333	13.15
2993	37578	12.56
2994	37842	12.64
2995	37843	12.64
2996	37587	12.55
2997	37904	12.65
2998	37770	12.60
2999	37567	12.53
3000	52793	17.60
3001	39568	13.18
3002	38207	12.73
3003	38806	12.92
3004	37985	12.64
3005	38760	12.90
3006	38657	12.86
3007	37613	12.51
3008	40259	13.38
3009	38301	12.73
3010	38374	12.75
3011	42795	14.21
3012	38060	12.64
3013	38930	12.92
3014	38864	12.89
3015	39524	13.11
3016	39902	13.23
3017	39544	13.11
3018	37786	12.52
3019	40481	13.41
3020	41846	13.86
3021	38190	12.64
3022	38086	12.60
3023	39438	13.05
3024	38457	12.72
3025	41424	13.69
3026	38875	12.85
3027	38158	12.61
3028	38829	12.82
3029	39248	12.96
3030	38176	12.60
3031	38262	12.62
3032	38394	12.66
3033	39488	13.02
3034	38431	12.67
3035	38650	12.73
3036	39043	12.86
3037	38304	12.61
3038	39070	12.86
3039	38249	12.59
3040	41992	13.81
3041	38255	12.58
3042	38261	12.58
3043	38935	12.79
3044	38210	12.55
3045	39704	13.04
3046	38759	12.72
3047	38695	12.70
3048	38980	12.79
3049	38759	12.71
3050	39048	12.80
3051	38651	12.67
3052	38269	12.54
3053	38525	12.62
3054	38465	12.59
3055	38148	12.49
3056	39540	12.94
3057	38553	12.61
3058	40467	13.23
3059	42964	14.05
3060	41951	13.71
3061	38809	12.68
3062	39265	12.82
3063	39471	12.89
3064	38953	12.71
3065	38433	12.54
3066	38696	12.62
3067	38820	12.66
3068	39157	12.76
3069	39428	12.85
3070	40655	13.24
3071	39049	12.72
3072	38585	12.56
3073	38978	12.68
3074	39551	12.87
3075	38403	12.49
3076	38503	12.52
3077	39133	12.72
3078	38443	12.49
3079	38880	12.63
3080	41962	13.62
3081	38649	12.54
3082	38510	12.50
3083	38676	12.54
3084	38773	12.57
3085	39412	12.78
3086	38683	12.53
3087	38498	12.47
3088	38880	12.59
3089	39102	12.66
3090	38856	12.57
3091	38532	12.47
3092	38667	12.51
3093	38463	12.44
3094	38601	12.48
3095	38832	12.55
3096	39693	12.82
3097	38568	12.45
3098	38877	12.55
3099	38425	12.40
3100	42814	13.81
3101	39714	12.81
3102	38777	12.50
3103	38842	12.52
3104	38632	12.45
3105	39852	12.83
3106	38605	12.43
3107	38652	12.44
3108	39770	12.80
3109	39140	12.59
3110	38485	12.37
3111	38906	12.51
3112	38755	12.45
3113	38740	12.44
3114	38518	12.37
3115	43627	14.01
3116	38834	12.46
3117	39001	12.51
3118	39245	12.59
3119	39904	12.79
3120	41919	13.44
3121	39703	12.72
3122	39090	12.52
3123	38733	12.40
3124	38849	12.44
3125	46021	14.73
3126	39692	12.70
3127	39067	12.49
3128	39217	12.54
3129	38454	12.29
3130	39099	12.49
3131	40380	12.90
3132	39554	12.63
3133	38933	12.43
3134	38586	12.31
3135	38818	12.38
3136	41885	13.36
3137	43084	13.73
3138	40560	12.93
3139	40439	12.88
3140	43138	13.74
3141	40412	12.87
3142	40671	12.94
3143	39252	12.49
3144	39674	12.62
3145	39597	12.59
3146	41333	13.14
3147	39413	12.52
3148	40753	12.95
3149	40023	12.71
3150	39691	12.60
3151	40039	12.71
3152	39496	12.53
3153	40307	12.78
3154	39571	12.55
3155	39598	12.55
3156	39803	12.61
3157	40626	12.87
3158	42576	13.48
3159	39415	12.48
3160	42854	13.56
3161	39793	12.59
3162	40214	12.72
3163	39242	12.41
3164	39180	12.38
3165	39775	12.57
3166	39573	12.50
3167	39567	12.49
3168	39724	12.54
3169	40411	12.75
3170	40911	12.91
3171	40698	12.83
3172	40024	12.62
3173	39546	12.46
3174	39742	12.52
3175	39943	12.58
3176	40201	12.66
3177	39718	12.50
3178	39533	12.44
3179	39891	12.55
3180	42753	13.44
3181	39623	12.46
3182	39798	12.51
3183	39844	12.52
3184	40107	12.60
3185	39666	12.45
3186	40684	12.77
3187	40584	12.73
3188	39702	12.45
3189	39815	12.49
3190	40519	12.70
3191	39744	12.46
3192	40425	12.66
3193	39739	12.45
3194	40548	12.70
3195	39924	12.50
3196	39743	12.44
3197	40188	12.57
3198	39971	12.50
3199	40651	12.71
3200	54214	16.94
3201	43160	13.48
3202	39890	12.46
3203	39934	12.47
3204	40088	12.51
3205	40726	12.71
3206	40027	12.49
3207	39996	12.47
3208	40397	12.59
3209	40034	12.48
3210	39700	12.37
3211	40911	12.74
3212	40175	12.51
3213	40886	12.73
3214	42510	13.23
3215	39950	12.43
3216	40061	12.46
3217	41384	12.86
3218	40120	12.47
3219	40174	12.48
3220	43586	13.54
3221	40190	12.48
3222	40139	12.46
3223	40110	12.44
3224	40648	12.61
3225	40676	12.61
3226	40158	12.45
3227	40259	12.48
3228	39895	12.36
3229	41116	12.73
3230	40377	12.50
3231	40492	12.53
3232	40180	12.43
3233	40503	12.53
3234	40167	12.42
3235	41098	12.70
3236	40123	12.40
3237	40344	12.46
3238	40270	12.44
3239	40263	12.43
3240	44962	13.88
3241	40340	12.45
3242	40448	12.48
3243	40306	12.43
3244	40311	12.43
3245	40987	12.63
3246	41122	12.67
3247	40558	12.49
3248	41018	12.63
3249	40252	12.39
3250	44256	13.62
3251	40726	12.53
3252	40471	12.44
3253	40987	12.60
3254	40612	12.48
3255	40564	12.46
3256	40407	12.41
3257	41661	12.79
3258	42085	12.92
3259	40864	12.54
3260	43125	13.23
3261	40725	12.49
3262	41355	12.68
3263	40974	12.56
3264	40572	12.43
3265	40967	12.55
3266	40716	12.47
3267	40740	12.47
3268	42884	13.12
3269	40807	12.48
3270	41033	12.55
3271	40980	12.53
3272	40874	12.49
3273	40838	12.48
3274	53996	16.49
3275	41872	12.79
3276	42437	12.95
3277	41199	12.57
3278	41479	12.65
3279	41643	12.70
3280	45022	13.73
3281	41145	12.54
3282	42984	13.10
3283	42792	13.03
3284	42733	13.01
3285	41807	12.73
3286	41155	12.52
3287	41351	12.58
3288	41452	12.61
3289	41417	12.59
3290	42188	12.82
3291	41812	12.70
3292	41213	12.52
3293	41130	12.49
3294	41675	12.65
3295	42632	12.94
3296	45242	13.73
3297	41556	12.60
3298	41206	12.49
3299	41479	12.57
3300	47333	14.34
3301	41437	12.55
3302	41743	12.64
3303	41821	12.66
3304	41276	12.49
3305	42415	12.83
3306	42442	12.84
3307	42529	12.86
3308	42048	12.71
3309	42191	12.75
3310	42887	12.96
3311	41894	12.65
3312	41814	12.62
3313	42222	12.74
3314	44078	13.30
3315	41852	12.63
3316	42473	12.81
3317	45935	13.85
3318	42680	12.86
3319	41344	12.46
3320	44585	13.43
3321	43075	12.97
3322	42531	12.80
3323	41865	12.60
3324	41995	12.63
3325	42589	12.81
3326	42206	12.69
3327	44729	13.44
3328	41744	12.54
3329	42568	12.79
3330	42364	12.72
3331	41891	12.58
3332	42313	12.70
3333	42195	12.66
3334	41651	12.49
3335	42246	12.67
3336	42690	12.80
3337	42699	12.80
3338	42861	12.84
3339	45979	13.77
3340	45328	13.57
3341	41911	12.54
3342	42549	12.73
3343	41639	12.46
3344	42824	12.81
3345	42717	12.77
3346	42496	12.70
3347	41793	12.49
3348	42508	12.70
3349	42284	12.63
3350	42803	12.78
3351	42910	12.81
3352	45678	13.63
3353	42956	12.81
3354	42765	12.75
3355	42714	12.73
3356	44174	13.16
3357	42715	12.72
3358	42418	12.63
3359	42325	12.60
3360	46085	13.72
3361	42662	12.69
3362	42613	12.67
3363	42616	12.67
3364	42334	12.58
3365	41907	12.45
3366	42421	12.60
3367	42318	12.57
3368	43263	12.85
3369	42583	12.64
3370	43840	13.01
3371	42011	12.46
3372	42753	12.68
3373	42927	12.73
3374	42934	12.72
3375	42947	12.73
3376	45581	13.50
3377	43857	12.99
3378	42674	12.63
3379	43098	12.75
3380	45902	13.58
3381	42813	12.66
3382	43570	12.88
3383	42787	12.65
3384	42979	12.70
3385	42499	12.56
3386	46650	13.78
3387	42676	12.60
3388	42379	12.51
3389	42437	12.52
3390	42189	12.45
3391	44814	13.22
3392	43176	12.73
3393	43109	12.71
3394	42682	12.58
3395	43098	12.69
3396	43228	12.73
3397	43332	12.76
3398	43367	12.76
3399	42674	12.55
3400	46835	13.78
3401	43742	12.86
3402	43374	12.75
3403	42970	12.63
3404	43754	12.85
3405	43139	12.67
3406	43173	12.68
3407	43564	12.79
3408	42817	12.56
3409	42461	12.46
3410	42802	12.55
3411	43861	12.86
3412	44856	13.15
3413	42810	12.54
3414	43454	12.73
3415	42993	12.59
3416	43154	12.63
3417	43351	12.69
3418	43162	12.63
3419	43571	12.74
3420	46905	13.71
3421	43286	12.65
3422	43650	12.76
3423	43872	12.82
3424	43090	12.58
3425	46212	13.49
3426	48353	14.11
3427	42831	12.50
3428	43039	12.56
3429	44081	12.86
3430	43277	12.62
3431	43042	12.55
3432	42960	12.52
3433	43189	12.58
3434	43022	12.53
3435	43629	12.70
3436	43756	12.73
3437	43631	12.69
3438	42902	12.48
3439	43771	12.73
3440	46354	13.47
3441	43140	12.54
3442	43501	12.64
3443	44773	13.00
3444	47556	13.81
3445	43266	12.56
3446	43387	12.59
3447	43087	12.50
3448	43038	12.48
3449	43200	12.53
3450	43784	12.69
3451	43925	12.73
3452	42960	12.44
3453	45026	13.04
3454	43650	12.64
3455	43410	12.56
3456	44812	12.97
3457	43526	12.59
3458	43260	12.51
3459	44098	12.75
3460	47467	13.72
3461	43281	12.51
3462	44021	12.72
3463	43708	12.62
3464	44920	12.97
3465	44726	12.91
3466	43481	12.55
3467	45257	13.05
3468	45656	13.16
3469	44749	12.90
3470	43899	12.65
3471	43467	12.52
3472	43171	12.43
3473	43932	12.65
3474	45027	12.96
3475	43657	12.56
3476	44095	12.69
3477	43454	12.50
3478	44106	12.68
3479	44253	12.72
3480	47975	13.79
3481	46815	13.45
3482	43939	12.62
3483	44363	12.74
3484	43582	12.51
3485	43614	12.51
3486	44899	12.88
3487	45088	12.93
3488	44778	12.84
3489	44289	12.69
3490	43155	12.37
3491	43064	12.34
3492	44063	12.62
3493	44502	12.74
3494	43665	12.50
3495	44184	12.64
3496	43981	12.58
3497	43564	12.46
3498	43892	12.55
3499	44161	12.62
3500	51995	14.86
3501	44227	12.63
3502	44245	12.63
3503	44059	12.58
3504	45804	13.07
3505	45028	12.85
3506	46012	13.12
3507	44668	12.74
3508	44329	12.64
3509	45119	12.86
3510	44357	12.64
3511	44253	12.60
3512	43342	12.34
3513	44680	12.72
3514	44663	12.71
3515	44455	12.65
3516	46251	13.15
3517	43934	12.49
3518	43724	12.43
3519	44077	12.53
3520	47651	13.54
3521	44637	12.68
3522	44091	12.52
3523	44272	12.57
3524	45244	12.84
3525	46345	13.15
3526	45333	12.86
3527	45016	12.76
3528	45048	12.77
3529	45981	13.03
3530	45747	12.96
3531	44728	12.67
3532	44605	12.63
3533	44754	12.67
3534	43778	12.39
3535	44215	12.51
3536	43554	12.32
3537	45564	12.88
3538	45377	12.83
3539	45189	12.77
3540	48152	13.60
3541	44518	12.57
3542	45289	12.79
3543	43858	12.38
3544	45510	12.84
3545	44642	12.59
3546	44997	12.69
3547	44916	12.66
3548	44895	12.65
3549	44541	12.55
3550	44353	12.49
3551	45325	12.76
3552	44186	12.44
3553	45309	12.75
3554	44648	12.56
3555	44610	12.55
3556	45028	12.66
3557	45358	12.75
3558	46919	13.19
3559	44697	12.56
3560	48201	13.54
3561	44226	12.42
3562	44009	12.36
3563	45335	12.72
3564	44740	12.55
3565	47744	13.39
3566	46273	12.98
3567	46075	12.92
3568	46092	12.92
3569	45872	12.85
3570	46484	13.02
3571	45832	12.83
3572	46714	13.08
3573	44819	12.54
3574	44906	12.56
3575	46259	12.94
3576	45459	12.71
3577	45714	12.78
3578	45156	12.62
3579	45610	12.74
3580	47977	13.40
3581	45184	12.62
3582	45766	12.78
3583	45677	12.75
3584	45204	12.61
3585	44666	12.46
3586	49156	13.71
3587	45832	12.78
3588	46150	12.86
3589	44867	12.50
3590	45144	12.57
3591	45583	12.69
3592	45499	12.67
3593	45511	12.67
3594	45289	12.60
3595	45213	12.58
3596	45604	12.68
3597	47558	13.22
3598	45598	12.67
3599	45447	12.63
3600	51369	14.27
3601	47985	13.33
3602	45209	12.55
3603	44940	12.47
3604	45138	12.52
3605	46103	12.79
3606	45619	12.65
3607	45535	12.62
3608	45377	12.58
3609	45018	12.47
3610	46627	12.92
3611	46167	12.79
3612	45303	12.54
3613	45610	12.62
3614	45157	12.50
3615	45417	12.56
3616	46268	12.80
3617	45746	12.65
3618	45808	12.66
3619	45108	12.46
3620	48412	13.37
3621	45514	12.57
3622	45284	12.50
3623	45782	12.64
3624	45969	12.68
3625	48502	13.38
3626	47230	13.03
3627	45885	12.65
3628	46290	12.76
3629	45596	12.56
3630	45641	12.57
3631	45395	12.50
3632	45892	12.64
3633	47292	13.02
3634	45487	12.52
3635	45955	12.64
3636	46717	12.85
3637	45538	12.52
3638	45649	12.55
3639	45854	12.60
3640	51536	14.16
3641	46613	12.80
3642	46141	12.67
3643	45985	12.62
3644	45834	12.58
3645	46322	12.71
3646	46794	12.83
3647	45684	12.53
3648	46406	12.72
3649	45630	12.50
3650	45892	12.57
3651	45686	12.51
3652	46722	12.79
3653	46963	12.86
3654	45839	12.54
3655	46105	12.61
3656	47295	12.94
3657	46470	12.71
3658	46458	12.70
3659	46792	12.79
3660	49750	13.59
3661	45925	12.54
3662	46439	12.68
3663	45764	12.49
3664	46202	12.61
3665	46860	12.79
3666	47532	12.97
3667	46274	12.62
3668	47115	12.84
3669	46948	12.80
3670	46808	12.75
3671	46039	12.54
3672	49735	13.54
3673	50413	13.73
3674	47630	12.96
3675	48230	13.12
3676	47203	12.84
3677	47535	12.93
3678	46171	12.55
3679	47953	13.03
3680	50998	13.86
3681	47135	12.80
3682	47204	12.82
3683	47601	12.92
3684	49303	13.38
3685	46031	12.49
3686	47115	12.78
3687	46348	12.57
3688	47958	13.00
3689	46880	12.71
3690	46686	12.65
3691	46327	12.55
3692	47027	12.74
3693	47735	12.93
3694	47260	12.79
3695	47286	12.80
3696	46448	12.57
3697	46793	12.66
3698	47475	12.84
3699	46920	12.68
3700	50932	13.77
3701	46624	12.60
3702	46968	12.69
3703	50660	13.68
3704	47424	12.80
3705	47472	12.81
3706	46631	12.58
3707	46769	12.62
3708	46839	12.63
3709	47387	12.78
3710	46939	12.65
3711	47376	12.77
3712	48033	12.94
3713	47244	12.72
3714	46772	12.59
3715	46621	12.55
3716	47264	12.72
3717	46408	12.49
3718	48029	12.92
3719	47207	12.69
3720	50476	13.57
3721	47110	12.66
3722	46938	12.61
3723	48063	12.91
3724	47540	12.77
3725	46522	12.49
3726	47401	12.72
3727	46844	12.57
3728	47078	12.63
3729	46842	12.56
3730	46496	12.47
3731	47246	12.66
3732	46536	12.47
3733	47351	12.68
3734	47077	12.61
3735	47742	12.78
3736	47742	12.78
3737	48605	13.01
3738	48326	12.93
3739	46764	12.51
3740	49959	13.36
3741	47168	12.61
3742	46640	12.46
3743	47905	12.80
3744	46608	12.45
3745	46794	12.50
3746	48099	12.84
3747	47096	12.57
3748	46303	12.35
3749	47069	12.56
3750	61810	16.48
3751	47160	12.57
3752	48277	12.87
3753	48738	12.99
3754	48038	12.80
3755	54386	14.48
3756	47747	12.71
3757	47930	12.76
3758	46675	12.42
3759	46876	12.47
3760	49918	13.28
3761	47643	12.67
3762	48190	12.81
3763	48073	12.78
3764	47258	12.56
3765	47419	12.59
3766	46380	12.32
3767	47077	12.50
3768	47068	12.49
3769	46900	12.44
3770	46634	12.37
3771	46790	12.41
3772	47287	12.54
3773	47931	12.70
3774	47905	12.69
3775	48014	12.72
3776	50867	13.47
3777	47347	12.54
3778	47486	12.57
3779	47106	12.47
3780	49978	13.22
3781	48797	12.91
3782	48540	12.83
3783	47414	12.53
3784	48631	12.85
3785	47370	12.52
3786	47249	12.48
3787	53385	14.10
3788	49042	12.95
3789	48592	12.82
3790	47760	12.60
3791	48186	12.71
3792	48991	12.92
3793	47240	12.45
3794	48005	12.65
3795	47511	12.52
3796	47883	12.61
3797	48121	12.67
3798	47631	12.54
3799	48012	12.64
3800	51305	13.50
3801	48550	12.77
3802	48000	12.62
3803	47625	12.52
3804	48357	12.71
3805	51145	13.44
3806	47624	12.51
3807	48248	12.67
3808	47228	12.40
3809	47682	12.52
3810	47429	12.45
3811	47811	12.55
3812	49492	12.98
3813	50097	13.14
3814	48143	12.62
3815	49186	12.89
3816	47604	12.47
3817	47830	12.53
3818	47975	12.57
3819	47218	12.36
3820	58053	15.20
3821	47879	12.53
3822	48340	12.65
3823	48018	12.56
3824	47760	12.49
3825	51911	13.57
3826	47532	12.42
3827	48063	12.56
3828	47571	12.43
3829	47783	12.48
3830	47584	12.42
3831	48389	12.63
3832	48074	12.55
3833	47928	12.50
3834	48205	12.57
3835	48348	12.61
3836	48114	12.54
3837	47922	12.49
3838	52421	13.66
3839	48527	12.64
3840	51278	13.35
3841	48084	12.52
3842	48104	12.52
3843	51605	13.43
3844	48903	12.72
3845	47660	12.40
3846	48704	12.66
3847	48419	12.59
3848	48199	12.53
3849	48367	12.57
3850	47824	12.42
3851	48520	12.60
3852	48314	12.54
3853	49144	12.75
3854	48128	12.49
3855	47959	12.44
3856	49070	12.73
3857	48505	12.58
3858	48673	12.62
3859	48168	12.48
3860	50857	13.18
3861	48224	12.49
3862	51824	13.42
3863	49171	12.73
3864	48307	12.50
3865	48184	12.47
3866	48272	12.49
3867	48981	12.67
3868	49179	12.71
3869	48830	12.62
3870	48519	12.54
3871	48168	12.44
3872	49446	12.77
3873	48083	12.41
3874	48694	12.57
3875	51968	13.41
3876	48371	12.48
3877	48503	12.51
3878	48505	12.51
3879	48551	12.52
3880	54972	14.17
3881	48800	12.57
3882	49010	12.62
3883	48332	12.45
3884	48759	12.55
3885	48804	12.56
3886	48516	12.48
3887	48398	12.45
3888	48517	12.48
3889	48825	12.55
3890	48582	12.49
3891	49093	12.62
3892	48616	12.49
3893	49367	12.68
3894	48677	12.50
3895	51136	13.13
3896	49455	12.69
3897	48918	12.55
3898	49913	12.80
3899	48918	12.55
3900	52603	13.49
3901	48512	12.44
3902	49158	12.60
3903	48985	12.55
3904	49124	12.58
3905	48739	12.48
3906	49074	12.56
3907	49013	12.54
3908	49173	12.58
3909	48568	12.42
3910	49226	12.59
3911	48855	12.49
3912	49210	12.58
3913	49985	12.77
3914	48705	12.44
3915	49099	12.54
3916	49130	12.55
3917	49232	12.57
3918	48921	12.49
3919	49178	12.55
3920	53310	13.60
3921	49504	12.63
3922	50229	12.81
3923	49951	12.73
3924	49174	12.53
3925	49618	12.64
3926	48724	12.41
3927	49522	12.61
3928	49430	12.58
3929	49007	12.47
3930	49333	12.55
3931	49875	12.69
3932	54089	13.76
3933	49353	12.55
3934	49116	12.49
3935	48859	12.42
3936	49402	12.55
3937	49180	12.49
3938	49623	12.60
3939	49212	12.49
3940	52867	13.42
3941	49078	12.45
3942	50090	12.71
3943	50030	12.69
3944	49742	12.61
3945	49054	12.43
3946	49791	12.62
3947	49608	12.57
3948	49134	12.45
3949	49191	12.46
3950	49740	12.59
3951	49865	12.62
3952	50203	12.70
3953	49478	12.52
3954	49155	12.43
3955	49880	12.61
3956	49654	12.55
3957	50293	12.71
3958	49408	12.48
3959	50380	12.73
3960	53386	13.48
3961	50241	12.68
3962	49363	12.46
3963	49438	12.47
3964	49960	12.60
3965	49853	12.57
3966	49408	12.46
3967	49803	12.55
3968	50689	12.77
3969	49373	12.44
3970	49382	12.44
3971	49705	12.52
3972	50133	12.62
3973	50214	12.64
3974	49951	12.57
3975	50376	12.67
3976	49929	12.56
3977	50361	12.66
3978	50087	12.59
3979	49367	12.41
3980	53328	13.40
3981	49310	12.39
3982	50824	12.76
3983	49648	12.46
3984	49927	12.53
3985	50674	12.72
3986	50577	12.69
3987	50343	12.63
3988	49961	12.53
3989	49973	12.53
3990	49456	12.39
3991	49898	12.50
3992	50648	12.69
3993	50636	12.68
3994	50312	12.60
3995	51008	12.77
3996	50050	12.53
3997	49929	12.49
3998	49209	12.31
3999	49524	12.38
4000	75023	18.76
