N	Total Time	Average CPE
1	69	69.00
2	59	29.50
3	67	22.33
4	81	20.25
5	85	17.00
6	97	16.17
7	99	14.14
8	126	15.75
9	127	14.11
10	124	12.40
11	134	12.18
12	143	11.92
13	151	11.62
14	475	33.93
15	197	13.13
16	206	12.88
17	252	14.82
18	254	14.11
19	262	13.79
20	271	13.55
21	280	13.33
22	290	13.18
23	299	13.00
24	308	12.83
25	319	12.76
26	326	12.54
27	516	19.11
28	341	12.18
29	355	12.24
30	387	12.90
31	394	12.71
32	401	12.53
33	473	14.33
34	485	14.26
35	487	13.91
36	496	13.78
37	510	13.78
38	512	13.47
39	523	13.41
40	537	13.43
41	541	13.20
42	578	13.76
43	558	12.98
44	565	12.84
45	601	13.36
46	616	13.39
47	615	13.09
48	626	13.04
49	635	12.96
50	645	12.90
51	659	12.92
52	670	12.88
53	678	12.79
54	873	16.17
55	691	12.56
56	699	12.48
57	718	12.60
58	720	12.41
59	935	15.85
60	734	12.23
61	753	12.34
62	760	12.26
63	771	12.24
64	778	12.16
65	851	13.09
66	854	12.94
67	859	12.82
68	887	13.04
69	885	12.83
70	884	12.63
71	895	12.61
72	903	12.54
73	905	12.40
74	922	12.46
75	928	12.37
76	939	12.36
77	947	12.30
78	1204	15.44
79	1243	15.73
80	1024	12.80
81	979	12.09
82	992	12.10
83	999	12.04
84	1008	12.00
85	1013	11.92
86	1031	11.99
87	1036	11.91
88	1047	11.90
89	1053	11.83
90	1061	11.79
91	1223	13.44
92	1076	11.70
93	1082	11.63
94	1095	11.65
95	1108	11.66
96	1117	11.64
97	1124	11.59
98	1174	11.98
99	1144	11.56
100	1155	11.55
101	1159	11.48
102	1167	11.44
103	1176	11.42
104	1186	11.40
105	1189	11.32
106	1353	12.76
107	1209	11.30
108	1217	11.27
109	1227	11.26
110	1234	11.22
111	1248	11.24
112	1257	11.22
113	1262	11.17
114	1310	11.49
115	1284	11.17
116	1296	11.17
117	1303	11.14
118	1312	11.12
119	1318	11.08
120	1325	11.04
121	1347	11.13
122	1345	11.02
123	1355	11.02
124	1365	11.01
125	1371	10.97
126	1378	10.94
127	1391	10.95
128	1446	11.30
129	1510	11.71
130	1485	11.42
131	1488	11.36
132	1804	13.67
133	1507	11.33
134	1514	11.30
135	1518	11.24
136	1680	12.35
137	1538	11.23
138	1572	11.39
139	3415	24.57
140	1604	11.46
141	2028	14.38
142	1604	11.30
143	1619	11.32
144	1628	11.31
145	1633	11.26
146	2059	14.10
147	1651	11.23
148	1660	11.22
149	1671	11.21
150	1689	11.26
151	1688	11.18
152	1743	11.47
153	1705	11.14
154	1716	11.14
155	1724	11.12
156	1733	11.11
157	2330	14.84
158	1749	11.07
159	1760	11.07
160	1767	11.04
161	1777	11.04
162	1857	11.46
163	1806	11.08
164	1802	10.99
165	1818	11.02
166	2096	12.63
167	1828	10.95
168	1905	11.34
169	1858	10.99
170	1855	10.91
171	1867	10.92
172	1876	10.91
173	2110	12.20
174	1894	10.89
175	1900	10.86
176	1915	10.88
177	1917	10.83
178	2341	13.15
179	1937	10.82
180	1947	10.82
181	3312	18.30
182	2278	12.52
183	2056	11.23
184	1981	10.77
185	2289	12.37
186	1998	10.74
187	2011	10.75
188	2014	10.71
189	2028	10.73
190	2035	10.71
191	2089	10.94
192	2052	10.69
193	2061	10.68
194	2072	10.68
195	2076	10.65
196	2333	11.90
197	2096	10.64
198	2107	10.64
199	2112	10.61
200	2165	10.82
201	2145	10.67
202	2146	10.62
203	2677	13.19
204	2158	10.58
205	2382	11.62
206	2183	10.60
207	2192	10.59
208	2212	10.63
209	2260	10.81
210	2315	11.02
211	2220	10.52
212	2284	10.77
213	2495	11.71
214	2252	10.52
215	2256	10.49
216	4526	20.95
217	2314	10.66
218	2285	10.48
219	2621	11.97
220	2305	10.48
221	2316	10.48
222	2325	10.47
223	2338	10.48
224	2342	10.46
225	2400	10.67
226	2380	10.53
227	2393	10.54
228	2429	10.65
229	2430	10.61
230	2423	10.53
231	2447	10.59
232	2453	10.57
233	2518	10.81
234	2477	10.59
235	2794	11.89
236	2515	10.66
237	2515	10.61
238	2524	10.61
239	2529	10.58
240	2590	10.79
241	2775	11.51
242	2558	10.57
243	2564	10.55
244	2582	10.58
245	2585	10.55
246	2750	11.18
247	2888	11.69
248	2620	10.56
249	2937	11.80
250	2628	10.51
251	2839	11.31
252	2649	10.51
253	2667	10.54
254	2703	10.64
255	2688	10.54
256	2683	10.48
257	3489	13.58
258	2744	10.64
259	2755	10.64
260	2775	10.67
261	2824	10.82
262	2784	10.63
263	2802	10.65
264	2811	10.65
265	2810	10.60
266	2819	10.60
267	2835	10.62
268	2878	10.74
269	2872	10.68
270	2885	10.69
271	2894	10.68
272	2910	10.70
273	4157	15.23
274	2963	10.81
275	2916	10.60
276	2954	10.70
277	2955	10.67
278	3094	11.13
279	2961	10.61
280	2977	10.63
281	3055	10.87
282	3011	10.68
283	3022	10.68
284	3394	11.95
285	3081	10.81
286	3148	11.01
287	3129	10.90
288	3346	11.62
289	3106	10.75
290	3118	10.75
291	3122	10.73
292	3172	10.86
293	3141	10.72
294	3157	10.74
295	3161	10.72
296	3171	10.71
297	3188	10.73
298	4639	15.57
299	3201	10.71
300	3218	10.73
301	3560	11.83
302	3238	10.72
303	3232	10.67
304	3289	10.82
305	3251	10.66
306	3276	10.71
307	3467	11.29
308	3274	10.63
309	3289	10.64
310	3367	10.86
311	3320	10.68
312	3587	11.50
313	3464	11.07
314	3335	10.62
315	3398	10.79
316	3355	10.62
317	3660	11.55
318	3365	10.58
319	3371	10.57
320	4945	15.45
321	3454	10.76
322	3426	10.64
323	3419	10.59
324	3420	10.56
325	3429	10.55
326	3476	10.66
327	3460	10.58
328	3715	11.33
329	3677	11.18
330	3476	10.53
331	3485	10.53
332	3556	10.71
333	3528	10.59
334	3663	10.97
335	3521	10.51
336	3530	10.51
337	3586	10.64
338	3549	10.50
339	3568	10.53
340	3723	10.95
341	3575	10.48
342	3950	11.55
343	3598	10.49
344	3606	10.48
345	3798	11.01
346	3621	10.47
347	3668	10.57
348	3842	11.04
349	3669	10.51
350	3852	11.01
351	3671	10.46
352	3730	10.60
353	3695	10.47
354	3967	11.21
355	3705	10.44
356	3711	10.42
357	3770	10.56
358	3734	10.43
359	4035	11.24
360	3918	10.88
361	3759	10.41
362	4501	12.43
363	3772	10.39
364	3789	10.41
365	3945	10.81
366	3926	10.73
367	9652	26.30
368	3813	10.36
369	3871	10.49
370	3822	10.33
371	5091	13.72
372	3851	10.35
373	4183	11.21
374	3925	10.49
375	4043	10.78
376	4369	11.62
377	3888	10.31
378	3943	10.43
379	3910	10.32
380	5156	13.57
381	3922	10.29
382	3942	10.32
383	3979	10.39
384	3959	10.31
385	3972	10.32
386	3967	10.28
387	4019	10.39
388	4036	10.40
389	3996	10.27
390	4223	10.83
391	4264	10.91
392	4069	10.38
393	4028	10.25
394	4066	10.32
395	4050	10.25
396	4060	10.25
397	4106	10.34
398	4077	10.24
399	4084	10.24
400	4111	10.28
401	4150	10.35
402	4157	10.34
403	4345	10.78
404	4202	10.40
405	4162	10.28
406	4240	10.44
407	4157	10.21
408	4172	10.23
409	4174	10.21
410	4232	10.32
411	4202	10.22
412	4215	10.23
413	4221	10.22
414	4400	10.63
415	4234	10.20
416	4297	10.33
417	4419	10.60
418	4255	10.18
419	4319	10.31
420	4272	10.17
421	4292	10.19
422	4508	10.68
423	4361	10.31
424	4335	10.22
425	4344	10.22
426	4321	10.14
427	4390	10.28
428	4340	10.14
429	4357	10.16
430	4537	10.55
431	4376	10.15
432	4426	10.25
433	4879	11.27
434	4403	10.15
435	4407	10.13
436	4463	10.24
437	4423	10.12
438	4439	10.13
439	4443	10.12
440	4491	10.21
441	4460	10.11
442	4646	10.51
443	4793	10.82
444	4533	10.21
445	4494	10.10
446	4719	10.58
447	4514	10.10
448	4806	10.73
449	4537	10.10
450	5227	11.62
451	4551	10.09
452	4856	10.74
453	4575	10.10
454	4575	10.08
455	4590	10.09
456	4747	10.41
457	4607	10.08
458	4619	10.09
459	4620	10.07
460	4995	10.86
461	4642	10.07
462	7931	17.17
463	4656	10.06
464	4728	10.19
465	5801	12.48
466	4842	10.39
467	5000	10.71
468	5841	12.48
469	4716	10.06
470	4726	10.06
471	4735	10.05
472	4866	10.31
473	4752	10.05
474	4758	10.04
475	4818	10.14
476	4771	10.02
477	4789	10.04
478	4795	10.03
479	5091	10.63
480	4808	10.02
481	5753	11.96
482	4834	10.03
483	4895	10.13
484	4843	10.01
485	5102	10.52
486	4868	10.02
487	4927	10.12
488	4906	10.05
489	4896	10.01
490	5139	10.49
491	4964	10.11
492	4916	9.99
493	4941	10.02
494	5270	10.67
495	4953	10.01
496	5123	10.33
497	4968	10.00
498	5015	10.07
499	4981	9.98
500	5168	10.34
501	5288	10.55
502	5092	10.14
503	5024	9.99
504	5030	9.98
505	5140	10.18
506	5043	9.97
507	5056	9.97
508	5072	9.98
509	5119	10.06
510	5086	9.97
511	5103	9.99
512	5371	10.49
513	6052	11.80
514	5490	10.68
515	5285	10.26
516	5314	10.30
517	5291	10.23
518	5309	10.25
519	5329	10.27
520	5405	10.39
521	5407	10.38
522	5339	10.23
523	5421	10.37
524	6212	11.85
525	5529	10.53
526	5405	10.28
527	5467	10.37
528	5422	10.27
529	5631	10.64
530	5476	10.33
531	5442	10.25
532	5474	10.29
533	5773	10.83
534	5502	10.30
535	5516	10.31
536	5781	10.79
537	5536	10.31
538	5689	10.57
539	5529	10.26
540	5600	10.37
541	5557	10.27
542	5795	10.69
543	5563	10.24
544	5626	10.34
545	5643	10.35
546	5595	10.25
547	5617	10.27
548	5606	10.23
549	5823	10.61
550	5962	10.84
551	5668	10.29
552	5848	10.59
553	5721	10.35
554	5678	10.25
555	5691	10.25
556	5750	10.34
557	5759	10.34
558	5709	10.23
559	5759	10.30
560	5773	10.31
561	6098	10.87
562	5746	10.22
563	5808	10.32
564	6163	10.93
565	5911	10.46
566	6174	10.91
567	5780	10.19
568	5780	10.18
569	6061	10.65
570	5797	10.17
571	5976	10.47
572	6117	10.69
573	5854	10.22
574	5817	10.13
575	5826	10.13
576	5864	10.18
577	6739	11.68
578	6083	10.52
579	6674	11.53
580	5869	10.12
581	6102	10.50
582	5911	10.16
583	5890	10.10
584	6047	10.35
585	5969	10.20
586	5926	10.11
587	6097	10.39
588	6259	10.64
589	6561	11.14
590	6119	10.37
591	6295	10.65
592	5978	10.10
593	6196	10.45
594	5989	10.08
595	6004	10.09
596	6528	10.95
597	6024	10.09
598	6092	10.19
599	6050	10.10
600	6288	10.48
601	6097	10.14
602	6083	10.10
603	6335	10.51
604	6153	10.19
605	6315	10.44
606	6433	10.62
607	6152	10.14
608	10029	16.50
609	6470	10.62
610	6136	10.06
611	6142	10.05
612	6499	10.62
613	6892	11.24
614	6347	10.34
615	6496	10.56
616	6244	10.14
617	6395	10.36
618	6501	10.52
619	6212	10.04
620	6274	10.12
621	6294	10.14
622	6255	10.06
623	6433	10.33
624	6314	10.12
625	6287	10.06
626	6448	10.30
627	6315	10.07
628	6294	10.02
629	6506	10.34
630	6565	10.42
631	6332	10.03
632	6347	10.04
633	6351	10.03
634	6375	10.06
635	6544	10.31
636	6407	10.07
637	6386	10.03
638	6787	10.64
639	6441	10.08
640	6597	10.31
641	6411	10.00
642	6492	10.11
643	6603	10.27
644	6758	10.49
645	6479	10.04
646	6653	10.30
647	6796	10.50
648	6534	10.08
649	6496	10.01
650	6518	10.03
651	6506	9.99
652	6508	9.98
653	6577	10.07
654	6531	9.99
655	6528	9.97
656	6898	10.52
657	6556	9.98
658	6561	9.97
659	6649	10.09
660	7277	11.03
661	6619	10.01
662	6599	9.97
663	6610	9.97
664	6857	10.33
665	6865	10.32
666	6792	10.20
667	6778	10.16
668	6659	9.97
669	6884	10.29
670	7006	10.46
671	8797	13.11
672	6946	10.34
673	7512	11.16
674	6938	10.29
675	7010	10.39
676	6732	9.96
677	6887	10.17
678	7110	10.49
679	6742	9.93
680	6763	9.95
681	6778	9.95
682	7564	11.09
683	6789	9.94
684	6862	10.03
685	6799	9.93
686	7089	10.33
687	6805	9.91
688	6824	9.92
689	6856	9.95
690	6842	9.92
691	7159	10.36
692	6887	9.95
693	7043	10.16
694	7233	10.42
695	6900	9.93
696	6901	9.92
697	6941	9.96
698	7097	10.17
699	7196	10.29
700	7011	10.02
701	6968	9.94
702	7244	10.32
703	6978	9.93
704	7010	9.96
705	7411	10.51
706	8538	12.09
707	7085	10.02
708	7010	9.90
709	7026	9.91
710	7434	10.47
711	7049	9.91
712	7052	9.90
713	7083	9.93
714	7784	10.90
715	7139	9.98
716	7108	9.93
717	7124	9.94
718	7118	9.91
719	7336	10.20
720	7127	9.90
721	7189	9.97
722	7154	9.91
723	7453	10.31
724	7786	10.75
725	7173	9.89
726	7232	9.96
727	7183	9.88
728	7257	9.97
729	7201	9.88
730	7213	9.88
731	7229	9.89
732	7397	10.11
733	7588	10.35
734	7740	10.54
735	7263	9.88
736	7326	9.95
737	7281	9.88
738	7516	10.18
739	7295	9.87
740	7304	9.87
741	7367	9.94
742	7325	9.87
743	7594	10.22
744	8250	11.09
745	7527	10.10
746	7408	9.93
747	7564	10.13
748	7619	10.19
749	7417	9.90
750	7416	9.89
751	7440	9.91
752	7415	9.86
753	7420	9.85
754	7453	9.88
755	7864	10.42
756	8143	10.77
757	7463	9.86
758	7797	10.29
759	7472	9.84
760	7857	10.34
761	7494	9.85
762	7686	10.09
763	7834	10.27
764	7517	9.84
765	7772	10.16
766	7536	9.84
767	7552	9.85
768	7842	10.21
769	7559	9.83
770	7571	9.83
771	7619	9.88
772	7768	10.06
773	7882	10.20
774	7759	10.02
775	7854	10.13
776	7653	9.86
777	7637	9.83
778	7648	9.83
779	11676	14.99
780	7918	10.15
781	7674	9.83
782	8058	10.30
783	7718	9.86
784	7701	9.82
785	7710	9.82
786	7932	10.09
787	8005	10.17
788	7736	9.82
789	8071	10.23
790	7787	9.86
791	7945	10.04
792	8094	10.22
793	8550	10.78
794	8129	10.24
795	7795	9.81
796	7801	9.80
797	7820	9.81
798	8017	10.05
799	7843	9.82
800	7867	9.83
801	7925	9.89
802	7873	9.82
803	7889	9.82
804	7948	9.89
805	7889	9.80
806	8155	10.12
807	7912	9.80
808	8241	10.20
809	7925	9.80
810	8193	10.11
811	8955	11.04
812	7961	9.80
813	8204	10.09
814	8163	10.03
815	8272	10.15
816	7981	9.78
817	8302	10.16
818	8072	9.87
819	8431	10.29
820	8064	9.83
821	8551	10.42
822	8079	9.83
823	8062	9.80
824	8357	10.14
825	8072	9.78
826	8540	10.34
827	8364	10.11
828	10818	13.07
829	8108	9.78
830	8291	9.99
831	9021	10.86
832	8382	10.07
833	8710	10.46
834	8262	9.91
835	10012	11.99
836	8262	9.88
837	8727	10.43
838	10162	12.13
839	8694	10.36
840	8332	9.92
841	8479	10.08
842	8708	10.34
843	8566	10.16
844	8574	10.16
845	8342	9.87
846	8442	9.98
847	8935	10.55
848	8484	10.00
849	8491	10.00
850	8529	10.03
851	8489	9.98
852	8600	10.09
853	8524	9.99
854	8671	10.15
855	8816	10.31
856	8536	9.97
857	8540	9.96
858	8738	10.18
859	8381	9.76
860	8410	9.78
861	8661	10.06
862	8860	10.28
863	8675	10.05
864	8414	9.74
865	8651	10.00
866	8432	9.74
867	8530	9.84
868	8609	9.92
869	8523	9.81
870	8465	9.73
871	8768	10.07
872	8818	10.11
873	8997	10.31
874	8978	10.27
875	8576	9.80
876	8948	10.21
877	8581	9.78
878	8818	10.04
879	8588	9.77
880	8642	9.82
881	9324	10.58
882	8610	9.76
883	8591	9.73
884	8920	10.09
885	8756	9.89
886	8743	9.87
887	8751	9.87
888	9046	10.19
889	8867	9.97
890	8836	9.93
891	8830	9.91
892	8885	9.96
893	8676	9.72
894	8759	9.80
895	8705	9.73
896	8700	9.71
897	8988	10.02
898	8807	9.81
899	9067	10.09
900	8786	9.76
901	8778	9.74
902	8780	9.73
903	8952	9.91
904	9007	9.96
905	8823	9.75
906	8814	9.73
907	9068	10.00
908	8841	9.74
909	8925	9.82
910	9156	10.06
911	9103	9.99
912	9036	9.91
913	8959	9.81
914	8877	9.71
915	9527	10.41
916	9031	9.86
917	8935	9.74
918	9126	9.94
919	8986	9.78
920	8927	9.70
921	8934	9.70
922	9195	9.97
923	9335	10.11
924	9052	9.80
925	9008	9.74
926	9123	9.85
927	9040	9.75
928	9003	9.70
929	9017	9.71
930	9015	9.69
931	9440	10.14
932	9251	9.93
933	9029	9.68
934	9072	9.71
935	9209	9.85
936	9360	10.00
937	9266	9.89
938	9448	10.07
939	9094	9.68
940	9136	9.72
941	9114	9.69
942	9401	9.98
943	9271	9.83
944	9140	9.68
945	9163	9.70
946	9169	9.69
947	9233	9.75
948	9185	9.69
949	9330	9.83
950	9558	10.06
951	9336	9.82
952	9479	9.96
953	9208	9.66
954	9416	9.87
955	9272	9.71
956	9443	9.88
957	9284	9.70
958	9257	9.66
959	9268	9.66
960	9527	9.92
961	9313	9.69
962	9689	10.07
963	9348	9.71
964	13817	14.33
965	9658	10.01
966	9318	9.65
967	9412	9.73
968	9334	9.64
969	9408	9.71
970	10362	10.68
971	9666	9.95
972	9537	9.81
973	9476	9.74
974	9451	9.70
975	9676	9.92
976	9605	9.84
977	9711	9.94
978	10179	10.41
979	9677	9.88
980	9457	9.65
981	9548	9.73
982	9521	9.70
983	9765	9.93
984	9497	9.65
985	9738	9.89
986	9600	9.74
987	10010	10.14
988	10009	10.13
989	9598	9.70
990	9822	9.92
991	9710	9.80
992	9956	10.04
993	10033	10.10
994	9692	9.75
995	9796	9.85
996	10039	10.08
997	9865	9.89
998	9787	9.81
999	9865	9.87
1000	10069	10.07
1001	10177	10.17
1002	9706	9.69
1003	9672	9.64
1004	9692	9.65
1005	9966	9.92
1006	9693	9.64
1007	9707	9.64
1008	9751	9.67
1009	10053	9.96
1010	9904	9.81
1011	9812	9.71
1012	9898	9.78
1013	9975	9.85
1014	9818	9.68
1015	10225	10.07
1016	9833	9.68
1017	10328	10.16
1018	9851	9.68
1019	9969	9.78
1020	9855	9.66
1021	10292	10.08
1022	10291	10.07
1023	9931	9.71
1024	9869	9.64
1025	11025	10.76
1026	10197	9.94
1027	10246	9.98
1028	10203	9.93
1029	10273	9.98
1030	10224	9.93
1031	10485	10.17
1032	10432	10.11
1033	10490	10.15
1034	10258	9.92
1035	10580	10.22
1036	10298	9.94
1037	10535	10.16
1038	10422	10.04
1039	10509	10.11
1040	10616	10.21
1041	10331	9.92
1042	10425	10.00
1043	10634	10.20
1044	10638	10.19
1045	11021	10.55
1046	10548	10.08
1047	10697	10.22
1048	10554	10.07
1049	10729	10.23
1050	10611	10.11
1051	10521	10.01
1052	10585	10.06
1053	10523	9.99
1054	10492	9.95
1055	10482	9.94
1056	10856	10.28
1057	10653	10.08
1058	10833	10.24
1059	10557	9.97
1060	10524	9.93
1061	10598	9.99
1062	11005	10.36
1063	10566	9.94
1064	10800	10.15
1065	10713	10.06
1066	11063	10.38
1067	10877	10.19
1068	10618	9.94
1069	10974	10.27
1070	10795	10.09
1071	10795	10.08
1072	10689	9.97
1073	11044	10.29
1074	10979	10.22
1075	10661	9.92
1076	10837	10.07
1077	11106	10.31
1078	10830	10.05
1079	11834	10.97
1080	11110	10.29
1081	14272	13.20
1082	11336	10.48
1083	10857	10.02
1084	10764	9.93
1085	10901	10.05
1086	10768	9.92
1087	11462	10.54
1088	11165	10.26
1089	11596	10.65
1090	10945	10.04
1091	11081	10.16
1092	10988	10.06
1093	10832	9.91
1094	10921	9.98
1095	10842	9.90
1096	10897	9.94
1097	10845	9.89
1098	11076	10.09
1099	10891	9.91
1100	11854	10.78
1101	10938	9.93
1102	10910	9.90
1103	11204	10.16
1104	10952	9.92
1105	11077	10.02
1106	11009	9.95
1107	11281	10.19
1108	11238	10.14
1109	10992	9.91
1110	10978	9.89
1111	11067	9.96
1112	11190	10.06
1113	11038	9.92
1114	11467	10.29
1115	11178	10.03
1116	11269	10.10
1117	11166	10.00
1118	11455	10.25
1119	11068	9.89
1120	11463	10.23
1121	11406	10.17
1122	11199	9.98
1123	11440	10.19
1124	11076	9.85
1125	11550	10.27
1126	11187	9.94
1127	11257	9.99
1128	11381	10.09
1129	11321	10.03
1130	11193	9.91
1131	11234	9.93
1132	11168	9.87
1133	11258	9.94
1134	11528	10.17
1135	11620	10.24
1136	11862	10.44
1137	11356	9.99
1138	11415	10.03
1139	11263	9.89
1140	11725	10.29
1141	11268	9.88
1142	11235	9.84
1143	11326	9.91
1144	11485	10.04
1145	11520	10.06
1146	11285	9.85
1147	11429	9.96
1148	11749	10.23
1149	11299	9.83
1150	11318	9.84
1151	11362	9.87
1152	11496	9.98
1153	11351	9.84
1154	11648	10.09
1155	11347	9.82
1156	12199	10.55
1157	11829	10.22
1158	11397	9.84
1159	11384	9.82
1160	11842	10.21
1161	11714	10.09
1162	11496	9.89
1163	11594	9.97
1164	11811	10.15
1165	11843	10.17
1166	11627	9.97
1167	12180	10.44
1168	11656	9.98
1169	11597	9.92
1170	11796	10.08
1171	11525	9.84
1172	11814	10.08
1173	11546	9.84
1174	11847	10.09
1175	11631	9.90
1176	11638	9.90
1177	11638	9.89
1178	11977	10.17
1179	12397	10.51
1180	11631	9.86
1181	11613	9.83
1182	11797	9.98
1183	11859	10.02
1184	11795	9.96
1185	11942	10.08
1186	11936	10.06
1187	11683	9.84
1188	12386	10.43
1189	11725	9.86
1190	11708	9.84
1191	11935	10.02
1192	12251	10.28
1193	12025	10.08
1194	11978	10.03
1195	11747	9.83
1196	12023	10.05
1197	11982	10.01
1198	12167	10.16
1199	12188	10.17
1200	11975	9.98
1201	12398	10.32
1202	11848	9.86
1203	11910	9.90
1204	12018	9.98
1205	11877	9.86
1206	11857	9.83
1207	11990	9.93
1208	12043	9.97
1209	11840	9.79
1210	11964	9.89
1211	12836	10.60
1212	12021	9.92
1213	12384	10.21
1214	11973	9.86
1215	12193	10.04
1216	12200	10.03
1217	12768	10.49
1218	11974	9.83
1219	12270	10.07
1220	12252	10.04
1221	12445	10.19
1222	12029	9.84
1223	12031	9.84
1224	12458	10.18
1225	12438	10.15
1226	12056	9.83
1227	12079	9.84
1228	12084	9.84
1229	12568	10.23
1230	12407	10.09
1231	12487	10.14
1232	12062	9.79
1233	12376	10.04
1234	12342	10.00
1235	13548	10.97
1236	12534	10.14
1237	12934	10.46
1238	12286	9.92
1239	12427	10.03
1240	12469	10.06
1241	12723	10.25
1242	12481	10.05
1243	12237	9.84
1244	12360	9.94
1245	12228	9.82
1246	12224	9.81
1247	12228	9.81
1248	12556	10.06
1249	12571	10.06
1250	12477	9.98
1251	12563	10.04
1252	12265	9.80
1253	12842	10.25
1254	12273	9.79
1255	12604	10.04
1256	12426	9.89
1257	12668	10.08
1258	12598	10.01
1259	12567	9.98
1260	12646	10.04
1261	12358	9.80
1262	12668	10.04
1263	12372	9.80
1264	12763	10.10
1265	13410	10.60
1266	12899	10.19
1267	12712	10.03
1268	12416	9.79
1269	12881	10.15
1270	12734	10.03
1271	13102	10.31
1272	13020	10.24
1273	12497	9.82
1274	12446	9.77
1275	12468	9.78
1276	12772	10.01
1277	12726	9.97
1278	12684	9.92
1279	12504	9.78
1280	12521	9.78
1281	12521	9.77
1282	12564	9.80
1283	12979	10.12
1284	16194	12.61
1285	13168	10.25
1286	12585	9.79
1287	12988	10.09
1288	12604	9.79
1289	12866	9.98
1290	12655	9.81
1291	13038	10.10
1292	12694	9.83
1293	12630	9.77
1294	12651	9.78
1295	13066	10.09
1296	12820	9.89
1297	12745	9.83
1298	12922	9.96
1299	12697	9.77
1300	12921	9.94
1301	12779	9.82
1302	12924	9.93
1303	13154	10.10
1304	12827	9.84
1305	12800	9.81
1306	12913	9.89
1307	12990	9.94
1308	13013	9.95
1309	12768	9.75
1310	12863	9.82
1311	12890	9.83
1312	13103	9.99
1313	13059	9.95
1314	12902	9.82
1315	12972	9.86
1316	13289	10.10
1317	13181	10.01
1318	12990	9.86
1319	12893	9.77
1320	12999	9.85
1321	13168	9.97
1322	12888	9.75
1323	13149	9.94
1324	13153	9.93
1325	12973	9.79
1326	13266	10.00
1327	13202	9.95
1328	13192	9.93
1329	13426	10.10
1330	13617	10.24
1331	13901	10.44
1332	13162	9.88
1333	12993	9.75
1334	13308	9.98
1335	13061	9.78
1336	13447	10.07
1337	13664	10.22
1338	13727	10.26
1339	13370	9.99
1340	13778	10.28
1341	13546	10.10
1342	13227	9.86
1343	13469	10.03
1344	13493	10.04
1345	13806	10.26
1346	13421	9.97
1347	13513	10.03
1348	13380	9.93
1349	13344	9.89
1350	13295	9.85
1351	13411	9.93
1352	13843	10.24
1353	13373	9.88
1354	13307	9.83
1355	13290	9.81
1356	13421	9.90
1357	13565	10.00
1358	13408	9.87
1359	13282	9.77
1360	13537	9.95
1361	13443	9.88
1362	13570	9.96
1363	13584	9.97
1364	13424	9.84
1365	13531	9.91
1366	13616	9.97
1367	13586	9.94
1368	15212	11.12
1369	13641	9.96
1370	13699	10.00
1371	13413	9.78
1372	13657	9.95
1373	13590	9.90
1374	13686	9.96
1375	17920	13.03
1376	13397	9.74
1377	13419	9.75
1378	13811	10.02
1379	13514	9.80
1380	13611	9.86
1381	13588	9.84
1382	13441	9.73
1383	13449	9.72
1384	13465	9.73
1385	13505	9.75
1386	13533	9.76
1387	13524	9.75
1388	14061	10.13
1389	13817	9.95
1390	13757	9.90
1391	13933	10.02
1392	13775	9.90
1393	14293	10.26
1394	13637	9.78
1395	13980	10.02
1396	13579	9.73
1397	13920	9.96
1398	13731	9.82
1399	14040	10.04
1400	14014	10.01
1401	14134	10.09
1402	13768	9.82
1403	13879	9.89
1404	13665	9.73
1405	14065	10.01
1406	14053	10.00
1407	14693	10.44
1408	13765	9.78
1409	13994	9.93
1410	13892	9.85
1411	13783	9.77
1412	13727	9.72
1413	14220	10.06
1414	13735	9.71
1415	13747	9.72
1416	13950	9.85
1417	14244	10.05
1418	14117	9.96
1419	15158	10.68
1420	13867	9.77
1421	14072	9.90
1422	14607	10.27
1423	14073	9.89
1424	13845	9.72
1425	14075	9.88
1426	13846	9.71
1427	14184	9.94
1428	14142	9.90
1429	13944	9.76
1430	14025	9.81
1431	14070	9.83
1432	14150	9.88
1433	14195	9.91
1434	13921	9.71
1435	14144	9.86
1436	14453	10.06
1437	13974	9.72
1438	14345	9.98
1439	14189	9.86
1440	14144	9.82
1441	14052	9.75
1442	14155	9.82
1443	14605	10.12
1444	14279	9.89
1445	14235	9.85
1446	14183	9.81
1447	14441	9.98
1448	14499	10.01
1449	14569	10.05
1450	14247	9.83
1451	14278	9.84
1452	14690	10.12
1453	14348	9.87
1454	14835	10.20
1455	14808	10.18
1456	14266	9.80
1457	14626	10.04
1458	14863	10.19
1459	14706	10.08
1460	17952	12.30
1461	14455	9.89
1462	14424	9.87
1463	14595	9.98
1464	15421	10.53
1465	14179	9.68
1466	14229	9.71
1467	14221	9.69
1468	14219	9.69
1469	14627	9.96
1470	14630	9.95
1471	14468	9.84
1472	14613	9.93
1473	14442	9.80
1474	14291	9.70
1475	14676	9.95
1476	14289	9.68
1477	14377	9.73
1478	14716	9.96
1479	14341	9.70
1480	14738	9.96
1481	14553	9.83
1482	14499	9.78
1483	14902	10.05
1484	14659	9.88
1485	14825	9.98
1486	14650	9.86
1487	14826	9.97
1488	14624	9.83
1489	14481	9.73
1490	15368	10.31
1491	14489	9.72
1492	15109	10.13
1493	14948	10.01
1494	14912	9.98
1495	15079	10.09
1496	14477	9.68
1497	14619	9.77
1498	14874	9.93
1499	14500	9.67
1500	15086	10.06
1501	14524	9.68
1502	15257	10.16
1503	14970	9.96
1504	14676	9.76
1505	15115	10.04
1506	14699	9.76
1507	14729	9.77
1508	14976	9.93
1509	14970	9.92
1510	14891	9.86
1511	14590	9.66
1512	14617	9.67
1513	14785	9.77
1514	14889	9.83
1515	14833	9.79
1516	14777	9.75
1517	14648	9.66
1518	14937	9.84
1519	14999	9.87
1520	14918	9.81
1521	14916	9.81
1522	15142	9.95
1523	14778	9.70
1524	15082	9.90
1525	14950	9.80
1526	14887	9.76
1527	15157	9.93
1528	14850	9.72
1529	14935	9.77
1530	15130	9.89
1531	14777	9.65
1532	14792	9.66
1533	15250	9.95
1534	15202	9.91
1535	15357	10.00
1536	14829	9.65
1537	14846	9.66
1538	14905	9.69
1539	14854	9.65
1540	14881	9.66
1541	15795	10.25
1542	15074	9.78
1543	15178	9.84
1544	14951	9.68
1545	14944	9.67
1546	15352	9.93
1547	15157	9.80
1548	15196	9.82
1549	14961	9.66
1550	15015	9.69
1551	14984	9.66
1552	15205	9.80
1553	15198	9.79
1554	16017	10.31
1555	15419	9.92
1556	15345	9.86
1557	15031	9.65
1558	15217	9.77
1559	15048	9.65
1560	15435	9.89
1561	15223	9.75
1562	15368	9.84
1563	15102	9.66
1564	15361	9.82
1565	15338	9.80
1566	15602	9.96
1567	15186	9.69
1568	15861	10.12
1569	15129	9.64
1570	15397	9.81
1571	15212	9.68
1572	15452	9.83
1573	15524	9.87
1574	15436	9.81
1575	15168	9.63
1576	15427	9.79
1577	15787	10.01
1578	15591	9.88
1579	15294	9.69
1580	16478	10.43
1581	15275	9.66
1582	15561	9.84
1583	15909	10.05
1584	15595	9.85
1585	15596	9.84
1586	15614	9.84
1587	15306	9.64
1588	15338	9.66
1589	15641	9.84
1590	15823	9.95
1591	16121	10.13
1592	15439	9.70
1593	15530	9.75
1594	15845	9.94
1595	16047	10.06
1596	15550	9.74
1597	15696	9.83
1598	17471	10.93
1599	15641	9.78
1600	15683	9.80
1601	15691	9.80
1602	15442	9.64
1603	15910	9.93
1604	15516	9.67
1605	15698	9.78
1606	15722	9.79
1607	16010	9.96
1608	15489	9.63
1609	15776	9.80
1610	15720	9.76
1611	15832	9.83
1612	15572	9.66
1613	15567	9.65
1614	15705	9.73
1615	15940	9.87
1616	15761	9.75
1617	16048	9.92
1618	16684	10.31
1619	15818	9.77
1620	15750	9.72
1621	16044	9.90
1622	16087	9.92
1623	15819	9.75
1624	16060	9.89
1625	16020	9.86
1626	16252	10.00
1627	15813	9.72
1628	15900	9.77
1629	15932	9.78
1630	16311	10.01
1631	15919	9.76
1632	15995	9.80
1633	15735	9.64
1634	16007	9.80
1635	16099	9.85
1636	15849	9.69
1637	16007	9.78
1638	15803	9.65
1639	16104	9.83
1640	16781	10.23
1641	16158	9.85
1642	15828	9.64
1643	15999	9.74
1644	16735	10.18
1645	16050	9.76
1646	16115	9.79
1647	16136	9.80
1648	15901	9.65
1649	16588	10.06
1650	15995	9.69
1651	15942	9.66
1652	16223	9.82
1653	16151	9.77
1654	16592	10.03
1655	16837	10.17
1656	16059	9.70
1657	15911	9.60
1658	16423	9.91
1659	16094	9.70
1660	16307	9.82
1661	16129	9.71
1662	16259	9.78
1663	16160	9.72
1664	16250	9.77
1665	16120	9.68
1666	16128	9.68
1667	16369	9.82
1668	16001	9.59
1669	15996	9.58
1670	16021	9.59
1671	16023	9.59
1672	16745	10.01
1673	16359	9.78
1674	16462	9.83
1675	16523	9.86
1676	16238	9.69
1677	16268	9.70
1678	16245	9.68
1679	16210	9.65
1680	16124	9.60
1681	16177	9.62
1682	16478	9.80
1683	16510	9.81
1684	16414	9.75
1685	16557	9.83
1686	16192	9.60
1687	16188	9.60
1688	16590	9.83
1689	16394	9.71
1690	16729	9.90
1691	16922	10.01
1692	16272	9.62
1693	16798	9.92
1694	16626	9.81
1695	16312	9.62
1696	16752	9.88
1697	17003	10.02
1698	17092	10.07
1699	16758	9.86
1700	16359	9.62
1701	16458	9.68
1702	16341	9.60
1703	16379	9.62
1704	16296	9.56
1705	16329	9.58
1706	16977	9.95
1707	16654	9.76
1708	16871	9.88
1709	16753	9.80
1710	16403	9.59
1711	16380	9.57
1712	16459	9.61
1713	16498	9.63
1714	16552	9.66
1715	16749	9.77
1716	17195	10.02
1717	16832	9.80
1718	16528	9.62
1719	16738	9.74
1720	16464	9.57
1721	17494	10.17
1722	17293	10.04
1723	16498	9.58
1724	16719	9.70
1725	17218	9.98
1726	16593	9.61
1727	17268	10.00
1728	16743	9.69
1729	16620	9.61
1730	17235	9.96
1731	16845	9.73
1732	16767	9.68
1733	16895	9.75
1734	16794	9.69
1735	16602	9.57
1736	17142	9.87
1737	16831	9.69
1738	16898	9.72
1739	16814	9.67
1740	16945	9.74
1741	16907	9.71
1742	16656	9.56
1743	17132	9.83
1744	16781	9.62
1745	17032	9.76
1746	16766	9.60
1747	16935	9.69
1748	16981	9.71
1749	17141	9.80
1750	16746	9.57
1751	17052	9.74
1752	17433	9.95
1753	16964	9.68
1754	17017	9.70
1755	16861	9.61
1756	16963	9.66
1757	16869	9.60
1758	17229	9.80
1759	17227	9.79
1760	17846	10.14
1761	21162	12.02
1762	17014	9.66
1763	17183	9.75
1764	17029	9.65
1765	17105	9.69
1766	17085	9.67
1767	17141	9.70
1768	17094	9.67
1769	17109	9.67
1770	17471	9.87
1771	16966	9.58
1772	16914	9.55
1773	17152	9.67
1774	17141	9.66
1775	17309	9.75
1776	16962	9.55
1777	17386	9.78
1778	17413	9.79
1779	17530	9.85
1780	17032	9.57
1781	17442	9.79
1782	17395	9.76
1783	17081	9.58
1784	17470	9.79
1785	17129	9.60
1786	17471	9.78
1787	17094	9.57
1788	17308	9.68
1789	17336	9.69
1790	17804	9.95
1791	17583	9.82
1792	17505	9.77
1793	17372	9.69
1794	18579	10.36
1795	17714	9.87
1796	17790	9.91
1797	18040	10.04
1798	17581	9.78
1799	17428	9.69
1800	17507	9.73
1801	17666	9.81
1802	17390	9.65
1803	17908	9.93
1804	17667	9.79
1805	17664	9.79
1806	17602	9.75
1807	17295	9.57
1808	17296	9.57
1809	17330	9.58
1810	17315	9.57
1811	17495	9.66
1812	17343	9.57
1813	17552	9.68
1814	17464	9.63
1815	17934	9.88
1816	17693	9.74
1817	17377	9.56
1818	17784	9.78
1819	17976	9.88
1820	17333	9.52
1821	17880	9.82
1822	17687	9.71
1823	17415	9.55
1824	17567	9.63
1825	17696	9.70
1826	17876	9.79
1827	17609	9.64
1828	17677	9.67
1829	18362	10.04
1830	17745	9.70
1831	17771	9.71
1832	18272	9.97
1833	17702	9.66
1834	17966	9.80
1835	17816	9.71
1836	18608	10.14
1837	17769	9.67
1838	17746	9.66
1839	17774	9.67
1840	18106	9.84
1841	17758	9.65
1842	17777	9.65
1843	17840	9.68
1844	18490	10.03
1845	17805	9.65
1846	17803	9.64
1847	17767	9.62
1848	18314	9.91
1849	17838	9.65
1850	17931	9.69
1851	18001	9.73
1852	17979	9.71
1853	17741	9.57
1854	18162	9.80
1855	17744	9.57
1856	18219	9.82
1857	18119	9.76
1858	18057	9.72
1859	17933	9.65
1860	17997	9.68
1861	17941	9.64
1862	18500	9.94
1863	18208	9.77
1864	17909	9.61
1865	19769	10.60
1866	18208	9.76
1867	17861	9.57
1868	18109	9.69
1869	17812	9.53
1870	17869	9.56
1871	17981	9.61
1872	17816	9.52
1873	18314	9.78
1874	18731	10.00
1875	17948	9.57
1876	18227	9.72
1877	18032	9.61
1878	18339	9.77
1879	17949	9.55
1880	18186	9.67
1881	17920	9.53
1882	17902	9.51
1883	17992	9.55
1884	18282	9.70
1885	18756	9.95
1886	18447	9.78
1887	18103	9.59
1888	18042	9.56
1889	17970	9.51
1890	18010	9.53
1891	18058	9.55
1892	18058	9.54
1893	18146	9.59
1894	18592	9.82
1895	18327	9.67
1896	18273	9.64
1897	18795	9.91
1898	18298	9.64
1899	18222	9.60
1900	18519	9.75
1901	18649	9.81
1902	18242	9.59
1903	18454	9.70
1904	18433	9.68
1905	18973	9.96
1906	18276	9.59
1907	18310	9.60
1908	19688	10.32
1909	21849	11.45
1910	18775	9.83
1911	18446	9.65
1912	18439	9.64
1913	18870	9.86
1914	18447	9.64
1915	18646	9.74
1916	18610	9.71
1917	18446	9.62
1918	18629	9.71
1919	18789	9.79
1920	18993	9.89
1921	18518	9.64
1922	18750	9.76
1923	18708	9.73
1924	18784	9.76
1925	18885	9.81
1926	18546	9.63
1927	23109	11.99
1928	18782	9.74
1929	18395	9.54
1930	19100	9.90
1931	18410	9.53
1932	18971	9.82
1933	18574	9.61
1934	18576	9.60
1935	18435	9.53
1936	18945	9.79
1937	19025	9.82
1938	18592	9.59
1939	18445	9.51
1940	18831	9.71
1941	18655	9.61
1942	18762	9.66
1943	18828	9.69
1944	18680	9.61
1945	18499	9.51
1946	18525	9.52
1947	18641	9.57
1948	19348	9.93
1949	18707	9.60
1950	19375	9.94
1951	19694	10.09
1952	19089	9.78
1953	19065	9.76
1954	18807	9.62
1955	19345	9.90
1956	19068	9.75
1957	18799	9.61
1958	21287	10.87
1959	19341	9.87
1960	18949	9.67
1961	19328	9.86
1962	18703	9.53
1963	18896	9.63
1964	19166	9.76
1965	19152	9.75
1966	18955	9.64
1967	19545	9.94
1968	18746	9.53
1969	18964	9.63
1970	18773	9.53
1971	18917	9.60
1972	18802	9.53
1973	18844	9.55
1974	19561	9.91
1975	19449	9.85
1976	19437	9.84
1977	18813	9.52
1978	19413	9.81
1979	19134	9.67
1980	19477	9.84
1981	19021	9.60
1982	19188	9.68
1983	19718	9.94
1984	19550	9.85
1985	19164	9.65
1986	19330	9.73
1987	19633	9.88
1988	19099	9.61
1989	19225	9.67
1990	19355	9.73
1991	18954	9.52
1992	18989	9.53
1993	19289	9.68
1994	18992	9.52
1995	19462	9.76
1996	19203	9.62
1997	19465	9.75
1998	20195	10.11
1999	19193	9.60
2000	19461	9.73
2001	20140	10.06
2002	19457	9.72
2003	19247	9.61
2004	19658	9.81
2005	19638	9.79
2006	19496	9.72
2007	19013	9.47
2008	19304	9.61
2009	19471	9.69
2010	19346	9.62
2011	19377	9.64
2012	19600	9.74
2013	19522	9.70
2014	19685	9.77
2015	19263	9.56
2016	19921	9.88
2017	19202	9.52
2018	19495	9.66
2019	19225	9.52
2020	19632	9.72
2021	19726	9.76
2022	19658	9.72
2023	20060	9.92
2024	19646	9.71
2025	19422	9.59
2026	19242	9.50
2027	19437	9.59
2028	19851	9.79
2029	20141	9.93
2030	19360	9.54
2031	19337	9.52
2032	19382	9.54
2033	25518	12.55
2034	19669	9.67
2035	21166	10.40
2036	19742	9.70
2037	19706	9.67
2038	19668	9.65
2039	20049	9.83
2040	19594	9.60
2041	19874	9.74
2042	19989	9.79
2043	19648	9.62
2044	19701	9.64
2045	19502	9.54
2046	20299	9.92
2047	19503	9.53
2048	20080	9.80
2049	21432	10.46
2050	21298	10.39
2051	20289	9.89
2052	20260	9.87
2053	20744	10.10
2054	20293	9.88
2055	20496	9.97
2056	20359	9.90
2057	20605	10.02
2058	20149	9.79
2059	20450	9.93
2060	20562	9.98
2061	28025	13.60
2062	20328	9.86
2063	21376	10.36
2064	22725	11.01
2065	20821	10.08
2066	20386	9.87
2067	20422	9.88
2068	20886	10.10
2069	20168	9.75
2070	20610	9.96
2071	25916	12.51
2072	20817	10.05
2073	20796	10.03
2074	20264	9.77
2075	20991	10.12
2076	20559	9.90
2077	20416	9.83
2078	21048	10.13
2079	20406	9.82
2080	20322	9.77
2081	22788	10.95
2082	20759	9.97
2083	20869	10.02
2084	20351	9.77
2085	20888	10.02
2086	20546	9.85
2087	20703	9.92
2088	20511	9.82
2089	21186	10.14
2090	20543	9.83
2091	20851	9.97
2092	20676	9.88
2093	21630	10.33
2094	20749	9.91
2095	21740	10.38
2096	21089	10.06
2097	20762	9.90
2098	20696	9.86
2099	20983	10.00
2100	21045	10.02
2101	20705	9.85
2102	20947	9.97
2103	20537	9.77
2104	20718	9.85
2105	20653	9.81
2106	20540	9.75
2107	20834	9.89
2108	20697	9.82
2109	20746	9.84
2110	21232	10.06
2111	21107	10.00
2112	20594	9.75
2113	20919	9.90
2114	20907	9.89
2115	21081	9.97
2116	21568	10.19
2117	21399	10.11
2118	21842	10.31
2119	21989	10.38
2120	20930	9.87
2121	21731	10.25
2122	21319	10.05
2123	20908	9.85
2124	21177	9.97
2125	21187	9.97
2126	21112	9.93
2127	20852	9.80
2128	21640	10.17
2129	21296	10.00
2130	20957	9.84
2131	21087	9.90
2132	21061	9.88
2133	21542	10.10
2134	20872	9.78
2135	21358	10.00
2136	21223	9.94
2137	20889	9.77
2138	20971	9.81
2139	21849	10.21
2140	20860	9.75
2141	21179	9.89
2142	21777	10.17
2143	21379	9.98
2144	22157	10.33
2145	20885	9.74
2146	21280	9.92
2147	20880	9.73
2148	21371	9.95
2149	21283	9.90
2150	21108	9.82
2151	20952	9.74
2152	20933	9.73
2153	22410	10.41
2154	21541	10.00
2155	21389	9.93
2156	21479	9.96
2157	21170	9.81
2158	21215	9.83
2159	21007	9.73
2160	21576	9.99
2161	21339	9.87
2162	21142	9.78
2163	21287	9.84
2164	21474	9.92
2165	21398	9.88
2166	21393	9.88
2167	21702	10.01
2168	21495	9.91
2169	21533	9.93
2170	21685	9.99
2171	21136	9.74
2172	22090	10.17
2173	21378	9.84
2174	21894	10.07
2175	21785	10.02
2176	21635	9.94
2177	21252	9.76
2178	21464	9.85
2179	21164	9.71
2180	21543	9.88
2181	21715	9.96
2182	21663	9.93
2183	21734	9.96
2184	21455	9.82
2185	21451	9.82
2186	21580	9.87
2187	22287	10.19
2188	21308	9.74
2189	21375	9.76
2190	21520	9.83
2191	21603	9.86
2192	21571	9.84
2193	24551	11.20
2194	21572	9.83
2195	21545	9.82
2196	21489	9.79
2197	21634	9.85
2198	21749	9.89
2199	21717	9.88
2200	22413	10.19
2201	22337	10.15
2202	21575	9.80
2203	21707	9.85
2204	22091	10.02
2205	21598	9.80
2206	21911	9.93
2207	22068	10.00
2208	21867	9.90
2209	22062	9.99
2210	21833	9.88
2211	21909	9.91
2212	21918	9.91
2213	21953	9.92
2214	21692	9.80
2215	22152	10.00
2216	21813	9.84
2217	21914	9.88
2218	22461	10.13
2219	21702	9.78
2220	21917	9.87
2221	21647	9.75
2222	21766	9.80
2223	21970	9.88
2224	21992	9.89
2225	21858	9.82
2226	21983	9.88
2227	22306	10.02
2228	21976	9.86
2229	21901	9.83
2230	22049	9.89
2231	21821	9.78
2232	22292	9.99
2233	21885	9.80
2234	22142	9.91
2235	21936	9.81
2236	22054	9.86
2237	21986	9.83
2238	22269	9.95
2239	22053	9.85
2240	22428	10.01
2241	22313	9.96
2242	21991	9.81
2243	22007	9.81
2244	22147	9.87
2245	22424	9.99
2246	22180	9.88
2247	22057	9.82
2248	22031	9.80
2249	22052	9.81
2250	22192	9.86
2251	22409	9.96
2252	22553	10.01
2253	22443	9.96
2254	22613	10.03
2255	22210	9.85
2256	22275	9.87
2257	22121	9.80
2258	22173	9.82
2259	22233	9.84
2260	22301	9.87
2261	22167	9.80
2262	22902	10.12
2263	22299	9.85
2264	22018	9.73
2265	22294	9.84
2266	22236	9.81
2267	22226	9.80
2268	22213	9.79
2269	22064	9.72
2270	22379	9.86
2271	22176	9.76
2272	23090	10.16
2273	22117	9.73
2274	22313	9.81
2275	23041	10.13
2276	22272	9.79
2277	22256	9.77
2278	22151	9.72
2279	22160	9.72
2280	23009	10.09
2281	22345	9.80
2282	22449	9.84
2283	22476	9.84
2284	22221	9.73
2285	23353	10.22
2286	22332	9.77
2287	22511	9.84
2288	22560	9.86
2289	22965	10.03
2290	22328	9.75
2291	22583	9.86
2292	22971	10.02
2293	22249	9.70
2294	22731	9.91
2295	23815	10.38
2296	22742	9.91
2297	22898	9.97
2298	23108	10.06
2299	23002	10.01
2300	26178	11.38
2301	23391	10.17
2302	22484	9.77
2303	22380	9.72
2304	22334	9.69
2305	23681	10.27
2306	22836	9.90
2307	23727	10.28
2308	22993	9.96
2309	22625	9.80
2310	22495	9.74
2311	22661	9.81
2312	22496	9.73
2313	22517	9.73
2314	23603	10.20
2315	22585	9.76
2316	22819	9.85
2317	23051	9.95
2318	22831	9.85
2319	22540	9.72
2320	22606	9.74
2321	22908	9.87
2322	22939	9.88
2323	22563	9.71
2324	22605	9.73
2325	23180	9.97
2326	22614	9.72
2327	23361	10.04
2328	22891	9.83
2329	22664	9.73
2330	23026	9.88
2331	23713	10.17
2332	22976	9.85
2333	23323	10.00
2334	23318	9.99
2335	22878	9.80
2336	22886	9.80
2337	23713	10.15
2338	23054	9.86
2339	22729	9.72
2340	24006	10.26
2341	22804	9.74
2342	23404	9.99
2343	23265	9.93
2344	23633	10.08
2345	23023	9.82
2346	23148	9.87
2347	22825	9.73
2348	22989	9.79
2349	23100	9.83
2350	23428	9.97
2351	22969	9.77
2352	23053	9.80
2353	22819	9.70
2354	23037	9.79
2355	23020	9.77
2356	22813	9.68
2357	22848	9.69
2358	24003	10.18
2359	23726	10.06
2360	23111	9.79
2361	23135	9.80
2362	23246	9.84
2363	22884	9.68
2364	23258	9.84
2365	23432	9.91
2366	23522	9.94
2367	23066	9.74
2368	22931	9.68
2369	22983	9.70
2370	23469	9.90
2371	23313	9.83
2372	23217	9.79
2373	23418	9.87
2374	32640	13.75
2375	24473	10.30
2376	23555	9.91
2377	23834	10.03
2378	23866	10.04
2379	23433	9.85
2380	23837	10.02
2381	22969	9.65
2382	23909	10.04
2383	22992	9.65
2384	23605	9.90
2385	23675	9.93
2386	23494	9.85
2387	23039	9.65
2388	23734	9.94
2389	23179	9.70
2390	28106	11.76
2391	23657	9.89
2392	23058	9.64
2393	23445	9.80
2394	25160	10.51
2395	23695	9.89
2396	23334	9.74
2397	24935	10.40
2398	23332	9.73
2399	23152	9.65
2400	23486	9.79
2401	24095	10.04
2402	23216	9.67
2403	24243	10.09
2404	23500	9.78
2405	23182	9.64
2406	23385	9.72
2407	24129	10.02
2408	23512	9.76
2409	23643	9.81
2410	23909	9.92
2411	23393	9.70
2412	23720	9.83
2413	23559	9.76
2414	23699	9.82
2415	23949	9.92
2416	24538	10.16
2417	23899	9.89
2418	23489	9.71
2419	23649	9.78
2420	23823	9.84
2421	24386	10.07
2422	23603	9.75
2423	23944	9.88
2424	23600	9.74
2425	23736	9.79
2426	23995	9.89
2427	23383	9.63
2428	23777	9.79
2429	23725	9.77
2430	23602	9.71
2431	23421	9.63
2432	24001	9.87
2433	23714	9.75
2434	23695	9.74
2435	24193	9.94
2436	23828	9.78
2437	24243	9.95
2438	23891	9.80
2439	23962	9.82
2440	23666	9.70
2441	24641	10.09
2442	23946	9.81
2443	24258	9.93
2444	24251	9.92
2445	24502	10.02
2446	23869	9.76
2447	24323	9.94
2448	23797	9.72
2449	23929	9.77
2450	25353	10.35
2451	23933	9.76
2452	23749	9.69
2453	24354	9.93
2454	23848	9.72
2455	23900	9.74
2456	24350	9.91
2457	23902	9.73
2458	23907	9.73
2459	24251	9.86
2460	23922	9.72
2461	23972	9.74
2462	24036	9.76
2463	23878	9.69
2464	23986	9.73
2465	24053	9.76
2466	23902	9.69
2467	24259	9.83
2468	24526	9.94
2469	24433	9.90
2470	24014	9.72
2471	24161	9.78
2472	25258	10.22
2473	24018	9.71
2474	23971	9.69
2475	24382	9.85
2476	23821	9.62
2477	24229	9.78
2478	24257	9.79
2479	24145	9.74
2480	24629	9.93
2481	24390	9.83
2482	24686	9.95
2483	23910	9.63
2484	24746	9.96
2485	24099	9.70
2486	23935	9.63
2487	24747	9.95
2488	24097	9.69
2489	24444	9.82
2490	24755	9.94
2491	24576	9.87
2492	24295	9.75
2493	24654	9.89
2494	24454	9.81
2495	24004	9.62
2496	24941	9.99
2497	24724	9.90
2498	24643	9.87
2499	24603	9.85
2500	24492	9.80
2501	24538	9.81
2502	24689	9.87
2503	24460	9.77
2504	24720	9.87
2505	24241	9.68
2506	24600	9.82
2507	24364	9.72
2508	24731	9.86
2509	24499	9.76
2510	24213	9.65
2511	24516	9.76
2512	24912	9.92
2513	24795	9.87
2514	25227	10.03
2515	25030	9.95
2516	24666	9.80
2517	24194	9.61
2518	24584	9.76
2519	24223	9.62
2520	25221	10.01
2521	24647	9.78
2522	24624	9.76
2523	24363	9.66
2524	24617	9.75
2525	24719	9.79
2526	24932	9.87
2527	24895	9.85
2528	25211	9.97
2529	24372	9.64
2530	24324	9.61
2531	24860	9.82
2532	25383	10.02
2533	24681	9.74
2534	24506	9.67
2535	24544	9.68
2536	24766	9.77
2537	24548	9.68
2538	25873	10.19
2539	24606	9.69
2540	24879	9.79
2541	25316	9.96
2542	24910	9.80
2543	24614	9.68
2544	25433	10.00
2545	24595	9.66
2546	24891	9.78
2547	25417	9.98
2548	24918	9.78
2549	24945	9.79
2550	24608	9.65
2551	24825	9.73
2552	24720	9.69
2553	25578	10.02
2554	24722	9.68
2555	24575	9.62
2556	25030	9.79
2557	24704	9.66
2558	24884	9.73
2559	25244	9.86
2560	24740	9.66
2561	24894	9.72
2562	25560	9.98
2563	25252	9.85
2564	24911	9.72
2565	25242	9.84
2566	25383	9.89
2567	28238	11.00
2568	25150	9.79
2569	25068	9.76
2570	25133	9.78
2571	25715	10.00
2572	25247	9.82
2573	25137	9.77
2574	25395	9.87
2575	25252	9.81
2576	25461	9.88
2577	24918	9.67
2578	24989	9.69
2579	25149	9.75
2580	25643	9.94
2581	25217	9.77
2582	25079	9.71
2583	25176	9.75
2584	25383	9.82
2585	25374	9.82
2586	25082	9.70
2587	25045	9.68
2588	26506	10.24
2589	25769	9.95
2590	24993	9.65
2591	25291	9.76
2592	25076	9.67
2593	24904	9.60
2594	25680	9.90
2595	25611	9.87
2596	25241	9.72
2597	25245	9.72
2598	25391	9.77
2599	25391	9.77
2600	25730	9.90
2601	25591	9.84
2602	25199	9.68
2603	25706	9.88
2604	25336	9.73
2605	24994	9.59
2606	25388	9.74
2607	25300	9.70
2608	25258	9.68
2609	26341	10.10
2610	25040	9.59
2611	25434	9.74
2612	25932	9.93
2613	25171	9.63
2614	25593	9.79
2615	25657	9.81
2616	25362	9.69
2617	25068	9.58
2618	25881	9.89
2619	25625	9.78
2620	25658	9.79
2621	25139	9.59
2622	25409	9.69
2623	25588	9.76
2624	25471	9.71
2625	25494	9.71
2626	25687	9.78
2627	25534	9.72
2628	25680	9.77
2629	25832	9.83
2630	25711	9.78
2631	25502	9.69
2632	25753	9.78
2633	25602	9.72
2634	25501	9.68
2635	25867	9.82
2636	25574	9.70
2637	25783	9.78
2638	27964	10.60
2639	25289	9.58
2640	25395	9.62
2641	26297	9.96
2642	25802	9.77
2643	26043	9.85
2644	25925	9.81
2645	25431	9.61
2646	25981	9.82
2647	25899	9.78
2648	25752	9.73
2649	26180	9.88
2650	25454	9.61
2651	25694	9.69
2652	26384	9.95
2653	26042	9.82
2654	26046	9.81
2655	25945	9.77
2656	25896	9.75
2657	26092	9.82
2658	26038	9.80
2659	25683	9.66
2660	25588	9.62
2661	25928	9.74
2662	25890	9.73
2663	26241	9.85
2664	26132	9.81
2665	26179	9.82
2666	25556	9.59
2667	27018	10.13
2668	25727	9.64
2669	26032	9.75
2670	26392	9.88
2671	25611	9.59
2672	25985	9.72
2673	26631	9.96
2674	25872	9.68
2675	25979	9.71
2676	25876	9.67
2677	25669	9.59
2678	25964	9.70
2679	25675	9.58
2680	26267	9.80
2681	26420	9.85
2682	26255	9.79
2683	26147	9.75
2684	27459	10.23
2685	26109	9.72
2686	26781	9.97
2687	25766	9.59
2688	26052	9.69
2689	26346	9.80
2690	26722	9.93
2691	28764	10.69
2692	26915	10.00
2693	25963	9.64
2694	26073	9.68
2695	25982	9.64
2696	26314	9.76
2697	26334	9.76
2698	26618	9.87
2699	26294	9.74
2700	26222	9.71
2701	25958	9.61
2702	26060	9.64
2703	26690	9.87
2704	26195	9.69
2705	29509	10.91
2706	26006	9.61
2707	26132	9.65
2708	27743	10.24
2709	26137	9.65
2710	26454	9.76
2711	26353	9.72
2712	26561	9.79
2713	26187	9.65
2714	26274	9.68
2715	26436	9.74
2716	26180	9.64
2717	26258	9.66
2718	26247	9.66
2719	26302	9.67
2720	26161	9.62
2721	26335	9.68
2722	26123	9.60
2723	26509	9.74
2724	26294	9.65
2725	26320	9.66
2726	27078	9.93
2727	26259	9.63
2728	27029	9.91
2729	26842	9.84
2730	26648	9.76
2731	26753	9.80
2732	26646	9.75
2733	26422	9.67
2734	27149	9.93
2735	26494	9.69
2736	27167	9.93
2737	26853	9.81
2738	26381	9.64
2739	26388	9.63
2740	27656	10.09
2741	26379	9.62
2742	26908	9.81
2743	26658	9.72
2744	26489	9.65
2745	26524	9.66
2746	26471	9.64
2747	26642	9.70
2748	26661	9.70
2749	26513	9.64
2750	29643	10.78
2751	27795	10.10
2752	26532	9.64
2753	26931	9.78
2754	26903	9.77
2755	26437	9.60
2756	26711	9.69
2757	26610	9.65
2758	26687	9.68
2759	28121	10.19
2760	26535	9.61
2761	26931	9.75
2762	27255	9.87
2763	26724	9.67
2764	26578	9.62
2765	27380	9.90
2766	27227	9.84
2767	27380	9.90
2768	27062	9.78
2769	26754	9.66
2770	27223	9.83
2771	26992	9.74
2772	27063	9.76
2773	27156	9.79
2774	26687	9.62
2775	27184	9.80
2776	27351	9.85
2777	26554	9.56
2778	27693	9.97
2779	27101	9.75
2780	26748	9.62
2781	27858	10.02
2782	27076	9.73
2783	26848	9.65
2784	27342	9.82
2785	27076	9.72
2786	27223	9.77
2787	26972	9.68
2788	27246	9.77
2789	27263	9.78
2790	27047	9.69
2791	26843	9.62
2792	27446	9.83
2793	26721	9.57
2794	30250	10.83
2795	26975	9.65
2796	27220	9.74
2797	27879	9.97
2798	26857	9.60
2799	26948	9.63
2800	27587	9.85
2801	26763	9.55
2802	26911	9.60
2803	27639	9.86
2804	26798	9.56
2805	32220	11.49
2806	33534	11.95
2807	29796	10.61
2808	29036	10.34
2809	27675	9.85
2810	27524	9.80
2811	27424	9.76
2812	30478	10.84
2813	29535	10.50
2814	27407	9.74
2815	27808	9.88
2816	27884	9.90
2817	27268	9.68
2818	27060	9.60
2819	27211	9.65
2820	27073	9.60
2821	27510	9.75
2822	27398	9.71
2823	27568	9.77
2824	36669	12.98
2825	36186	12.81
2826	42596	15.07
2827	31711	11.22
2828	31425	11.11
2829	31315	11.07
2830	31292	11.06
2831	31723	11.21
2832	31529	11.13
2833	31674	11.18
2834	32332	11.41
2835	30540	10.77
2836	31109	10.97
2837	30969	10.92
2838	31297	11.03
2839	31055	10.94
2840	31168	10.97
2841	31388	11.05
2842	39410	13.87
2843	30002	10.55
2844	28402	9.99
2845	28908	10.16
2846	28122	9.88
2847	30066	10.56
2848	28053	9.85
2849	27757	9.74
2850	28527	10.01
2851	28111	9.86
2852	28230	9.90
2853	28584	10.02
2854	28030	9.82
2855	27751	9.72
2856	27645	9.68
2857	28447	9.96
2858	27682	9.69
2859	28062	9.82
2860	28678	10.03
2861	28432	9.94
2862	31655	11.06
2863	32004	11.18
2864	31446	10.98
2865	33008	11.52
2866	31627	11.04
2867	31255	10.90
2868	31642	11.03
2869	31892	11.12
2870	32369	11.28
2871	31457	10.96
2872	32139	11.19
2873	31934	11.12
2874	31738	11.04
2875	32224	11.21
2876	31587	10.98
2877	32293	11.22
2878	34283	11.91
2879	28484	9.89
2880	29291	10.17
2881	28533	9.90
2882	28145	9.77
2883	29292	10.16
2884	28164	9.77
2885	28054	9.72
2886	27814	9.64
2887	28511	9.88
2888	28075	9.72
2889	28433	9.84
2890	28402	9.83
2891	28822	9.97
2892	27938	9.66
2893	31357	10.84
2894	28421	9.82
2895	28025	9.68
2896	28067	9.69
2897	28228	9.74
2898	28139	9.71
2899	28069	9.68
2900	28628	9.87
2901	28253	9.74
2902	28118	9.69
2903	28308	9.75
2904	28654	9.87
2905	28164	9.70
2906	28135	9.68
2907	28192	9.70
2908	28539	9.81
2909	28370	9.75
2910	29313	10.07
2911	28110	9.66
2912	28431	9.76
2913	28551	9.80
2914	28562	9.80
2915	28220	9.68
2916	28103	9.64
2917	28729	9.85
2918	28103	9.63
2919	28780	9.86
2920	29268	10.02
2921	29077	9.95
2922	29579	10.12
2923	28553	9.77
2924	29280	10.01
2925	28667	9.80
2926	28849	9.86
2927	28438	9.72
2928	28563	9.76
2929	28638	9.78
2930	28810	9.83
2931	28603	9.76
2932	28646	9.77
2933	31614	10.78
2934	28317	9.65
2935	28550	9.73
2936	28521	9.71
2937	28420	9.68
2938	29094	9.90
2939	28650	9.75
2940	28592	9.73
2941	28598	9.72
2942	28527	9.70
2943	28838	9.80
2944	28854	9.80
2945	29217	9.92
2946	28882	9.80
2947	28763	9.76
2948	28969	9.83
2949	28733	9.74
2950	28985	9.83
2951	29019	9.83
2952	28742	9.74
2953	28686	9.71
2954	28857	9.77
2955	28583	9.67
2956	28774	9.73
2957	28812	9.74
2958	28955	9.79
2959	28803	9.73
2960	28596	9.66
2961	29088	9.82
2962	29074	9.82
2963	28874	9.74
2964	28737	9.70
2965	28814	9.72
2966	29771	10.04
2967	28739	9.69
2968	28635	9.65
2969	29621	9.98
2970	28728	9.67
2971	29350	9.88
2972	28542	9.60
2973	28796	9.69
2974	28895	9.72
2975	28822	9.69
2976	29262	9.83
2977	28874	9.70
2978	29016	9.74
2979	28883	9.70
2980	28995	9.73
2981	29204	9.80
2982	28769	9.65
2983	29191	9.79
2984	29037	9.73
2985	29375	9.84
2986	29153	9.76
2987	29661	9.93
2988	28917	9.68
2989	29310	9.81
2990	28729	9.61
2991	28877	9.65
2992	29266	9.78
2993	28782	9.62
2994	29590	9.88
2995	28894	9.65
2996	29356	9.80
2997	29009	9.68
2998	28953	9.66
2999	29422	9.81
3000	28962	9.65
3001	28960	9.65
3002	29291	9.76
3003	29479	9.82
3004	29044	9.67
3005	29051	9.67
3006	29175	9.71
3007	29647	9.86
3008	29643	9.85
3009	29454	9.79
3010	29410	9.77
3011	29571	9.82
3012	29489	9.79
3013	29208	9.69
3014	28979	9.61
3015	29499	9.78
3016	29013	9.62
3017	29630	9.82
3018	29235	9.69
3019	29631	9.81
3020	29943	9.91
3021	29545	9.78
3022	29231	9.67
3023	29235	9.67
3024	29339	9.70
3025	29634	9.80
3026	29349	9.70
3027	29517	9.75
3028	29453	9.73
3029	30365	10.02
3030	29513	9.74
3031	29202	9.63
3032	29623	9.77
3033	29691	9.79
3034	29204	9.63
3035	29720	9.79
3036	29317	9.66
3037	29904	9.85
3038	29339	9.66
3039	29278	9.63
3040	29235	9.62
3041	29369	9.66
3042	29653	9.75
3043	29480	9.69
3044	29679	9.75
3045	29872	9.81
3046	29613	9.72
3047	29483	9.68
3048	29314	9.62
3049	29478	9.67
3050	30213	9.91
3051	29432	9.65
3052	29987	9.83
3053	32671	10.70
3054	29632	9.70
3055	29634	9.70
3056	29664	9.71
3057	29321	9.59
3058	29580	9.67
3059	29561	9.66
3060	29412	9.61
3061	29826	9.74
3062	29589	9.66
3063	29515	9.64
3064	29492	9.63
3065	29523	9.63
3066	29438	9.60
3067	30570	9.97
3068	30083	9.81
3069	29484	9.61
3070	30469	9.92
3071	29632	9.65
3072	29572	9.63
3073	29745	9.68
3074	29833	9.70
3075	30134	9.80
3076	29765	9.68
3077	29909	9.72
3078	29603	9.62
3079	29700	9.65
3080	29825	9.68
3081	29621	9.61
3082	30118	9.77
3083	30236	9.81
3084	29954	9.71
3085	29598	9.59
3086	29575	9.58
3087	30464	9.87
3088	30165	9.77
3089	30007	9.71
3090	30948	10.02
3091	30645	9.91
3092	30236	9.78
3093	35781	11.57
3094	29900	9.66
3095	30937	10.00
3096	30382	9.81
3097	30330	9.79
3098	30209	9.75
3099	29978	9.67
3100	30061	9.70
3101	30322	9.78
3102	30351	9.78
3103	30076	9.69
3104	29960	9.65
3105	30422	9.80
3106	30525	9.83
3107	30184	9.71
3108	30169	9.71
3109	29744	9.57
3110	30734	9.88
3111	30447	9.79
3112	30379	9.76
3113	30186	9.70
3114	30633	9.84
3115	30237	9.71
3116	30208	9.69
3117	30787	9.88
3118	30139	9.67
3119	30325	9.72
3120	30260	9.70
3121	29826	9.56
3122	30290	9.70
3123	30125	9.65
3124	30468	9.75
3125	30313	9.70
3126	30452	9.74
3127	30929	9.89
3128	30338	9.70
3129	30416	9.72
3130	29892	9.55
3131	30999	9.90
3132	33529	10.71
3133	30410	9.71
3134	31052	9.91
3135	29926	9.55
3136	30648	9.77
3137	30306	9.66
3138	30310	9.66
3139	30854	9.83
3140	30432	9.69
3141	31334	9.98
3142	30337	9.66
3143	30549	9.72
3144	37776	12.02
3145	31135	9.90
3146	32634	10.37
3147	30044	9.55
3148	31740	10.08
3149	30255	9.61
3150	30984	9.84
3151	31239	9.91
3152	30590	9.70
3153	33614	10.66
3154	30465	9.66
3155	31261	9.91
3156	30358	9.62
3157	31165	9.87
3158	30805	9.75
3159	30611	9.69
3160	30725	9.72
3161	31227	9.88
3162	31157	9.85
3163	30627	9.68
3164	30509	9.64
3165	30653	9.68
3166	30794	9.73
3167	31060	9.81
3168	30604	9.66
3169	30793	9.72
3170	30634	9.66
3171	30752	9.70
3172	30997	9.77
3173	30766	9.70
3174	32208	10.15
3175	30865	9.72
3176	30645	9.65
3177	30951	9.74
3178	30730	9.67
3179	30943	9.73
3180	30379	9.55
3181	30769	9.67
3182	30944	9.72
3183	30423	9.56
3184	31598	9.92
3185	47782	15.00
3186	30938	9.71
3187	32240	10.12
3188	32769	10.28
3189	31331	9.82
3190	30975	9.71
3191	31314	9.81
3192	30984	9.71
3193	32091	10.05
3194	31414	9.84
3195	31253	9.78
3196	30842	9.65
3197	31085	9.72
3198	30778	9.62
3199	30960	9.68
3200	30944	9.67
3201	30811	9.63
3202	31161	9.73
3203	31381	9.80
3204	31681	9.89
3205	31312	9.77
3206	30925	9.65
3207	31161	9.72
3208	31162	9.71
3209	30967	9.65
3210	30903	9.63
3211	31297	9.75
3212	31092	9.68
3213	30840	9.60
3214	31394	9.77
3215	30872	9.60
3216	32096	9.98
3217	31289	9.73
3218	31149	9.68
3219	32143	9.99
3220	30833	9.58
3221	31419	9.75
3222	31130	9.66
3223	31559	9.79
3224	35504	11.01
3225	31201	9.67
3226	31313	9.71
3227	31317	9.70
3228	31365	9.72
3229	31308	9.70
3230	31574	9.78
3231	31316	9.69
3232	31385	9.71
3233	31349	9.70
3234	32631	10.09
3235	31001	9.58
3236	31323	9.68
3237	31029	9.59
3238	31365	9.69
3239	31430	9.70
3240	32022	9.88
3241	32470	10.02
3242	31321	9.66
3243	31910	9.84
3244	31352	9.66
3245	31414	9.68
3246	31137	9.59
3247	32353	9.96
3248	32018	9.86
3249	31717	9.76
3250	31667	9.74
3251	32340	9.95
3252	31306	9.63
3253	31339	9.63
3254	31619	9.72
3255	31435	9.66
3256	31467	9.66
3257	32422	9.95
3258	31476	9.66
3259	31432	9.64
3260	32196	9.88
3261	31603	9.69
3262	31018	9.51
3263	31680	9.71
3264	31844	9.76
3265	31683	9.70
3266	32111	9.83
3267	31619	9.68
3268	31393	9.61
3269	32718	10.01
3270	31518	9.64
3271	31896	9.75
3272	34835	10.65
3273	31975	9.77
3274	31650	9.67
3275	31462	9.61
3276	31634	9.66
3277	32214	9.83
3278	32502	9.92
3279	31834	9.71
3280	31840	9.71
3281	31602	9.63
3282	32386	9.87
3283	31681	9.65
3284	32008	9.75
3285	31817	9.69
3286	31703	9.65
3287	32033	9.75
3288	32009	9.74
3289	32149	9.77
3290	31821	9.67
3291	32395	9.84
3292	31573	9.59
3293	32320	9.81
3294	31862	9.67
3295	31505	9.56
3296	32371	9.82
3297	32517	9.86
3298	35706	10.83
3299	31611	9.58
3300	32583	9.87
3301	32082	9.72
3302	31407	9.51
3303	31564	9.56
3304	31927	9.66
3305	31614	9.57
3306	31718	9.59
3307	32097	9.71
3308	31953	9.66
3309	32132	9.71
3310	32627	9.86
3311	31925	9.64
3312	33588	10.14
3313	38741	11.69
3314	34337	10.36
3315	31981	9.65
3316	32220	9.72
3317	32112	9.68
3318	31936	9.63
3319	32849	9.90
3320	32643	9.83
3321	32378	9.75
3322	32162	9.68
3323	32513	9.78
3324	32702	9.84
3325	31997	9.62
3326	32742	9.84
3327	32024	9.63
3328	32286	9.70
3329	32690	9.82
3330	32200	9.67
3331	32597	9.79
3332	32535	9.76
3333	31811	9.54
3334	32003	9.60
3335	31827	9.54
3336	32437	9.72
3337	32281	9.67
3338	32299	9.68
3339	32880	9.85
3340	32278	9.66
3341	32088	9.60
3342	32097	9.60
3343	32291	9.66
3344	32689	9.78
3345	32485	9.71
3346	34101	10.19
3347	32428	9.69
3348	32617	9.74
3349	34132	10.19
3350	32290	9.64
3351	32319	9.64
3352	32580	9.72
3353	32791	9.78
3354	32217	9.61
3355	32904	9.81
3356	33246	9.91
3357	36643	10.92
3358	32151	9.57
3359	32420	9.65
3360	32344	9.63
3361	32128	9.56
3362	32392	9.63
3363	32631	9.70
3364	32546	9.67
3365	32658	9.71
3366	32824	9.75
3367	32108	9.54
3368	32426	9.63
3369	32675	9.70
3370	32635	9.68
3371	32662	9.69
3372	32476	9.63
3373	32669	9.69
3374	32586	9.66
3375	32644	9.67
3376	32864	9.73
3377	32442	9.61
3378	33004	9.77
3379	32783	9.70
3380	32855	9.72
3381	32423	9.59
3382	32552	9.63
3383	32528	9.62
3384	32369	9.57
3385	32861	9.71
3386	32572	9.62
3387	32308	9.54
3388	32778	9.67
3389	32638	9.63
3390	32755	9.66
3391	32254	9.51
3392	32676	9.63
3393	32752	9.65
3394	33840	9.97
3395	32829	9.67
3396	33801	9.95
3397	32806	9.66
3398	32799	9.65
3399	32383	9.53
3400	32907	9.68
3401	32837	9.66
3402	32706	9.61
3403	36373	10.69
3404	33161	9.74
3405	33340	9.79
3406	32657	9.59
3407	32795	9.63
3408	32938	9.66
3409	32615	9.57
3410	33224	9.74
3411	32767	9.61
3412	32809	9.62
3413	33142	9.71
3414	33943	9.94
3415	32627	9.55
3416	33427	9.79
3417	33063	9.68
3418	32761	9.58
3419	33302	9.74
3420	32639	9.54
3421	32991	9.64
3422	32695	9.55
3423	33655	9.83
3424	32580	9.52
3425	32913	9.61
3426	33009	9.63
3427	32924	9.61
3428	33175	9.68
3429	32897	9.59
3430	32930	9.60
3431	33249	9.69
3432	34114	9.94
3433	32826	9.56
3434	33124	9.65
3435	39188	11.41
3436	33517	9.75
3437	35333	10.28
3438	33468	9.73
3439	33363	9.70
3440	33779	9.82
3441	37562	10.92
3442	35292	10.25
3443	34163	9.92
3444	34336	9.97
3445	33826	9.82
3446	33137	9.62
3447	33189	9.63
3448	33321	9.66
3449	33254	9.64
3450	34053	9.87
3451	34200	9.91
3452	33466	9.69
3453	33535	9.71
3454	33167	9.60
3455	33261	9.63
3456	33437	9.68
3457	33099	9.57
3458	33505	9.69
3459	33949	9.81
3460	33019	9.54
3461	32948	9.52
3462	33194	9.59
3463	33656	9.72
3464	33220	9.59
3465	33715	9.73
3466	33708	9.73
3467	33013	9.52
3468	33297	9.60
3469	33468	9.65
3470	33548	9.67
3471	32975	9.50
3472	33685	9.70
3473	33141	9.54
3474	33124	9.53
3475	32917	9.47
3476	33066	9.51
3477	33913	9.75
3478	33876	9.74
3479	33209	9.55
3480	33928	9.75
3481	32955	9.47
3482	33127	9.51
3483	33835	9.71
3484	33291	9.56
3485	33426	9.59
3486	33197	9.52
3487	33699	9.66
3488	33319	9.55
3489	33139	9.50
3490	33414	9.57
3491	33456	9.58
3492	33411	9.57
3493	34483	9.87
3494	34027	9.74
3495	33512	9.59
3496	33725	9.65
3497	33417	9.56
3498	33548	9.59
3499	33718	9.64
3500	33722	9.63
3501	33915	9.69
3502	33576	9.59
3503	33643	9.60
3504	33681	9.61
3505	33692	9.61
3506	33352	9.51
3507	33936	9.68
3508	33964	9.68
3509	34430	9.81
3510	33264	9.48
3511	34010	9.69
3512	37904	10.79
3513	33938	9.66
3514	33934	9.66
3515	33744	9.60
3516	33624	9.56
3517	33812	9.61
3518	33772	9.60
3519	33437	9.50
3520	34186	9.71
3521	33479	9.51
3522	34161	9.70
3523	33615	9.54
3524	33974	9.64
3525	33539	9.51
3526	34089	9.67
3527	34164	9.69
3528	33428	9.48
3529	34249	9.71
3530	33997	9.63
3531	33884	9.60
3532	33799	9.57
3533	34457	9.75
3534	33786	9.56
3535	33939	9.60
3536	34079	9.64
3537	34628	9.79
3538	33954	9.60
3539	33956	9.59
3540	33870	9.57
3541	33964	9.59
3542	34348	9.70
3543	33554	9.47
3544	33802	9.54
3545	33975	9.58
3546	34271	9.66
3547	38280	10.79
3548	34282	9.66
3549	33994	9.58
3550	33803	9.52
3551	34170	9.62
3552	33818	9.52
3553	33828	9.52
3554	34035	9.58
3555	34290	9.65
3556	34206	9.62
3557	34982	9.83
3558	33980	9.55
3559	34165	9.60
3560	33748	9.48
3561	34013	9.55
3562	33945	9.53
3563	34326	9.63
3564	34657	9.72
3565	34646	9.72
3566	34030	9.54
3567	33995	9.53
3568	34297	9.61
3569	33974	9.52
3570	34163	9.57
3571	34059	9.54
3572	34131	9.56
3573	34386	9.62
3574	34272	9.59
3575	34029	9.52
3576	34152	9.55
3577	33807	9.45
3578	34469	9.63
3579	34408	9.61
3580	34306	9.58
3581	35274	9.85
3582	34133	9.53
3583	33884	9.46
3584	34274	9.56
3585	34516	9.63
3586	34662	9.67
3587	34435	9.60
3588	34420	9.59
3589	34429	9.59
3590	34611	9.64
3591	34681	9.66
3592	34038	9.48
3593	34483	9.60
3594	34514	9.60
3595	34247	9.53
3596	34320	9.54
3597	34333	9.54
3598	34432	9.57
3599	35398	9.84
3600	34961	9.71
3601	34583	9.60
3602	34908	9.69
3603	34086	9.46
3604	34690	9.63
3605	34680	9.62
3606	36176	10.03
3607	34256	9.50
3608	34491	9.56
3609	34796	9.64
3610	35082	9.72
3611	34657	9.60
3612	34693	9.60
3613	34456	9.54
3614	34514	9.55
3615	34935	9.66
3616	35282	9.76
3617	35240	9.74
3618	34417	9.51
3619	34651	9.57
3620	34373	9.50
3621	34620	9.56
3622	34306	9.47
3623	34854	9.62
3624	34543	9.53
3625	35068	9.67
3626	34553	9.53
3627	35081	9.67
3628	34882	9.61
3629	34675	9.55
3630	34631	9.54
3631	34525	9.51
3632	34724	9.56
3633	40672	11.20
3634	35317	9.72
3635	34727	9.55
3636	35861	9.86
3637	34511	9.49
3638	34823	9.57
3639	34794	9.56
3640	35111	9.65
3641	34823	9.56
3642	34934	9.59
3643	35357	9.71
3644	35144	9.64
3645	35411	9.71
3646	34811	9.55
3647	35219	9.66
3648	34655	9.50
3649	35164	9.64
3650	34987	9.59
3651	34778	9.53
3652	35095	9.61
3653	35418	9.70
3654	34991	9.58
3655	34991	9.57
3656	35169	9.62
3657	34979	9.56
3658	35410	9.68
3659	34996	9.56
3660	35011	9.57
3661	35037	9.57
3662	35088	9.58
3663	35586	9.71
3664	35355	9.65
3665	35099	9.58
3666	36064	9.84
3667	35249	9.61
3668	35484	9.67
3669	35236	9.60
3670	35371	9.64
3671	35291	9.61
3672	36495	9.94
3673	35262	9.60
3674	36412	9.91
3675	35302	9.61
3676	35717	9.72
3677	35375	9.62
3678	35710	9.71
3679	37996	10.33
3680	36481	9.91
3681	35091	9.53
3682	35850	9.74
3683	35938	9.76
3684	35840	9.73
3685	35228	9.56
3686	35330	9.58
3687	35278	9.57
3688	35808	9.71
3689	35752	9.69
3690	35279	9.56
3691	35105	9.51
3692	35379	9.58
3693	35558	9.63
3694	35275	9.55
3695	35550	9.62
3696	35718	9.66
3697	35726	9.66
3698	35256	9.53
3699	35819	9.68
3700	35652	9.64
3701	36265	9.80
3702	35404	9.56
3703	35813	9.67
3704	35163	9.49
3705	39309	10.61
3706	35762	9.65
3707	35301	9.52
3708	35436	9.56
3709	36697	9.89
3710	35213	9.49
3711	39073	10.53
3712	35001	9.43
3713	35492	9.56
3714	35829	9.65
3715	36034	9.70
3716	35577	9.57
3717	35854	9.65
3718	35088	9.44
3719	35197	9.46
3720	36021	9.68
3721	35352	9.50
3722	35362	9.50
3723	35330	9.49
3724	35309	9.48
3725	35293	9.47
3726	36257	9.73
3727	35853	9.62
3728	36360	9.75
3729	35638	9.56
3730	35609	9.55
3731	35653	9.56
3732	36097	9.67
3733	35599	9.54
3734	35635	9.54
3735	35378	9.47
3736	36053	9.65
3737	35907	9.61
3738	36362	9.73
3739	35245	9.43
3740	35596	9.52
3741	35279	9.43
3742	35352	9.45
3743	35719	9.54
3744	39697	10.60
3745	36386	9.72
3746	35575	9.50
3747	35986	9.60
3748	35842	9.56
3749	36753	9.80
3750	35850	9.56
3751	35824	9.55
3752	35850	9.55
3753	35860	9.56
3754	36159	9.63
3755	36128	9.62
3756	36176	9.63
3757	35595	9.47
3758	35971	9.57
3759	36429	9.69
3760	35655	9.48
3761	36288	9.65
3762	36344	9.66
3763	36546	9.71
3764	35538	9.44
3765	36384	9.66
3766	36324	9.65
3767	35954	9.54
3768	35841	9.51
3769	36206	9.61
3770	35801	9.50
3771	39452	10.46
3772	36026	9.55
3773	36076	9.56
3774	36418	9.65
3775	35961	9.53
3776	36475	9.66
3777	36106	9.56
3778	36139	9.57
3779	36079	9.55
3780	36058	9.54
3781	36302	9.60
3782	36148	9.56
3783	36419	9.63
3784	36021	9.52
3785	36204	9.57
3786	36303	9.59
3787	36144	9.54
3788	36287	9.58
3789	36206	9.56
3790	37513	9.90
3791	36224	9.56
3792	36542	9.64
3793	36270	9.56
3794	36433	9.60
3795	36391	9.59
3796	36302	9.56
3797	36523	9.62
3798	36455	9.60
3799	36320	9.56
3800	36802	9.68
3801	36308	9.55
3802	36692	9.65
3803	36237	9.53
3804	36278	9.54
3805	36220	9.52
3806	36491	9.59
3807	36378	9.56
3808	36736	9.65
3809	36404	9.56
3810	39804	10.45
3811	36429	9.56
3812	36804	9.65
3813	36399	9.55
3814	36702	9.62
3815	36434	9.55
3816	36188	9.48
3817	36460	9.55
3818	36827	9.65
3819	36440	9.54
3820	36517	9.56
3821	36505	9.55
3822	38163	9.99
3823	36263	9.49
3824	36331	9.50
3825	36257	9.48
3826	36867	9.64
3827	36675	9.58
3828	36805	9.61
3829	36802	9.61
3830	37021	9.67
3831	36565	9.54
3832	36777	9.60
3833	37044	9.66
3834	36556	9.53
3835	36616	9.55
3836	37148	9.68
3837	36883	9.61
3838	36825	9.59
3839	36617	9.54
3840	37096	9.66
3841	36989	9.63
3842	36498	9.50
3843	36476	9.49
3844	36879	9.59
3845	36933	9.61
3846	37026	9.63
3847	36571	9.51
3848	37132	9.65
3849	37024	9.62
3850	36938	9.59
3851	39711	10.31
3852	40649	10.55
3853	37073	9.62
3854	37941	9.84
3855	39182	10.16
3856	37626	9.76
3857	39815	10.32
3858	36532	9.47
3859	36536	9.47
3860	37426	9.70
3861	37372	9.68
3862	37213	9.64
3863	36736	9.51
3864	38777	10.04
3865	37281	9.65
3866	37277	9.64
3867	42895	11.09
3868	39290	10.16
3869	37315	9.64
3870	37736	9.75
3871	37476	9.68
3872	37355	9.65
3873	36978	9.55
3874	37676	9.73
3875	36882	9.52
3876	37768	9.74
3877	37222	9.60
3878	36685	9.46
3879	37363	9.63
3880	37035	9.55
3881	37725	9.72
3882	36692	9.45
3883	37175	9.57
3884	36864	9.49
3885	37585	9.67
3886	37520	9.66
3887	37502	9.65
3888	37053	9.53
3889	37183	9.56
3890	37202	9.56
3891	37741	9.70
3892	36848	9.47
3893	36999	9.50
3894	37556	9.64
3895	37617	9.66
3896	37697	9.68
3897	37747	9.69
3898	42177	10.82
3899	38554	9.89
3900	37627	9.65
3901	37285	9.56
3902	36891	9.45
3903	37629	9.64
3904	36884	9.45
3905	37081	9.50
3906	37465	9.59
3907	37174	9.51
3908	37102	9.49
3909	37424	9.57
3910	37090	9.49
3911	37341	9.55
3912	37326	9.54
3913	37572	9.60
3914	37710	9.63
3915	37981	9.70
3916	37754	9.64
3917	37385	9.54
3918	37614	9.60
3919	37757	9.63
3920	37519	9.57
3921	37710	9.62
3922	37311	9.51
3923	37471	9.55
3924	37383	9.53
3925	37221	9.48
3926	39203	9.99
3927	38954	9.92
3928	37770	9.62
3929	38691	9.85
3930	37915	9.65
3931	38009	9.67
3932	38852	9.88
3933	37926	9.64
3934	39230	9.97
3935	37571	9.55
3936	38322	9.74
3937	38326	9.73
3938	37502	9.52
3939	38247	9.71
3940	37793	9.59
3941	37571	9.53
3942	37972	9.63
3943	44015	11.16
3944	40733	10.33
3945	37659	9.55
3946	37279	9.45
3947	38659	9.79
3948	38356	9.72
3949	38142	9.66
3950	38555	9.76
3951	37977	9.61
3952	38371	9.71
3953	37903	9.59
3954	37928	9.59
3955	37992	9.61
3956	37796	9.55
3957	38065	9.62
3958	45711	11.55
3959	39737	10.04
3960	38084	9.62
3961	37994	9.59
3962	38507	9.72
3963	38079	9.61
3964	37750	9.52
3965	38794	9.78
3966	38723	9.76
3967	37637	9.49
3968	38129	9.61
3969	38630	9.73
3970	38302	9.65
3971	37927	9.55
3972	38403	9.67
3973	38839	9.78
3974	37937	9.55
3975	37681	9.48
3976	38391	9.66
3977	39113	9.83
3978	37788	9.50
3979	37913	9.53
3980	38472	9.67
3981	38829	9.75
3982	39080	9.81
3983	38361	9.63
3984	37810	9.49
3985	38308	9.61
3986	37992	9.53
3987	38609	9.68
3988	41774	10.47
3989	37910	9.50
3990	38026	9.53
3991	38097	9.55
3992	39162	9.81
3993	38619	9.67
3994	39895	9.99
3995	37951	9.50
3996	38856	9.72
3997	38219	9.56
3998	37726	9.44
3999	38454	9.62
4000	39123	9.78
