N	Total Time	Average CPE
1	47	47.00
2	48	24.00
3	55	18.33
4	86	21.50
5	115	23.00
6	113	18.83
7	229	32.71
8	122	15.25
9	125	13.89
10	140	14.00
11	163	14.82
12	158	13.17
13	192	14.77
14	176	12.57
15	136	9.07
16	141	8.81
17	354	20.82
18	364	20.22
19	354	18.63
20	363	18.15
21	371	17.67
22	353	16.05
23	238	10.35
24	836	34.83
25	255	10.20
26	261	10.04
27	268	9.93
28	274	9.79
29	279	9.62
30	292	9.73
31	296	9.55
32	298	9.31
33	357	10.82
34	371	10.91
35	359	10.26
36	366	10.17
37	372	10.05
38	385	10.13
39	401	10.28
40	391	9.78
41	406	9.90
42	403	9.60
43	414	9.63
44	427	9.70
45	426	9.47
46	430	9.35
47	448	9.53
48	449	9.35
49	453	9.24
50	468	9.36
51	476	9.33
52	484	9.31
53	505	9.53
54	521	9.65
55	515	9.36
56	520	9.29
57	527	9.25
58	576	9.93
59	536	9.08
60	541	9.02
61	553	9.07
62	566	9.13
63	573	9.10
64	577	9.02
65	800	12.31
66	634	9.61
67	641	9.57
68	646	9.50
69	648	9.39
70	652	9.31
71	665	9.37
72	668	9.28
73	669	9.16
74	693	9.36
75	692	9.23
76	696	9.16
77	707	9.18
78	705	9.04
79	742	9.39
80	717	8.96
81	731	9.02
82	757	9.23
83	904	10.89
84	747	8.89
85	1122	13.20
86	754	8.77
87	765	8.79
88	766	8.70
89	782	8.79
90	780	8.67
91	793	8.71
92	969	10.53
93	807	8.68
94	815	8.67
95	813	8.56
96	2825	29.43
97	828	8.54
98	833	8.50
99	857	8.66
100	1147	11.47
101	1021	10.11
102	1494	14.65
103	871	8.46
104	874	8.40
105	878	8.36
106	883	8.33
107	896	8.37
108	899	8.32
109	910	8.35
110	915	8.32
111	926	8.34
112	956	8.54
113	930	8.23
114	945	8.29
115	945	8.22
116	952	8.21
117	997	8.52
118	969	8.21
119	981	8.24
120	987	8.22
121	1001	8.27
122	997	8.17
123	999	8.12
124	1014	8.18
125	1010	8.08
126	1025	8.13
127	1091	8.59
128	1033	8.07
129	1335	10.35
130	1095	8.42
131	1126	8.60
132	1142	8.65
133	1199	9.02
134	1233	9.20
135	1212	8.98
136	1133	8.33
137	1135	8.28
138	1327	9.62
139	1146	8.24
140	1273	9.09
141	1186	8.41
142	1164	8.20
143	1188	8.31
144	1182	8.21
145	1223	8.43
146	1194	8.18
147	1661	11.30
148	1407	9.51
149	1217	8.17
150	1220	8.13
151	1377	9.12
152	1234	8.12
153	1913	12.50
154	1474	9.57
155	1452	9.37
156	1260	8.08
157	1319	8.40
158	1630	10.32
159	1287	8.09
160	1294	8.09
161	1291	8.02
162	1299	8.02
163	1310	8.04
164	1311	7.99
165	1323	8.02
166	1334	8.04
167	1333	7.98
168	1375	8.18
169	1346	7.96
170	1355	7.97
171	1355	7.92
172	1364	7.93
173	1372	7.93
174	1400	8.05
175	1382	7.90
176	1394	7.92
177	1411	7.97
178	1406	7.90
179	1445	8.07
180	1437	7.98
181	1887	10.43
182	1432	7.87
183	1442	7.88
184	1457	7.92
185	1460	7.89
186	1465	7.88
187	1465	7.83
188	1479	7.87
189	1483	7.85
190	1521	8.01
191	1499	7.85
192	1518	7.91
193	1506	7.80
194	1509	7.78
195	1526	7.83
196	3248	16.57
197	1564	7.94
198	1543	7.79
199	1579	7.93
200	1949	9.74
201	1760	8.76
202	1570	7.77
203	1781	8.77
204	1586	7.77
205	1584	7.73
206	1590	7.72
207	1597	7.71
208	1637	7.87
209	2005	9.59
210	1623	7.73
211	1630	7.73
212	1637	7.72
213	1794	8.42
214	1644	7.68
215	1657	7.71
216	1662	7.69
217	1730	7.97
218	1684	7.72
219	1682	7.68
220	1695	7.70
221	1899	8.59
222	1711	7.71
223	1709	7.66
224	1723	7.69
225	1722	7.65
226	1765	7.81
227	2094	9.22
228	1741	7.64
229	1753	7.66
230	1922	8.36
231	1770	7.66
232	2758	11.89
233	1793	7.70
234	1889	8.07
235	1797	7.65
236	1995	8.45
237	1801	7.60
238	1823	7.66
239	1820	7.62
240	2006	8.36
241	1830	7.59
242	1875	7.75
243	1854	7.63
244	1856	7.61
245	2059	8.40
246	1878	7.63
247	1874	7.59
248	1894	7.64
249	1935	7.77
250	1935	7.74
251	2299	9.16
252	1915	7.60
253	1913	7.56
254	1980	7.80
255	1937	7.60
256	1942	7.59
257	2311	8.99
258	2022	7.84
259	2376	9.17
260	2075	7.98
261	2008	7.69
262	2051	7.83
263	2202	8.37
264	2094	7.93
265	2076	7.83
266	2051	7.71
267	2048	7.67
268	2066	7.71
269	2093	7.78
270	2066	7.65
271	2069	7.63
272	2133	7.84
273	2428	8.89
274	2099	7.66
275	2105	7.65
276	2122	7.69
277	2117	7.64
278	2124	7.64
279	2163	7.75
280	2530	9.04
281	2141	7.62
282	2171	7.70
283	2322	8.20
284	2163	7.62
285	2315	8.12
286	2216	7.75
287	2551	8.89
288	2215	7.69
289	2219	7.68
290	2262	7.80
291	2495	8.57
292	2254	7.72
293	2245	7.66
294	2256	7.67
295	2238	7.59
296	2295	7.75
297	2265	7.63
298	2309	7.75
299	2312	7.73
300	3277	10.92
301	2341	7.78
302	2286	7.57
303	2312	7.63
304	2315	7.62
305	2355	7.72
306	2334	7.63
307	2334	7.60
308	2367	7.69
309	2359	7.63
310	2356	7.60
311	2390	7.68
312	2730	8.75
313	2369	7.57
314	2386	7.60
315	2618	8.31
316	2465	7.80
317	2432	7.67
318	2781	8.75
319	2432	7.62
320	2420	7.56
321	2437	7.59
322	2426	7.53
323	2477	7.67
324	2462	7.60
325	2450	7.54
326	2546	7.81
327	2479	7.58
328	2475	7.55
329	2510	7.63
330	2577	7.81
331	2488	7.52
332	2515	7.58
333	2511	7.54
334	2518	7.54
335	2558	7.64
336	2883	8.58
337	2540	7.54
338	2723	8.06
339	3458	10.20
340	2567	7.55
341	2638	7.74
342	2586	7.56
343	2587	7.54
344	2613	7.60
345	2611	7.57
346	2638	7.62
347	2609	7.52
348	2617	7.52
349	2647	7.58
350	2629	7.51
351	2645	7.54
352	2753	7.82
353	3062	8.67
354	2669	7.54
355	2698	7.60
356	2699	7.58
357	2679	7.50
358	2741	7.66
359	2690	7.49
360	2702	7.51
361	2737	7.58
362	2741	7.57
363	2784	7.67
364	2740	7.53
365	2743	7.52
366	2770	7.57
367	2749	7.49
368	2806	7.62
369	2784	7.54
370	2781	7.52
371	2788	7.51
372	2781	7.48
373	2815	7.55
374	2846	7.61
375	2818	7.51
376	3002	7.98
377	2817	7.47
378	2831	7.49
379	2903	7.66
380	2900	7.63
381	2869	7.53
382	3110	8.14
383	2869	7.49
384	2922	7.61
385	2887	7.50
386	2904	7.52
387	2899	7.49
388	2992	7.71
389	2944	7.57
390	2923	7.49
391	3244	8.30
392	2924	7.46
393	2939	7.48
394	2975	7.55
395	3322	8.41
396	2969	7.50
397	3006	7.57
398	2987	7.51
399	3094	7.75
400	3639	9.10
401	3001	7.48
402	3014	7.50
403	3044	7.55
404	3018	7.47
405	3018	7.45
406	3045	7.50
407	3029	7.44
408	3082	7.55
409	3396	8.30
410	3056	7.45
411	3196	7.78
412	3079	7.47
413	3108	7.53
414	3460	8.36
415	3096	7.46
416	3147	7.56
417	3101	7.44
418	3166	7.57
419	3113	7.43
420	3289	7.83
421	3523	8.37
422	3201	7.59
423	3155	7.46
424	3165	7.46
425	3174	7.47
426	3155	7.41
427	3205	7.51
428	3543	8.28
429	3193	7.44
430	3207	7.46
431	3220	7.47
432	3628	8.40
433	3203	7.40
434	3224	7.43
435	3224	7.41
436	3264	7.49
437	3241	7.42
438	3272	7.47
439	3654	8.32
440	3250	7.39
441	3627	8.22
442	3310	7.49
443	3302	7.45
444	3376	7.60
445	3339	7.50
446	3715	8.33
447	3470	7.76
448	3320	7.41
449	3481	7.75
450	3337	7.42
451	3440	7.63
452	3378	7.47
453	3354	7.40
454	3396	7.48
455	3366	7.40
456	3377	7.41
457	3397	7.43
458	3427	7.48
459	3387	7.38
460	3416	7.43
461	3402	7.38
462	3514	7.61
463	3421	7.39
464	3425	7.38
465	3603	7.75
466	3432	7.36
467	3468	7.43
468	3487	7.45
469	3641	7.76
470	3479	7.40
471	3492	7.41
472	3833	8.12
473	3496	7.39
474	4175	8.81
475	3589	7.56
476	3505	7.36
477	3658	7.67
478	3508	7.34
479	3643	7.61
480	3992	8.32
481	3692	7.68
482	3540	7.34
483	3598	7.45
484	3572	7.38
485	7999	16.49
486	3567	7.34
487	3599	7.39
488	3589	7.35
489	3607	7.38
490	4534	9.25
491	3674	7.48
492	3627	7.37
493	3625	7.35
494	3661	7.41
495	4181	8.45
496	3646	7.35
497	3857	7.76
498	3657	7.34
499	3735	7.48
500	4403	8.81
501	3845	7.67
502	3650	7.27
503	4099	8.15
504	3845	7.63
505	3718	7.36
506	3716	7.34
507	3694	7.29
508	3867	7.61
509	3711	7.29
510	3833	7.52
511	3720	7.28
512	3713	7.25
513	3784	7.38
514	3809	7.41
515	3792	7.36
516	3804	7.37
517	3786	7.32
518	3853	7.44
519	4168	8.03
520	4005	7.70
521	3848	7.39
522	4252	8.15
523	3848	7.36
524	3877	7.40
525	3856	7.34
526	3902	7.42
527	3875	7.35
528	3886	7.36
529	3922	7.41
530	3897	7.35
531	3907	7.36
532	3904	7.34
533	4094	7.68
534	3927	7.35
535	4095	7.65
536	4317	8.05
537	3978	7.41
538	3946	7.33
539	3954	7.34
540	3962	7.34
541	3991	7.38
542	4112	7.59
543	3984	7.34
544	4029	7.41
545	3997	7.33
546	4182	7.66
547	4007	7.33
548	4384	8.00
549	4019	7.32
550	4102	7.46
551	4037	7.33
552	4450	8.06
553	4225	7.64
554	4054	7.32
555	4089	7.37
556	4067	7.31
557	4162	7.47
558	4082	7.32
559	4130	7.39
560	4092	7.31
561	4102	7.31
562	4118	7.33
563	4455	7.91
564	4123	7.31
565	4136	7.32
566	4144	7.32
567	4139	7.30
568	4289	7.55
569	4199	7.38
570	4196	7.36
571	4421	7.74
572	4173	7.30
573	4751	8.29
574	4271	7.44
575	4191	7.29
576	4239	7.36
577	4560	7.90
578	4220	7.30
579	4582	7.91
580	4270	7.36
581	4231	7.28
582	4958	8.52
583	4349	7.46
584	4625	7.92
585	4296	7.34
586	4293	7.33
587	4274	7.28
588	4477	7.61
589	4288	7.28
590	4336	7.35
591	4317	7.30
592	4679	7.90
593	4358	7.35
594	4713	7.93
595	4382	7.36
596	4332	7.27
597	4388	7.35
598	4502	7.53
599	4353	7.27
600	5011	8.35
601	4577	7.62
602	4382	7.28
603	4474	7.42
604	4385	7.26
605	4879	8.06
606	4463	7.36
607	4408	7.26
608	4418	7.27
609	4555	7.48
610	4726	7.75
611	4603	7.53
612	4442	7.26
613	4643	7.57
614	4543	7.40
615	4566	7.42
616	4612	7.49
617	4622	7.49
618	4629	7.49
619	5029	8.12
620	4623	7.46
621	4780	7.70
622	4693	7.55
623	4620	7.42
624	4624	7.41
625	4659	7.45
626	4649	7.43
627	4816	7.68
628	4673	7.44
629	4666	7.42
630	4697	7.46
631	4700	7.45
632	4711	7.45
633	4721	7.46
634	4711	7.43
635	5121	8.06
636	4750	7.47
637	4777	7.50
638	5084	7.97
639	4766	7.46
640	4785	7.48
641	4836	7.54
642	4776	7.44
643	4782	7.44
644	4823	7.49
645	5031	7.80
646	4795	7.42
647	4889	7.56
648	4839	7.47
649	4813	7.42
650	5251	8.08
651	4956	7.61
652	4818	7.39
653	4852	7.43
654	5008	7.66
655	4839	7.39
656	4872	7.43
657	4847	7.38
658	4876	7.41
659	5007	7.60
660	4868	7.38
661	4875	7.38
662	4938	7.46
663	5134	7.74
664	4911	7.40
665	4955	7.45
666	5084	7.63
667	5084	7.62
668	4985	7.46
669	4951	7.40
670	4950	7.39
671	5338	7.96
672	5127	7.63
673	4970	7.38
674	5021	7.45
675	5162	7.65
676	5018	7.42
677	5043	7.45
678	5018	7.40
679	5364	7.90
680	5447	8.01
681	5024	7.38
682	5061	7.42
683	5050	7.39
684	5041	7.37
685	5100	7.45
686	5405	7.88
687	6004	8.74
688	5124	7.45
689	5421	7.87
690	5124	7.43
691	5539	8.02
692	5135	7.42
693	5107	7.37
694	5538	7.98
695	5118	7.36
696	5279	7.58
697	5145	7.38
698	5156	7.39
699	5217	7.46
700	6091	8.70
701	5176	7.38
702	5221	7.44
703	5366	7.63
704	5186	7.37
705	5975	8.48
706	5333	7.55
707	5232	7.40
708	5569	7.87
709	5235	7.38
710	5328	7.50
711	5236	7.36
712	5248	7.37
713	5685	7.97
714	5398	7.56
715	5268	7.37
716	5314	7.42
717	5264	7.34
718	5277	7.35
719	5354	7.45
720	5281	7.33
721	5349	7.42
722	5704	7.90
723	5314	7.35
724	5319	7.35
725	5679	7.83
726	5361	7.38
727	5367	7.38
728	5339	7.33
729	5344	7.33
730	5397	7.39
731	5562	7.61
732	5442	7.43
733	5376	7.33
734	5559	7.57
735	5499	7.48
736	5394	7.33
737	5397	7.32
738	5466	7.41
739	5425	7.34
740	5437	7.35
741	5506	7.43
742	5604	7.55
743	5452	7.34
744	5455	7.33
745	6107	8.20
746	5493	7.36
747	5474	7.33
748	5473	7.32
749	5968	7.97
750	5669	7.56
751	5551	7.39
752	5510	7.33
753	5754	7.64
754	5536	7.34
755	5892	7.80
756	5554	7.35
757	5550	7.33
758	5708	7.53
759	5594	7.37
760	5560	7.32
761	5561	7.31
762	6058	7.95
763	5577	7.31
764	5609	7.34
765	6045	7.90
766	5775	7.54
767	5652	7.37
768	6096	7.94
769	5652	7.35
770	5715	7.42
771	5653	7.33
772	5681	7.36
773	5673	7.34
774	5660	7.31
775	5718	7.38
776	5817	7.50
777	5702	7.34
778	5726	7.36
779	5696	7.31
780	5727	7.34
781	5704	7.30
782	5733	7.33
783	5775	7.38
784	5937	7.57
785	5762	7.34
786	5750	7.32
787	6082	7.73
788	6274	7.96
789	5769	7.31
790	5813	7.36
791	6417	8.11
792	5800	7.32
793	5878	7.41
794	5791	7.29
795	5798	7.29
796	5816	7.31
797	5880	7.38
798	5831	7.31
799	5968	7.47
800	6643	8.30
801	5839	7.29
802	5845	7.29
803	5873	7.31
804	5856	7.28
805	5858	7.28
806	6223	7.72
807	6660	8.25
808	6303	7.80
809	6059	7.49
810	5978	7.38
811	5897	7.27
812	5901	7.27
813	5982	7.36
814	5922	7.28
815	5944	7.29
816	6281	7.70
817	5938	7.27
818	6295	7.70
819	5939	7.25
820	6132	7.48
821	6485	7.90
822	6133	7.46
823	6360	7.73
824	5984	7.26
825	6498	7.88
826	5992	7.25
827	6387	7.72
828	6040	7.29
829	6022	7.26
830	6075	7.32
831	6036	7.26
832	6115	7.35
833	6045	7.26
834	6046	7.25
835	6458	7.73
836	6215	7.43
837	6101	7.29
838	6406	7.64
839	6077	7.24
840	6136	7.30
841	6117	7.27
842	6208	7.37
843	6231	7.39
844	6275	7.43
845	6564	7.77
846	6325	7.48
847	6168	7.28
848	6675	7.87
849	6351	7.48
850	6681	7.86
851	6161	7.24
852	6222	7.30
853	6391	7.49
854	6567	7.69
855	6347	7.42
856	6634	7.75
857	6207	7.24
858	6394	7.45
859	6762	7.87
860	6224	7.24
861	6752	7.84
862	10242	11.88
863	6263	7.26
864	6733	7.79
865	6743	7.80
866	6646	7.67
867	6288	7.25
868	6782	7.81
869	6293	7.24
870	6347	7.30
871	6467	7.42
872	6310	7.24
873	6345	7.27
874	6357	7.27
875	6794	7.76
876	6504	7.42
877	6417	7.32
878	6349	7.23
879	6364	7.24
880	6713	7.63
881	6510	7.39
882	6821	7.73
883	6401	7.25
884	6753	7.64
885	6402	7.23
886	6424	7.25
887	6424	7.24
888	6587	7.42
889	6878	7.74
890	6434	7.23
891	6443	7.23
892	6721	7.53
893	6461	7.24
894	6456	7.22
895	6857	7.66
896	6850	7.65
897	6486	7.23
898	6865	7.64
899	6515	7.25
900	7277	8.09
901	6523	7.24
902	6550	7.26
903	6520	7.22
904	6549	7.24
905	6667	7.37
906	6575	7.26
907	6546	7.22
908	6555	7.22
909	6577	7.24
910	7129	7.83
911	7005	7.69
912	6584	7.22
913	6725	7.37
914	6751	7.39
915	6653	7.27
916	6616	7.22
917	6623	7.22
918	6621	7.21
919	7157	7.79
920	6979	7.59
921	6825	7.41
922	7145	7.75
923	6660	7.22
924	7086	7.67
925	6680	7.22
926	6711	7.25
927	7063	7.62
928	6718	7.24
929	6713	7.23
930	6890	7.41
931	7071	7.60
932	6907	7.41
933	6780	7.27
934	6874	7.36
935	6787	7.26
936	7181	7.67
937	6781	7.24
938	6821	7.27
939	7208	7.68
940	6777	7.21
941	6836	7.26
942	6806	7.23
943	6788	7.20
944	6804	7.21
945	6960	7.37
946	7180	7.59
947	6963	7.35
948	6846	7.22
949	7011	7.39
950	6936	7.30
951	7016	7.38
952	7323	7.69
953	7016	7.36
954	6957	7.29
955	6876	7.20
956	7180	7.51
957	7037	7.35
958	6902	7.20
959	6913	7.21
960	7085	7.38
961	7269	7.56
962	7012	7.29
963	6929	7.20
964	6933	7.19
965	7032	7.29
966	7013	7.26
967	6970	7.21
968	7180	7.42
969	7407	7.64
970	7748	7.99
971	7026	7.24
972	6996	7.20
973	7018	7.21
974	7014	7.20
975	7190	7.37
976	7021	7.19
977	7060	7.23
978	7480	7.65
979	7481	7.64
980	7053	7.20
981	7467	7.61
982	7067	7.20
983	7134	7.26
984	7075	7.19
985	7127	7.24
986	7427	7.53
987	7511	7.61
988	7288	7.38
989	7166	7.25
990	7255	7.33
991	7128	7.19
992	7486	7.55
993	7140	7.19
994	7689	7.74
995	7185	7.22
996	7864	7.90
997	7175	7.20
998	7554	7.57
999	7205	7.21
1000	7891	7.89
1001	7225	7.22
1002	7218	7.20
1003	7718	7.69
1004	7454	7.42
1005	7628	7.59
1006	7228	7.18
1007	7702	7.65
1008	7246	7.19
1009	7322	7.26
1010	7280	7.21
1011	7755	7.67
1012	7270	7.18
1013	7324	7.23
1014	7283	7.18
1015	7713	7.60
1016	7307	7.19
1017	7357	7.23
1018	7312	7.18
1019	7365	7.23
1020	7320	7.18
1021	7512	7.36
1022	7336	7.18
1023	7353	7.19
1024	7349	7.18
1025	8209	8.01
1026	8272	8.06
1027	7592	7.39
1028	7446	7.24
1029	7597	7.38
1030	7480	7.26
1031	7447	7.22
1032	7814	7.57
1033	7604	7.36
1034	7519	7.27
1035	7681	7.42
1036	7488	7.23
1037	7638	7.37
1038	7565	7.29
1039	7660	7.37
1040	7905	7.60
1041	7517	7.22
1042	7588	7.28
1043	7763	7.44
1044	7532	7.21
1045	7539	7.21
1046	7589	7.26
1047	7767	7.42
1048	7604	7.26
1049	7595	7.24
1050	7766	7.40
1051	7613	7.24
1052	7597	7.22
1053	8018	7.61
1054	7790	7.39
1055	7726	7.32
1056	7725	7.32
1057	7664	7.25
1058	7623	7.21
1059	8026	7.58
1060	7825	7.38
1061	7723	7.28
1062	7644	7.20
1063	7716	7.26
1064	7721	7.26
1065	8190	7.69
1066	8178	7.67
1067	7693	7.21
1068	7763	7.27
1069	7888	7.38
1070	8069	7.54
1071	7816	7.30
1072	7730	7.21
1073	7733	7.21
1074	7747	7.21
1075	7893	7.34
1076	7962	7.40
1077	7800	7.24
1078	8172	7.58
1079	8136	7.54
1080	7798	7.22
1081	7856	7.27
1082	7801	7.21
1083	8226	7.60
1084	7839	7.23
1085	7842	7.23
1086	8010	7.38
1087	7876	7.25
1088	7876	7.24
1089	8267	7.59
1090	7887	7.24
1091	7852	7.20
1092	7903	7.24
1093	8366	7.65
1094	8314	7.60
1095	8097	7.39
1096	8386	7.65
1097	7906	7.21
1098	7920	7.21
1099	7930	7.22
1100	8949	8.14
1101	7974	7.24
1102	7946	7.21
1103	8365	7.58
1104	7941	7.19
1105	8371	7.58
1106	8009	7.24
1107	7971	7.20
1108	7996	7.22
1109	8158	7.36
1110	8450	7.61
1111	8180	7.36
1112	8020	7.21
1113	8035	7.22
1114	8190	7.35
1115	8854	7.94
1116	8045	7.21
1117	8446	7.56
1118	8049	7.20
1119	8454	7.55
1120	11872	10.60
1121	8140	7.26
1122	8509	7.58
1123	8313	7.40
1124	8516	7.58
1125	8274	7.35
1126	8641	7.67
1127	8144	7.23
1128	9037	8.01
1129	8158	7.23
1130	8159	7.22
1131	8217	7.27
1132	8174	7.22
1133	8241	7.27
1134	8212	7.24
1135	8199	7.22
1136	8247	7.26
1137	8356	7.35
1138	8701	7.65
1139	8214	7.21
1140	8685	7.62
1141	8296	7.27
1142	8407	7.36
1143	8676	7.59
1144	8435	7.37
1145	8326	7.27
1146	8251	7.20
1147	8481	7.39
1148	8340	7.26
1149	8288	7.21
1150	8642	7.51
1151	8297	7.21
1152	8701	7.55
1153	8497	7.37
1154	8496	7.36
1155	8769	7.59
1156	8385	7.25
1157	8801	7.61
1158	8345	7.21
1159	8562	7.39
1160	8380	7.22
1161	8750	7.54
1162	8517	7.33
1163	8606	7.40
1164	8442	7.25
1165	8401	7.21
1166	8409	7.21
1167	8760	7.51
1168	8447	7.23
1169	8817	7.54
1170	8659	7.40
1171	8502	7.26
1172	8522	7.27
1173	8456	7.21
1174	8507	7.25
1175	8450	7.19
1176	8662	7.37
1177	8504	7.23
1178	8659	7.35
1179	8842	7.50
1180	8629	7.31
1181	8649	7.32
1182	8554	7.24
1183	8931	7.55
1184	8537	7.21
1185	8537	7.20
1186	8606	7.26
1187	8624	7.27
1188	8918	7.51
1189	8665	7.29
1190	8661	7.28
1191	8628	7.24
1192	8575	7.19
1193	8588	7.20
1194	8968	7.51
1195	8797	7.36
1196	9161	7.66
1197	9097	7.60
1198	8634	7.21
1199	8660	7.22
1200	9431	7.86
1201	9062	7.55
1202	8677	7.22
1203	8647	7.19
1204	9124	7.58
1205	8691	7.21
1206	8696	7.21
1207	9077	7.52
1208	8689	7.19
1209	8696	7.19
1210	8940	7.39
1211	8884	7.34
1212	8710	7.19
1213	8705	7.18
1214	8759	7.21
1215	8729	7.18
1216	8752	7.20
1217	9138	7.51
1218	8780	7.21
1219	8933	7.33
1220	8856	7.26
1221	8805	7.21
1222	8804	7.20
1223	8853	7.24
1224	8783	7.18
1225	9241	7.54
1226	8885	7.25
1227	8896	7.25
1228	9362	7.62
1229	8980	7.31
1230	9213	7.49
1231	9658	7.85
1232	9043	7.34
1233	8879	7.20
1234	9021	7.31
1235	8879	7.19
1236	9246	7.48
1237	8920	7.21
1238	8954	7.23
1239	9030	7.29
1240	9129	7.36
1241	9312	7.50
1242	9368	7.54
1243	8968	7.21
1244	8948	7.19
1245	9122	7.33
1246	9362	7.51
1247	8999	7.22
1248	8981	7.20
1249	9024	7.22
1250	9185	7.35
1251	9006	7.20
1252	9230	7.37
1253	9003	7.19
1254	9292	7.41
1255	9046	7.21
1256	8997	7.16
1257	9399	7.48
1258	9068	7.21
1259	9225	7.33
1260	9094	7.22
1261	9185	7.28
1262	9233	7.32
1263	9503	7.52
1264	9067	7.17
1265	9428	7.45
1266	9159	7.23
1267	9290	7.33
1268	9134	7.20
1269	9315	7.34
1270	9658	7.60
1271	9550	7.51
1272	9229	7.26
1273	9593	7.54
1274	9383	7.36
1275	9530	7.47
1276	9525	7.46
1277	9321	7.30
1278	9304	7.28
1279	9202	7.19
1280	9221	7.20
1281	9174	7.16
1282	9524	7.43
1283	9243	7.20
1284	9800	7.63
1285	9279	7.22
1286	9406	7.31
1287	9688	7.53
1288	9260	7.19
1289	9436	7.32
1290	9236	7.16
1291	9595	7.43
1292	9678	7.49
1293	9467	7.32
1294	9279	7.17
1295	9268	7.16
1296	9690	7.48
1297	9478	7.31
1298	9283	7.15
1299	9310	7.17
1300	10180	7.83
1301	9680	7.44
1302	9371	7.20
1303	9437	7.24
1304	9350	7.17
1305	9365	7.18
1306	9383	7.18
1307	9768	7.47
1308	9761	7.46
1309	9433	7.21
1310	9782	7.47
1311	9416	7.18
1312	9393	7.16
1313	9425	7.18
1314	9404	7.16
1315	9406	7.15
1316	9921	7.54
1317	9439	7.17
1318	9582	7.27
1319	9918	7.52
1320	9469	7.17
1321	9619	7.28
1322	9476	7.17
1323	9563	7.23
1324	9508	7.18
1325	9492	7.16
1326	9496	7.16
1327	13424	10.12
1328	9504	7.16
1329	9522	7.16
1330	9617	7.23
1331	10438	7.84
1332	9521	7.15
1333	9563	7.17
1334	9563	7.17
1335	9548	7.15
1336	9716	7.27
1337	9558	7.15
1338	9582	7.16
1339	9634	7.19
1340	9595	7.16
1341	9637	7.19
1342	9807	7.31
1343	10113	7.53
1344	9637	7.17
1345	9625	7.16
1346	9635	7.16
1347	10026	7.44
1348	9791	7.26
1349	9776	7.25
1350	10097	7.48
1351	9674	7.16
1352	10163	7.52
1353	10107	7.47
1354	9702	7.17
1355	9674	7.14
1356	9712	7.16
1357	9683	7.14
1358	10047	7.40
1359	10075	7.41
1360	10079	7.41
1361	9850	7.24
1362	9961	7.31
1363	9751	7.15
1364	10075	7.39
1365	10142	7.43
1366	10201	7.47
1367	9789	7.16
1368	10000	7.31
1369	9769	7.14
1370	10230	7.47
1371	9812	7.16
1372	9798	7.14
1373	9928	7.23
1374	9966	7.25
1375	10197	7.42
1376	9853	7.16
1377	9960	7.23
1378	10171	7.38
1379	9843	7.14
1380	9835	7.13
1381	10079	7.30
1382	9940	7.19
1383	9913	7.17
1384	10458	7.56
1385	9884	7.14
1386	9891	7.14
1387	10274	7.41
1388	10292	7.41
1389	9928	7.15
1390	9924	7.14
1391	10488	7.54
1392	9960	7.16
1393	10854	7.79
1394	10489	7.52
1395	10304	7.39
1396	10198	7.31
1397	10097	7.23
1398	10022	7.17
1399	10048	7.18
1400	10320	7.37
1401	10207	7.29
1402	10056	7.17
1403	10141	7.23
1404	10059	7.16
1405	10040	7.15
1406	10032	7.14
1407	10412	7.40
1408	10243	7.27
1409	10096	7.17
1410	10216	7.25
1411	10245	7.26
1412	10452	7.40
1413	10045	7.11
1414	10227	7.23
1415	10142	7.17
1416	10108	7.14
1417	10083	7.12
1418	10257	7.23
1419	10455	7.37
1420	10183	7.17
1421	11000	7.74
1422	10197	7.17
1423	10458	7.35
1424	10121	7.11
1425	10338	7.25
1426	10204	7.16
1427	10716	7.51
1428	10588	7.41
1429	10166	7.11
1430	10567	7.39
1431	10188	7.12
1432	10605	7.41
1433	10620	7.41
1434	10219	7.13
1435	10786	7.52
1436	10227	7.12
1437	10502	7.31
1438	10241	7.12
1439	10272	7.14
1440	10646	7.39
1441	10439	7.24
1442	10796	7.49
1443	11039	7.65
1444	10294	7.13
1445	10310	7.13
1446	10299	7.12
1447	10316	7.13
1448	10698	7.39
1449	10399	7.18
1450	10334	7.13
1451	10836	7.47
1452	10359	7.13
1453	10364	7.13
1454	10353	7.12
1455	10824	7.44
1456	10368	7.12
1457	10555	7.24
1458	10424	7.15
1459	10602	7.27
1460	10764	7.37
1461	10613	7.26
1462	10439	7.14
1463	10913	7.46
1464	10609	7.25
1465	10412	7.11
1466	11265	7.68
1467	10776	7.35
1468	10431	7.11
1469	10660	7.26
1470	10851	7.38
1471	10822	7.36
1472	10459	7.11
1473	10601	7.20
1474	10919	7.41
1475	10479	7.10
1476	11041	7.48
1477	10910	7.39
1478	10517	7.12
1479	10675	7.22
1480	10931	7.39
1481	10991	7.42
1482	10983	7.41
1483	10597	7.15
1484	10624	7.16
1485	10558	7.11
1486	10545	7.10
1487	10648	7.16
1488	10714	7.20
1489	10611	7.13
1490	11017	7.39
1491	10759	7.22
1492	10676	7.16
1493	11858	7.94
1494	10789	7.22
1495	10637	7.12
1496	11282	7.54
1497	10658	7.12
1498	10632	7.10
1499	10669	7.12
1500	10986	7.32
1501	11118	7.41
1502	10694	7.12
1503	10691	7.11
1504	11283	7.50
1505	10734	7.13
1506	11115	7.38
1507	10860	7.21
1508	13016	8.63
1509	11585	7.68
1510	10790	7.15
1511	11227	7.43
1512	11075	7.32
1513	11468	7.58
1514	10817	7.14
1515	10835	7.15
1516	10861	7.16
1517	10849	7.15
1518	11115	7.32
1519	10813	7.12
1520	10806	7.11
1521	11081	7.29
1522	10969	7.21
1523	11297	7.42
1524	11530	7.57
1525	11027	7.23
1526	10863	7.12
1527	10754	7.04
1528	10852	7.10
1529	10992	7.19
1530	10804	7.06
1531	10954	7.15
1532	11225	7.33
1533	11489	7.49
1534	11214	7.31
1535	11449	7.46
1536	11042	7.19
1537	10843	7.05
1538	10840	7.05
1539	12250	7.96
1540	11490	7.46
1541	11009	7.14
1542	10900	7.07
1543	10892	7.06
1544	11506	7.45
1545	11464	7.42
1546	10919	7.06
1547	10936	7.07
1548	11141	7.20
1549	10953	7.07
1550	11363	7.33
1551	11148	7.19
1552	10950	7.06
1553	10965	7.06
1554	11362	7.31
1555	11400	7.33
1556	11224	7.21
1557	11133	7.15
1558	11403	7.32
1559	11413	7.32
1560	11238	7.20
1561	11013	7.06
1562	11363	7.27
1563	11522	7.37
1564	11271	7.21
1565	11533	7.37
1566	11642	7.43
1567	11091	7.08
1568	11461	7.31
1569	11096	7.07
1570	11062	7.05
1571	11549	7.35
1572	11274	7.17
1573	11587	7.37
1574	11106	7.06
1575	11363	7.21
1576	11262	7.15
1577	11186	7.09
1578	11367	7.20
1579	11251	7.13
1580	11344	7.18
1581	11169	7.06
1582	11260	7.12
1583	11360	7.18
1584	11344	7.16
1585	12898	8.14
1586	11813	7.45
1587	12967	8.17
1588	11212	7.06
1589	11627	7.32
1590	11418	7.18
1591	11224	7.05
1592	11280	7.09
1593	11431	7.18
1594	11436	7.17
1595	11472	7.19
1596	11746	7.36
1597	11287	7.07
1598	11795	7.38
1599	11418	7.14
1600	13615	8.51
1601	11305	7.06
1602	12144	7.58
1603	11783	7.35
1604	11415	7.12
1605	11515	7.17
1606	11404	7.10
1607	11798	7.34
1608	11922	7.41
1609	11874	7.38
1610	12537	7.79
1611	11342	7.04
1612	11370	7.05
1613	11907	7.38
1614	11424	7.08
1615	11388	7.05
1616	12023	7.44
1617	11364	7.03
1618	11387	7.04
1619	11491	7.10
1620	11864	7.32
1621	11454	7.07
1622	11417	7.04
1623	11865	7.31
1624	11437	7.04
1625	11454	7.05
1626	12017	7.39
1627	11463	7.05
1628	12085	7.42
1629	12479	7.66
1630	11454	7.03
1631	11482	7.04
1632	11526	7.06
1633	11677	7.15
1634	11537	7.06
1635	11909	7.28
1636	11957	7.31
1637	11513	7.03
1638	11525	7.04
1639	12712	7.76
1640	12051	7.35
1641	12042	7.34
1642	11838	7.21
1643	11789	7.18
1644	12624	7.68
1645	11914	7.24
1646	12316	7.48
1647	11637	7.07
1648	11776	7.15
1649	12323	7.47
1650	11778	7.14
1651	11762	7.12
1652	11834	7.16
1653	12176	7.37
1654	11669	7.06
1655	11630	7.03
1656	12204	7.37
1657	11662	7.04
1658	12023	7.25
1659	12207	7.36
1660	11671	7.03
1661	11819	7.12
1662	11734	7.06
1663	12655	7.61
1664	12154	7.30
1665	12324	7.40
1666	12282	7.37
1667	11911	7.15
1668	11849	7.10
1669	12275	7.35
1670	11782	7.06
1671	11792	7.06
1672	11785	7.05
1673	11843	7.08
1674	11756	7.02
1675	11820	7.06
1676	12338	7.36
1677	12358	7.37
1678	11872	7.08
1679	11824	7.04
1680	12061	7.18
1681	12359	7.35
1682	12379	7.36
1683	11836	7.03
1684	12064	7.16
1685	11873	7.05
1686	12065	7.16
1687	12354	7.32
1688	12035	7.13
1689	11914	7.05
1690	12315	7.29
1691	12074	7.14
1692	13756	8.13
1693	12573	7.43
1694	12089	7.14
1695	12401	7.32
1696	12226	7.21
1697	12012	7.08
1698	12285	7.23
1699	12488	7.35
1700	13554	7.97
1701	12026	7.07
1702	12274	7.21
1703	12373	7.27
1704	12291	7.21
1705	13080	7.67
1706	12128	7.11
1707	12233	7.17
1708	12611	7.38
1709	12077	7.07
1710	12547	7.34
1711	12395	7.24
1712	12657	7.39
1713	12862	7.51
1714	12217	7.13
1715	12889	7.52
1716	12154	7.08
1717	12110	7.05
1718	12464	7.25
1719	13098	7.62
1720	12124	7.05
1721	12118	7.04
1722	12489	7.25
1723	12510	7.26
1724	13265	7.69
1725	12126	7.03
1726	12136	7.03
1727	12188	7.06
1728	12750	7.38
1729	12532	7.25
1730	12531	7.24
1731	12426	7.18
1732	12289	7.10
1733	12508	7.22
1734	12333	7.11
1735	12751	7.35
1736	12269	7.07
1737	12599	7.25
1738	12453	7.17
1739	12618	7.26
1740	12294	7.07
1741	12507	7.18
1742	12904	7.41
1743	12394	7.11
1744	12346	7.08
1745	12319	7.06
1746	12588	7.21
1747	12473	7.14
1748	12505	7.15
1749	12507	7.15
1750	12516	7.15
1751	12867	7.35
1752	12753	7.28
1753	12496	7.13
1754	12809	7.30
1755	12889	7.34
1756	12831	7.31
1757	12537	7.14
1758	16538	9.41
1759	12509	7.11
1760	12898	7.33
1761	12590	7.15
1762	12783	7.25
1763	13138	7.45
1764	12421	7.04
1765	13393	7.59
1766	12483	7.07
1767	12735	7.21
1768	12799	7.24
1769	12610	7.13
1770	12651	7.15
1771	12857	7.26
1772	12733	7.19
1773	12474	7.04
1774	12516	7.06
1775	12690	7.15
1776	12819	7.22
1777	12553	7.06
1778	12741	7.17
1779	12869	7.23
1780	12618	7.09
1781	12734	7.15
1782	12554	7.04
1783	12559	7.04
1784	12728	7.13
1785	12781	7.16
1786	12714	7.12
1787	12606	7.05
1788	12709	7.11
1789	13081	7.31
1790	12556	7.01
1791	12576	7.02
1792	12769	7.13
1793	13045	7.28
1794	12753	7.11
1795	12877	7.17
1796	13869	7.72
1797	12879	7.17
1798	12774	7.10
1799	12715	7.07
1800	13909	7.73
1801	13231	7.35
1802	12717	7.06
1803	12824	7.11
1804	12740	7.06
1805	13114	7.27
1806	12943	7.17
1807	12726	7.04
1808	12709	7.03
1809	12965	7.17
1810	12755	7.05
1811	12739	7.03
1812	13241	7.31
1813	12944	7.14
1814	12775	7.04
1815	13137	7.24
1816	13124	7.23
1817	13082	7.20
1818	13179	7.25
1819	13004	7.15
1820	12845	7.06
1821	12805	7.03
1822	13685	7.51
1823	12823	7.03
1824	12822	7.03
1825	13649	7.48
1826	13431	7.36
1827	13317	7.29
1828	12902	7.06
1829	13402	7.33
1830	13359	7.30
1831	13548	7.40
1832	12915	7.05
1833	16888	9.21
1834	12923	7.05
1835	14180	7.73
1836	13408	7.30
1837	13342	7.26
1838	12932	7.04
1839	13170	7.16
1840	13359	7.26
1841	12992	7.06
1842	13327	7.24
1843	12962	7.03
1844	13705	7.43
1845	12985	7.04
1846	13125	7.11
1847	12995	7.04
1848	13759	7.45
1849	13117	7.09
1850	12993	7.02
1851	13362	7.22
1852	13440	7.26
1853	13372	7.22
1854	13028	7.03
1855	13426	7.24
1856	13393	7.22
1857	13116	7.06
1858	13258	7.14
1859	13050	7.02
1860	13282	7.14
1861	13415	7.21
1862	13312	7.15
1863	13115	7.04
1864	13313	7.14
1865	13458	7.22
1866	13174	7.06
1867	13144	7.04
1868	13518	7.24
1869	13170	7.05
1870	13470	7.20
1871	13637	7.29
1872	13477	7.20
1873	13412	7.16
1874	14209	7.58
1875	13308	7.10
1876	13229	7.05
1877	13226	7.05
1878	13567	7.22
1879	13232	7.04
1880	13714	7.29
1881	13462	7.16
1882	13293	7.06
1883	13577	7.21
1884	13331	7.08
1885	13213	7.01
1886	13304	7.05
1887	13256	7.02
1888	13304	7.05
1889	13285	7.03
1890	13481	7.13
1891	13630	7.21
1892	13442	7.10
1893	13633	7.20
1894	13272	7.01
1895	13382	7.06
1896	13344	7.04
1897	13891	7.32
1898	13849	7.30
1899	13315	7.01
1900	14571	7.67
1901	13740	7.23
1902	13746	7.23
1903	14213	7.47
1904	13381	7.03
1905	14318	7.52
1906	13681	7.18
1907	13778	7.22
1908	13626	7.14
1909	13553	7.10
1910	13866	7.26
1911	13817	7.23
1912	14352	7.51
1913	13827	7.23
1914	13470	7.04
1915	13649	7.13
1916	13875	7.24
1917	13580	7.08
1918	13491	7.03
1919	13899	7.24
1920	13516	7.04
1921	13533	7.04
1922	13637	7.10
1923	13514	7.03
1924	13967	7.26
1925	13559	7.04
1926	13914	7.22
1927	14041	7.29
1928	14230	7.38
1929	13638	7.07
1930	13692	7.09
1931	13575	7.03
1932	14249	7.38
1933	13557	7.01
1934	14156	7.32
1935	13686	7.07
1936	13796	7.13
1937	14148	7.30
1938	13608	7.02
1939	14225	7.34
1940	13965	7.20
1941	13963	7.19
1942	13934	7.18
1943	13764	7.08
1944	14219	7.31
1945	13940	7.17
1946	13790	7.09
1947	13602	6.99
1948	14198	7.29
1949	13705	7.03
1950	13823	7.09
1951	13777	7.06
1952	13737	7.04
1953	14128	7.23
1954	13728	7.03
1955	13766	7.04
1956	13829	7.07
1957	13808	7.06
1958	14102	7.20
1959	13822	7.06
1960	13783	7.03
1961	13839	7.06
1962	14130	7.20
1963	13782	7.02
1964	13827	7.04
1965	13806	7.03
1966	13737	6.99
1967	14135	7.19
1968	13955	7.09
1969	13846	7.03
1970	13931	7.07
1971	14409	7.31
1972	13771	6.98
1973	14763	7.48
1974	14350	7.27
1975	13849	7.01
1976	13780	6.97
1977	13838	7.00
1978	13901	7.03
1979	14053	7.10
1980	14085	7.11
1981	13831	6.98
1982	14439	7.29
1983	13851	6.98
1984	13920	7.02
1985	14770	7.44
1986	14615	7.36
1987	14418	7.26
1988	14151	7.12
1989	14109	7.09
1990	14506	7.29
1991	13951	7.01
1992	13916	6.99
1993	14374	7.21
1994	14697	7.37
1995	14540	7.29
1996	13961	6.99
1997	13923	6.97
1998	13972	6.99
1999	14037	7.02
2000	14827	7.41
2001	14650	7.32
2002	14615	7.30
2003	14135	7.06
2004	14603	7.29
2005	14295	7.13
2006	14772	7.36
2007	14038	6.99
2008	14080	7.01
2009	14483	7.21
2010	14466	7.20
2011	14532	7.23
2012	14579	7.25
2013	14428	7.17
2014	14246	7.07
2015	14653	7.27
2016	14081	6.98
2017	14981	7.43
2018	14487	7.18
2019	14381	7.12
2020	14219	7.04
2021	14514	7.18
2022	14643	7.24
2023	14634	7.23
2024	14328	7.08
2025	15133	7.47
2026	14525	7.17
2027	14205	7.01
2028	14186	7.00
2029	14629	7.21
2030	14594	7.19
2031	14206	6.99
2032	14587	7.18
2033	14791	7.28
2034	14749	7.25
2035	14267	7.01
2036	14407	7.08
2037	15164	7.44
2038	14540	7.13
2039	15163	7.44
2040	14323	7.02
2041	14668	7.19
2042	15473	7.58
2043	14713	7.20
2044	14714	7.20
2045	15603	7.63
2046	14704	7.19
2047	14325	7.00
2048	14528	7.09
2049	15388	7.51
2050	14676	7.16
2051	14382	7.01
2052	14637	7.13
2053	14840	7.23
2054	14981	7.29
2055	15079	7.34
2056	14704	7.15
2057	14471	7.04
2058	15015	7.30
2059	14457	7.02
2060	15007	7.28
2061	14476	7.02
2062	15093	7.32
2063	14648	7.10
2064	15026	7.28
2065	14749	7.14
2066	14631	7.08
2067	14491	7.01
2068	15431	7.46
2069	14508	7.01
2070	15070	7.28
2071	14870	7.18
2072	14537	7.02
2073	14578	7.03
2074	15067	7.26
2075	14971	7.21
2076	15468	7.45
2077	14766	7.11
2078	14581	7.02
2079	15051	7.24
2080	14680	7.06
2081	14851	7.14
2082	15025	7.22
2083	14620	7.02
2084	15535	7.45
2085	14675	7.04
2086	14764	7.08
2087	14814	7.10
2088	15795	7.56
2089	15190	7.27
2090	15046	7.20
2091	14961	7.15
2092	14817	7.08
2093	14652	7.00
2094	15086	7.20
2095	14812	7.07
2096	15229	7.27
2097	15099	7.20
2098	15261	7.27
2099	14974	7.13
2100	16849	8.02
2101	18050	8.59
2102	15724	7.48
2103	14933	7.10
2104	15567	7.40
2105	14971	7.11
2106	15217	7.23
2107	15371	7.30
2108	15126	7.18
2109	14896	7.06
2110	15275	7.24
2111	15197	7.20
2112	15196	7.20
2113	15174	7.18
2114	15229	7.20
2115	15104	7.14
2116	14995	7.09
2117	14864	7.02
2118	15089	7.12
2119	14853	7.01
2120	15409	7.27
2121	14971	7.06
2122	14990	7.06
2123	15370	7.24
2124	15233	7.17
2125	15100	7.11
2126	15234	7.17
2127	15452	7.26
2128	14845	6.98
2129	15237	7.16
2130	15099	7.09
2131	14938	7.01
2132	14951	7.01
2133	15279	7.16
2134	14919	6.99
2135	15296	7.16
2136	15592	7.30
2137	15319	7.17
2138	15606	7.30
2139	15310	7.16
2140	15883	7.42
2141	14974	6.99
2142	15735	7.35
2143	14947	6.97
2144	15779	7.36
2145	14950	6.97
2146	15153	7.06
2147	15377	7.16
2148	15051	7.01
2149	15108	7.03
2150	15235	7.09
2151	15842	7.36
2152	15279	7.10
2153	15254	7.08
2154	15061	6.99
2155	15042	6.98
2156	15054	6.98
2157	15431	7.15
2158	15430	7.15
2159	16317	7.56
2160	15270	7.07
2161	15456	7.15
2162	16355	7.56
2163	15284	7.07
2164	15834	7.32
2165	15375	7.10
2166	15498	7.16
2167	15172	7.00
2168	15617	7.20
2169	15489	7.14
2170	15579	7.18
2171	15187	7.00
2172	15521	7.15
2173	15359	7.07
2174	15154	6.97
2175	15594	7.17
2176	15410	7.08
2177	15434	7.09
2178	15573	7.15
2179	15634	7.17
2180	15585	7.15
2181	15587	7.15
2182	15736	7.21
2183	15271	7.00
2184	15690	7.18
2185	15869	7.26
2186	15613	7.14
2187	15627	7.15
2188	16706	7.64
2189	15629	7.14
2190	15300	6.99
2191	15515	7.08
2192	16366	7.47
2193	16009	7.30
2194	15536	7.08
2195	15391	7.01
2196	15545	7.08
2197	15558	7.08
2198	15336	6.98
2199	16006	7.28
2200	16732	7.61
2201	16066	7.30
2202	15775	7.16
2203	15827	7.18
2204	15380	6.98
2205	15843	7.19
2206	15715	7.12
2207	15823	7.17
2208	15791	7.15
2209	15607	7.07
2210	15607	7.06
2211	15494	7.01
2212	15594	7.05
2213	15889	7.18
2214	15850	7.16
2215	15574	7.03
2216	15532	7.01
2217	20386	9.20
2218	15977	7.20
2219	15794	7.12
2220	15692	7.07
2221	16025	7.22
2222	15716	7.07
2223	15577	7.01
2224	16850	7.58
2225	15523	6.98
2226	15752	7.08
2227	15582	7.00
2228	16002	7.18
2229	16100	7.22
2230	16233	7.28
2231	16307	7.31
2232	15651	7.01
2233	15689	7.03
2234	15578	6.97
2235	16476	7.37
2236	15643	7.00
2237	15636	6.99
2238	16180	7.23
2239	15980	7.14
2240	15777	7.04
2241	15793	7.05
2242	15704	7.00
2243	15874	7.08
2244	16235	7.23
2245	15715	7.00
2246	16536	7.36
2247	16271	7.24
2248	15684	6.98
2249	15891	7.07
2250	16285	7.24
2251	15778	7.01
2252	15974	7.09
2253	16062	7.13
2254	15873	7.04
2255	15715	6.97
2256	15761	6.99
2257	19346	8.57
2258	16221	7.18
2259	16202	7.17
2260	16585	7.34
2261	16236	7.18
2262	15956	7.05
2263	15849	7.00
2264	15977	7.06
2265	15782	6.97
2266	16500	7.28
2267	16561	7.31
2268	15881	7.00
2269	15796	6.96
2270	16023	7.06
2271	15891	7.00
2272	15861	6.98
2273	15867	6.98
2274	16459	7.24
2275	16228	7.13
2276	15911	6.99
2277	16060	7.05
2278	16583	7.28
2279	15896	6.97
2280	16262	7.13
2281	15921	6.98
2282	15983	7.00
2283	16571	7.26
2284	16448	7.20
2285	16901	7.40
2286	16107	7.05
2287	15989	6.99
2288	16941	7.40
2289	15962	6.97
2290	16206	7.08
2291	16522	7.21
2292	16332	7.13
2293	16210	7.07
2294	16026	6.99
2295	16022	6.98
2296	16018	6.98
2297	16660	7.25
2298	16021	6.97
2299	17059	7.42
2300	17401	7.57
2301	16360	7.11
2302	16220	7.05
2303	17198	7.47
2304	16643	7.22
2305	16776	7.28
2306	16463	7.14
2307	16076	6.97
2308	16134	6.99
2309	16545	7.17
2310	16193	7.01
2311	16369	7.08
2312	16984	7.35
2313	16703	7.22
2314	16209	7.00
2315	16304	7.04
2316	16136	6.97
2317	16474	7.11
2318	16314	7.04
2319	16163	6.97
2320	16886	7.28
2321	16602	7.15
2322	16598	7.15
2323	16222	6.98
2324	16708	7.19
2325	16218	6.98
2326	16597	7.14
2327	17125	7.36
2328	16378	7.04
2329	16660	7.15
2330	16661	7.15
2331	16612	7.13
2332	16332	7.00
2333	16589	7.11
2334	16862	7.22
2335	16403	7.02
2336	16671	7.14
2337	17097	7.32
2338	16393	7.01
2339	16523	7.06
2340	16519	7.06
2341	16910	7.22
2342	16727	7.14
2343	16643	7.10
2344	16383	6.99
2345	16457	7.02
2346	16340	6.97
2347	16588	7.07
2348	16556	7.05
2349	16685	7.10
2350	16368	6.97
2351	17105	7.28
2352	16666	7.09
2353	16433	6.98
2354	16697	7.09
2355	16659	7.07
2356	16405	6.96
2357	16721	7.09
2358	17119	7.26
2359	16697	7.08
2360	16427	6.96
2361	16605	7.03
2362	16666	7.06
2363	16749	7.09
2364	16949	7.17
2365	16462	6.96
2366	16772	7.09
2367	16722	7.06
2368	17506	7.39
2369	16876	7.12
2370	16824	7.10
2371	16678	7.03
2372	17602	7.42
2373	16716	7.04
2374	16537	6.97
2375	16948	7.14
2376	16790	7.07
2377	16552	6.96
2378	16788	7.06
2379	16612	6.98
2380	16924	7.11
2381	16621	6.98
2382	16749	7.03
2383	16816	7.06
2384	16886	7.08
2385	17077	7.16
2386	16864	7.07
2387	16608	6.96
2388	16902	7.08
2389	17078	7.15
2390	16917	7.08
2391	16656	6.97
2392	17327	7.24
2393	16697	6.98
2394	16991	7.10
2395	16717	6.98
2396	17035	7.11
2397	16751	6.99
2398	17097	7.13
2399	16980	7.08
2400	17571	7.32
2401	16724	6.97
2402	17013	7.08
2403	17041	7.09
2404	16944	7.05
2405	17401	7.24
2406	17193	7.15
2407	16986	7.06
2408	16976	7.05
2409	16947	7.03
2410	16785	6.96
2411	17096	7.09
2412	18484	7.66
2413	17144	7.10
2414	17061	7.07
2415	16930	7.01
2416	17010	7.04
2417	16838	6.97
2418	17020	7.04
2419	16917	6.99
2420	17112	7.07
2421	17052	7.04
2422	17439	7.20
2423	17055	7.04
2424	17087	7.05
2425	18269	7.53
2426	17183	7.08
2427	17110	7.05
2428	16911	6.96
2429	17284	7.12
2430	17142	7.05
2431	17060	7.02
2432	16958	6.97
2433	17363	7.14
2434	17005	6.99
2435	17708	7.27
2436	17458	7.17
2437	17097	7.02
2438	17207	7.06
2439	17761	7.28
2440	17046	6.99
2441	17045	6.98
2442	16994	6.96
2443	17180	7.03
2444	17038	6.97
2445	18088	7.40
2446	17696	7.23
2447	17064	6.97
2448	17182	7.02
2449	17212	7.03
2450	17040	6.96
2451	17309	7.06
2452	17859	7.28
2453	17471	7.12
2454	17159	6.99
2455	17430	7.10
2456	17161	6.99
2457	17190	7.00
2458	17643	7.18
2459	17104	6.96
2460	17143	6.97
2461	17116	6.95
2462	17196	6.98
2463	17893	7.26
2464	17509	7.11
2465	17511	7.10
2466	17155	6.96
2467	17190	6.97
2468	17170	6.96
2469	17237	6.98
2470	17411	7.05
2471	18665	7.55
2472	17349	7.02
2473	17226	6.97
2474	17810	7.20
2475	17296	6.99
2476	17500	7.07
2477	17375	7.01
2478	17651	7.12
2479	17664	7.13
2480	17286	6.97
2481	18349	7.40
2482	17243	6.95
2483	17349	6.99
2484	17602	7.09
2485	17668	7.11
2486	17368	6.99
2487	17742	7.13
2488	17629	7.09
2489	17743	7.13
2490	17301	6.95
2491	17776	7.14
2492	17590	7.06
2493	17419	6.99
2494	17802	7.14
2495	17667	7.08
2496	17646	7.07
2497	17685	7.08
2498	17711	7.09
2499	17420	6.97
2500	19279	7.71
2501	20068	8.02
2502	17611	7.04
2503	17410	6.96
2504	17406	6.95
2505	17943	7.16
2506	17875	7.13
2507	17643	7.04
2508	17680	7.05
2509	17661	7.04
2510	17771	7.08
2511	17690	7.05
2512	17472	6.96
2513	17490	6.96
2514	17703	7.04
2515	17840	7.09
2516	18618	7.40
2517	17863	7.10
2518	17947	7.13
2519	17774	7.06
2520	18179	7.21
2521	170122	67.48
2522	20792	8.24
2523	22189	8.79
2524	18417	7.30
2525	17905	7.09
2526	18059	7.15
2527	17777	7.03
2528	17676	6.99
2529	17871	7.07
2530	18079	7.15
2531	18005	7.11
2532	17974	7.10
2533	18073	7.14
2534	18040	7.12
2535	18585	7.33
2536	18134	7.15
2537	17596	6.94
2538	17682	6.97
2539	17723	6.98
2540	18189	7.16
2541	18016	7.09
2542	18028	7.09
2543	17693	6.96
2544	17925	7.05
2545	17681	6.95
2546	17939	7.05
2547	18013	7.07
2548	17946	7.04
2549	17799	6.98
2550	18064	7.08
2551	18457	7.24
2552	17989	7.05
2553	17780	6.96
2554	18949	7.42
2555	17705	6.93
2556	17988	7.04
2557	18141	7.09
2558	17737	6.93
2559	17756	6.94
2560	17871	6.98
2561	18442	7.20
2562	17774	6.94
2563	18191	7.10
2564	17966	7.01
2565	18275	7.12
2566	17843	6.95
2567	17851	6.95
2568	18286	7.12
2569	18280	7.12
2570	17952	6.99
2571	18330	7.13
2572	17917	6.97
2573	17936	6.97
2574	17897	6.95
2575	17922	6.96
2576	17906	6.95
2577	17932	6.96
2578	18272	7.09
2579	19292	7.48
2580	17904	6.94
2581	17938	6.95
2582	18217	7.06
2583	18598	7.20
2584	18061	6.99
2585	18712	7.24
2586	18338	7.09
2587	18082	6.99
2588	18339	7.09
2589	18342	7.08
2590	18334	7.08
2591	18090	6.98
2592	19814	7.64
2593	18167	7.01
2594	18181	7.01
2595	18206	7.02
2596	18741	7.22
2597	18502	7.12
2598	18693	7.20
2599	18466	7.11
2600	19337	7.44
2601	18517	7.12
2602	18468	7.10
2603	18095	6.95
2604	18538	7.12
2605	18371	7.05
2606	18687	7.17
2607	18122	6.95
2608	18493	7.09
2609	18397	7.05
2610	18273	7.00
2611	18357	7.03
2612	18155	6.95
2613	18495	7.08
2614	18548	7.10
2615	18187	6.95
2616	18475	7.06
2617	18278	6.98
2618	18159	6.94
2619	19203	7.33
2620	18792	7.17
2621	18554	7.08
2622	18247	6.96
2623	229544	87.51
2624	18400	7.01
2625	18196	6.93
2626	18563	7.07
2627	18868	7.18
2628	18191	6.92
2629	18417	7.01
2630	18637	7.09
2631	18643	7.09
2632	18275	6.94
2633	18955	7.20
2634	18241	6.93
2635	18582	7.05
2636	18347	6.96
2637	19284	7.31
2638	18881	7.16
2639	18443	6.99
2640	18605	7.05
2641	18308	6.93
2642	18838	7.13
2643	18813	7.12
2644	18775	7.10
2645	18387	6.95
2646	19213	7.26
2647	18600	7.03
2648	18607	7.03
2649	18967	7.16
2650	19239	7.26
2651	18610	7.02
2652	19321	7.29
2653	18625	7.02
2654	18751	7.07
2655	18862	7.10
2656	19003	7.15
2657	20844	7.84
2658	19096	7.18
2659	19163	7.21
2660	20476	7.70
2661	20323	7.64
2662	18821	7.07
2663	18666	7.01
2664	18781	7.05
2665	19284	7.24
2666	19099	7.16
2667	19119	7.17
2668	18947	7.10
2669	18995	7.12
2670	18794	7.04
2671	18511	6.93
2672	18792	7.03
2673	18944	7.09
2674	18849	7.05
2675	18972	7.09
2676	19203	7.18
2677	18950	7.08
2678	19031	7.11
2679	20009	7.47
2680	18557	6.92
2681	18573	6.93
2682	19463	7.26
2683	18578	6.92
2684	18884	7.04
2685	18581	6.92
2686	19080	7.10
2687	19136	7.12
2688	19537	7.27
2689	19413	7.22
2690	21392	7.95
2691	19248	7.15
2692	18796	6.98
2693	20093	7.46
2694	18981	7.05
2695	19652	7.29
2696	18927	7.02
2697	19752	7.32
2698	18749	6.95
2699	19185	7.11
2700	21214	7.86
2701	19195	7.11
2702	19091	7.07
2703	19685	7.28
2704	19327	7.15
2705	18951	7.01
2706	19477	7.20
2707	19414	7.17
2708	19404	7.17
2709	19238	7.10
2710	19941	7.36
2711	18785	6.93
2712	19220	7.09
2713	21079	7.77
2714	18930	6.97
2715	19808	7.30
2716	19334	7.12
2717	19320	7.11
2718	19009	6.99
2719	19851	7.30
2720	19770	7.27
2721	20120	7.39
2722	19490	7.16
2723	19422	7.13
2724	19416	7.13
2725	18861	6.92
2726	19833	7.28
2727	19125	7.01
2728	18903	6.93
2729	19376	7.10
2730	19172	7.02
2731	19912	7.29
2732	19041	6.97
2733	19735	7.22
2734	19280	7.05
2735	19278	7.05
2736	19249	7.04
2737	19423	7.10
2738	19169	7.00
2739	19723	7.20
2740	19436	7.09
2741	19153	6.99
2742	19093	6.96
2743	19386	7.07
2744	19783	7.21
2745	19080	6.95
2746	19017	6.93
2747	20369	7.41
2748	19379	7.05
2749	19881	7.23
2750	19560	7.11
2751	19565	7.11
2752	19193	6.97
2753	20684	7.51
2754	19732	7.16
2755	19690	7.15
2756	19219	6.97
2757	19557	7.09
2758	19145	6.94
2759	19360	7.02
2760	19509	7.07
2761	19096	6.92
2762	19436	7.04
2763	19638	7.11
2764	19416	7.02
2765	19918	7.20
2766	19649	7.10
2767	22372	8.09
2768	20134	7.27
2769	19184	6.93
2770	19458	7.02
2771	19249	6.95
2772	19203	6.93
2773	19707	7.11
2774	20285	7.31
2775	19193	6.92
2776	21939	7.90
2777	21690	7.81
2778	19698	7.09
2779	22488	8.09
2780	20619	7.42
2781	22648	8.14
2782	19904	7.15
2783	19283	6.93
2784	19632	7.05
2785	19669	7.06
2786	19434	6.98
2787	20096	7.21
2788	19936	7.15
2789	19647	7.04
2790	20717	7.43
2791	19841	7.11
2792	20518	7.35
2793	20101	7.20
2794	19638	7.03
2795	19332	6.92
2796	19829	7.09
2797	19441	6.95
2798	19333	6.91
2799	20305	7.25
2800	21165	7.56
2801	19710	7.04
2802	20234	7.22
2803	19531	6.97
2804	20903	7.45
2805	20568	7.33
2806	20171	7.19
2807	20643	7.35
2808	19849	7.07
2809	20489	7.29
2810	20129	7.16
2811	19519	6.94
2812	19941	7.09
2813	20206	7.18
2814	19898	7.07
2815	19498	6.93
2816	20128	7.15
2817	23264	8.26
2818	20585	7.30
2819	20593	7.31
2820	19840	7.04
2821	20203	7.16
2822	19899	7.05
2823	19831	7.02
2824	19671	6.97
2825	20617	7.30
2826	19801	7.01
2827	20032	7.09
2828	23172	8.19
2829	22792	8.06
2830	19938	7.05
2831	20585	7.27
2832	21376	7.55
2833	22412	7.91
2834	20730	7.31
2835	23282	8.21
2836	20208	7.13
2837	20194	7.12
2838	19625	6.92
2839	19931	7.02
2840	20151	7.10
2841	20722	7.29
2842	20027	7.05
2843	19749	6.95
2844	19741	6.94
2845	19688	6.92
2846	21153	7.43
2847	19833	6.97
2848	20345	7.14
2849	19951	7.00
2850	23922	8.39
2851	20376	7.15
2852	19760	6.93
2853	22790	7.99
2854	21780	7.63
2855	19745	6.92
2856	21132	7.40
2857	23950	8.38
2858	20503	7.17
2859	19861	6.95
2860	23901	8.36
2861	20128	7.04
2862	20884	7.30
2863	20112	7.02
2864	19860	6.93
2865	20910	7.30
2866	20429	7.13
2867	21014	7.33
2868	20114	7.01
2869	19891	6.93
2870	20162	7.03
2871	20436	7.12
2872	21032	7.32
2873	20452	7.12
2874	20595	7.17
2875	20159	7.01
2876	21190	7.37
2877	20431	7.10
2878	21134	7.34
2879	20827	7.23
2880	20530	7.13
2881	20784	7.21
2882	20992	7.28
2883	21490	7.45
2884	21723	7.53
2885	20560	7.13
2886	19989	6.93
2887	22287	7.72
2888	20147	6.98
2889	20349	7.04
2890	21163	7.32
2891	21403	7.40
2892	23127	8.00
2893	21047	7.28
2894	20399	7.05
2895	21552	7.44
2896	20405	7.05
2897	20151	6.96
2898	21202	7.32
2899	20236	6.98
2900	24048	8.29
2901	21449	7.39
2902	20887	7.20
2903	21585	7.44
2904	21039	7.24
2905	20268	6.98
2906	23563	8.11
2907	21952	7.55
2908	22892	7.87
2909	21271	7.31
2910	20252	6.96
2911	20835	7.16
2912	21151	7.26
2913	20315	6.97
2914	20351	6.98
2915	20704	7.10
2916	20379	6.99
2917	20991	7.20
2918	20498	7.02
2919	22005	7.54
2920	20304	6.95
2921	20708	7.09
2922	21974	7.52
2923	20642	7.06
2924	20467	7.00
2925	21770	7.44
2926	21409	7.32
2927	23927	8.17
2928	20418	6.97
2929	20412	6.97
2930	20492	6.99
2931	21471	7.33
2932	20437	6.97
2933	21165	7.22
2934	21258	7.25
2935	23358	7.96
2936	21293	7.25
2937	20802	7.08
2938	21887	7.45
2939	20665	7.03
2940	20506	6.97
2941	21289	7.24
2942	20634	7.01
2943	20599	7.00
2944	20480	6.96
2945	20681	7.02
2946	21453	7.28
2947	21337	7.24
2948	20681	7.02
2949	22016	7.47
2950	20903	7.09
2951	21486	7.28
2952	21356	7.23
2953	20531	6.95
2954	20654	6.99
2955	21411	7.25
2956	20690	7.00
2957	22257	7.53
2958	21858	7.39
2959	23196	7.84
2960	21761	7.35
2961	20628	6.97
2962	21377	7.22
2963	21443	7.24
2964	20579	6.94
2965	22705	7.66
2966	20678	6.97
2967	21833	7.36
2968	21852	7.36
2969	21873	7.37
2970	21608	7.28
2971	20775	6.99
2972	21414	7.21
2973	21602	7.27
2974	20530	6.90
2975	20982	7.05
2976	22169	7.45
2977	21796	7.32
2978	22471	7.55
2979	21112	7.09
2980	21527	7.22
2981	21429	7.19
2982	21504	7.21
2983	21200	7.11
2984	23020	7.71
2985	20842	6.98
2986	21159	7.09
2987	20695	6.93
2988	24805	8.30
2989	21497	7.19
2990	20974	7.01
2991	21501	7.19
2992	21592	7.22
2993	20649	6.90
2994	21649	7.23
2995	20814	6.95
2996	21713	7.25
2997	21729	7.25
2998	20733	6.92
2999	21492	7.17
3000	24583	8.19
3001	22421	7.47
3002	20989	6.99
3003	21634	7.20
3004	20898	6.96
3005	20727	6.90
3006	20958	6.97
3007	21339	7.10
3008	20949	6.96
3009	22392	7.44
3010	21640	7.19
3011	20916	6.95
3012	21025	6.98
3013	21096	7.00
3014	20841	6.91
3015	21674	7.19
3016	20862	6.92
3017	20868	6.92
3018	20930	6.94
3019	20833	6.90
3020	21411	7.09
3021	21515	7.12
3022	21119	6.99
3023	22742	7.52
3024	22577	7.47
3025	22385	7.40
3026	21241	7.02
3027	21797	7.20
3028	21834	7.21
3029	21262	7.02
3030	21135	6.98
3031	21118	6.97
3032	21046	6.94
3033	24365	8.03
3034	21124	6.96
3035	21977	7.24
3036	21441	7.06
3037	22856	7.53
3038	22249	7.32
3039	21137	6.96
3040	21754	7.16
3041	21864	7.19
3042	25073	8.24
3043	21864	7.19
3044	20980	6.89
3045	23131	7.60
3046	21277	6.99
3047	21197	6.96
3048	22304	7.32
3049	21081	6.91
3050	22067	7.24
3051	21354	7.00
3052	21310	6.98
3053	21894	7.17
3054	22060	7.22
3055	21088	6.90
3056	22044	7.21
3057	21496	7.03
3058	22190	7.26
3059	21190	6.93
3060	22181	7.25
3061	21279	6.95
3062	21333	6.97
3063	22367	7.30
3064	21353	6.97
3065	22318	7.28
3066	21381	6.97
3067	22429	7.31
3068	21392	6.97
3069	22215	7.24
3070	21250	6.92
3071	22153	7.21
3072	23239	7.56
3073	21415	6.97
3074	21188	6.89
3075	22797	7.41
3076	21261	6.91
3077	22196	7.21
3078	21316	6.93
3079	22310	7.25
3080	21326	6.92
3081	21240	6.89
3082	22303	7.24
3083	24949	8.09
3084	24775	8.03
3085	21332	6.91
3086	22116	7.17
3087	21451	6.95
3088	22365	7.24
3089	21333	6.91
3090	22414	7.25
3091	24408	7.90
3092	21547	6.97
3093	22334	7.22
3094	21396	6.92
3095	21471	6.94
3096	21414	6.92
3097	22441	7.25
3098	22636	7.31
3099	23379	7.54
3100	26155	8.44
3101	21425	6.91
3102	22482	7.25
3103	22574	7.27
3104	22713	7.32
3105	21596	6.96
3106	21724	6.99
3107	23573	7.59
3108	21811	7.02
3109	21579	6.94
3110	26738	8.60
3111	22323	7.18
3112	23156	7.44
3113	21822	7.01
3114	21668	6.96
3115	22035	7.07
3116	23654	7.59
3117	22926	7.36
3118	22763	7.30
3119	23131	7.42
3120	23290	7.46
3121	21608	6.92
3122	22305	7.14
3123	23307	7.46
3124	26612	8.52
3125	25063	8.02
3126	22727	7.27
3127	22676	7.25
3128	21888	7.00
3129	21708	6.94
3130	21840	6.98
3131	23257	7.43
3132	22807	7.28
3133	21799	6.96
3134	23161	7.39
3135	22843	7.29
3136	21778	6.94
3137	21676	6.91
3138	23035	7.34
3139	22832	7.27
3140	22127	7.05
3141	21893	6.97
3142	22501	7.16
3143	22764	7.24
3144	22339	7.11
3145	23153	7.36
3146	21764	6.92
3147	21687	6.89
3148	23060	7.33
3149	21884	6.95
3150	22693	7.20
3151	22787	7.23
3152	21929	6.96
3153	23068	7.32
3154	22066	7.00
3155	21916	6.95
3156	22755	7.21
3157	21830	6.91
3158	22922	7.26
3159	21779	6.89
3160	22686	7.18
3161	21996	6.96
3162	21988	6.95
3163	22810	7.21
3164	25936	8.20
3165	22891	7.23
3166	24430	7.72
3167	22970	7.25
3168	22750	7.18
3169	21834	6.89
3170	23516	7.42
3171	22782	7.18
3172	21989	6.93
3173	22125	6.97
3174	22139	6.98
3175	22220	7.00
3176	22195	6.99
3177	23115	7.28
3178	23383	7.36
3179	22149	6.97
3180	22826	7.18
3181	23124	7.27
3182	21958	6.90
3183	23015	7.23
3184	24744	7.77
3185	22149	6.95
3186	26876	8.44
3187	22604	7.09
3188	22218	6.97
3189	23363	7.33
3190	23800	7.46
3191	22143	6.94
3192	23091	7.23
3193	22447	7.03
3194	22300	6.98
3195	22679	7.10
3196	22141	6.93
3197	22438	7.02
3198	22966	7.18
3199	22169	6.93
3200	25112	7.85
3201	22038	6.88
3202	22931	7.16
3203	22319	6.97
3204	22095	6.90
3205	26001	8.11
3206	26713	8.33
3207	23764	7.41
3208	23448	7.31
3209	22317	6.95
3210	22858	7.12
3211	22354	6.96
3212	23091	7.19
3213	23407	7.29
3214	23427	7.29
3215	22809	7.09
3216	23565	7.33
3217	23338	7.25
3218	23416	7.28
3219	23819	7.40
3220	24456	7.60
3221	22551	7.00
3222	23687	7.35
3223	23007	7.14
3224	22619	7.02
3225	23520	7.29
3226	22487	6.97
3227	22979	7.12
3228	22918	7.10
3229	22238	6.89
3230	23762	7.36
3231	22360	6.92
3232	22659	7.01
3233	23212	7.18
3234	23105	7.14
3235	22304	6.89
3236	23305	7.20
3237	23102	7.14
3238	23775	7.34
3239	22894	7.07
3240	23055	7.12
3241	23383	7.21
3242	23919	7.38
3243	22630	6.98
3244	34052	10.50
3245	24796	7.64
3246	22612	6.97
3247	23226	7.15
3248	24364	7.50
3249	22795	7.02
3250	23838	7.33
3251	24955	7.68
3252	23585	7.25
3253	23311	7.17
3254	23490	7.22
3255	23741	7.29
3256	24855	7.63
3257	23786	7.30
3258	22671	6.96
3259	23666	7.26
3260	23342	7.16
3261	22959	7.04
3262	23463	7.19
3263	22619	6.93
3264	23624	7.24
3265	23335	7.15
3266	23314	7.14
3267	22731	6.96
3268	23298	7.13
3269	23806	7.28
3270	22587	6.91
3271	23620	7.22
3272	22513	6.88
3273	22533	6.88
3274	22786	6.96
3275	25248	7.71
3276	23507	7.18
3277	23666	7.22
3278	22598	6.89
3279	22588	6.89
3280	23107	7.04
3281	23911	7.29
3282	23860	7.27
3283	23055	7.02
3284	22856	6.96
3285	24349	7.41
3286	23749	7.23
3287	22853	6.95
3288	24098	7.33
3289	26357	8.01
3290	23305	7.08
3291	23185	7.04
3292	24996	7.59
3293	23072	7.01
3294	24234	7.36
3295	23616	7.17
3296	23886	7.25
3297	27653	8.39
3298	26492	8.03
3299	30021	9.10
3300	27409	8.31
3301	23186	7.02
3302	23823	7.21
3303	22946	6.95
3304	24543	7.43
3305	27403	8.29
3306	24208	7.32
3307	25254	7.64
3308	24476	7.40
3309	22826	6.90
3310	24630	7.44
3311	23894	7.22
3312	23880	7.21
3313	24085	7.27
3314	25153	7.59
3315	23673	7.14
3316	24897	7.51
3317	23006	6.94
3318	28320	8.54
3319	24364	7.34
3320	25002	7.53
3321	23407	7.05
3322	25563	7.70
3323	23771	7.15
3324	22937	6.90
3325	23076	6.94
3326	23899	7.19
3327	24450	7.35
3328	26135	7.85
3329	22993	6.91
3330	24615	7.39
3331	22910	6.88
3332	23128	6.94
3333	24121	7.24
3334	23870	7.16
3335	23229	6.97
3336	27371	8.20
3337	22980	6.89
3338	24146	7.23
3339	24050	7.20
3340	24133	7.23
3341	28881	8.64
3342	23005	6.88
3343	24341	7.28
3344	24161	7.23
3345	27975	8.36
3346	23034	6.88
3347	24194	7.23
3348	23242	6.94
3349	23373	6.98
3350	24247	7.24
3351	27485	8.20
3352	24243	7.23
3353	23215	6.92
3354	24183	7.21
3355	27717	8.26
3356	24475	7.29
3357	24100	7.18
3358	26310	7.84
3359	24870	7.40
3360	24055	7.16
3361	24609	7.32
3362	24166	7.19
3363	24285	7.22
3364	24301	7.22
3365	24203	7.19
3366	23207	6.89
3367	23819	7.07
3368	24316	7.22
3369	23170	6.88
3370	24660	7.32
3371	24168	7.17
3372	24270	7.20
3373	24449	7.25
3374	23750	7.04
3375	23357	6.92
3376	24347	7.21
3377	23680	7.01
3378	24250	7.18
3379	23312	6.90
3380	24533	7.26
3381	23961	7.09
3382	23327	6.90
3383	24189	7.15
3384	23301	6.89
3385	24360	7.20
3386	24207	7.15
3387	24404	7.21
3388	23503	6.94
3389	24361	7.19
3390	23964	7.07
3391	24259	7.15
3392	26771	7.89
3393	23381	6.89
3394	23387	6.89
3395	24639	7.26
3396	24892	7.33
3397	24193	7.12
3398	24518	7.22
3399	23615	6.95
3400	27156	7.99
3401	24644	7.25
3402	25981	7.64
3403	25070	7.37
3404	24967	7.33
3405	24406	7.17
3406	24590	7.22
3407	24225	7.11
3408	23997	7.04
3409	23504	6.89
3410	24599	7.21
3411	24802	7.27
3412	23666	6.94
3413	23870	6.99
3414	24487	7.17
3415	25538	7.48
3416	24068	7.05
3417	23682	6.93
3418	25173	7.36
3419	25426	7.44
3420	25296	7.40
3421	23797	6.96
3422	24859	7.26
3423	25755	7.52
3424	24884	7.27
3425	27659	8.08
3426	24956	7.28
3427	25256	7.37
3428	24710	7.21
3429	24833	7.24
3430	23802	6.94
3431	25827	7.53
3432	30568	8.91
3433	26030	7.58
3434	24021	7.00
3435	25383	7.39
3436	25819	7.51
3437	26416	7.69
3438	24023	6.99
3439	24310	7.07
3440	25231	7.33
3441	28362	8.24
3442	23825	6.92
3443	24983	7.26
3444	23777	6.90
3445	24815	7.20
3446	25259	7.33
3447	23914	6.94
3448	23964	6.95
3449	24899	7.22
3450	25150	7.29
3451	24615	7.13
3452	24827	7.19
3453	24740	7.16
3454	24658	7.14
3455	25122	7.27
3456	23932	6.92
3457	25167	7.28
3458	23830	6.89
3459	24395	7.05
3460	23954	6.92
3461	24068	6.95
3462	24003	6.93
3463	24033	6.94
3464	24337	7.03
3465	24832	7.17
3466	25614	7.39
3467	24125	6.96
3468	25286	7.29
3469	23858	6.88
3470	25016	7.21
3471	24899	7.17
3472	25469	7.34
3473	25839	7.44
3474	23956	6.90
3475	30526	8.78
3476	25137	7.23
3477	25314	7.28
3478	24672	7.09
3479	24923	7.16
3480	25628	7.36
3481	25076	7.20
3482	24182	6.94
3483	25101	7.21
3484	25010	7.18
3485	24701	7.09
3486	24036	6.90
3487	24272	6.96
3488	24105	6.91
3489	25228	7.23
3490	25751	7.38
3491	24933	7.14
3492	25508	7.30
3493	25130	7.19
3494	25853	7.40
3495	26265	7.52
3496	27002	7.72
3497	24045	6.88
3498	24918	7.12
3499	26564	7.59
3500	25687	7.34
3501	24920	7.12
3502	25074	7.16
3503	24326	6.94
3504	25276	7.21
3505	25610	7.31
3506	30641	8.74
3507	34393	9.81
3508	24288	6.92
3509	25269	7.20
3510	24801	7.07
3511	24470	6.97
3512	25670	7.31
3513	25167	7.16
3514	25482	7.25
3515	24164	6.87
3516	26807	7.62
3517	24178	6.87
3518	25598	7.28
3519	27233	7.74
3520	24353	6.92
3521	25746	7.31
3522	25299	7.18
3523	24266	6.89
3524	25153	7.14
3525	24314	6.90
3526	25622	7.27
3527	25067	7.11
3528	26033	7.38
3529	24287	6.88
3530	25029	7.09
3531	24276	6.88
3532	25872	7.33
3533	24353	6.89
3534	25334	7.17
3535	24508	6.93
3536	25270	7.15
3537	24478	6.92
3538	25051	7.08
3539	24565	6.94
3540	24392	6.89
3541	27285	7.71
3542	25667	7.25
3543	26342	7.43
3544	24355	6.87
3545	24932	7.03
3546	25580	7.21
3547	24425	6.89
3548	26873	7.57
3549	24523	6.91
3550	26207	7.38
3551	25465	7.17
3552	24468	6.89
3553	25417	7.15
3554	24398	6.86
3555	25542	7.18
3556	24579	6.91
3557	26257	7.38
3558	24633	6.92
3559	26039	7.32
3560	24673	6.93
3561	24969	7.01
3562	25086	7.04
3563	24884	6.98
3564	27378	7.68
3565	24858	6.97
3566	24607	6.90
3567	25434	7.13
3568	26459	7.42
3569	25633	7.18
3570	27043	7.58
3571	25493	7.14
3572	26433	7.40
3573	26962	7.55
3574	25540	7.15
3575	26811	7.50
3576	24691	6.90
3577	26384	7.38
3578	25402	7.10
3579	25511	7.13
3580	25185	7.03
3581	24721	6.90
3582	26628	7.43
3583	25613	7.15
3584	25835	7.21
3585	25432	7.09
3586	26156	7.29
3587	25484	7.10
3588	27136	7.56
3589	26189	7.30
3590	25949	7.23
3591	24883	6.93
3592	26032	7.25
3593	26473	7.37
3594	24706	6.87
3595	26182	7.28
3596	25194	7.01
3597	26954	7.49
3598	25372	7.05
3599	25629	7.12
3600	26518	7.37
3601	26325	7.31
3602	25915	7.19
3603	25929	7.20
3604	25893	7.18
3605	26123	7.25
3606	25026	6.94
3607	25642	7.11
3608	25911	7.18
3609	26263	7.28
3610	25524	7.07
3611	25405	7.04
3612	27598	7.64
3613	26872	7.44
3614	25608	7.09
3615	25349	7.01
3616	25766	7.13
3617	26358	7.29
3618	26146	7.23
3619	25171	6.96
3620	26218	7.24
3621	25886	7.15
3622	26030	7.19
3623	27489	7.59
3624	25950	7.16
3625	25408	7.01
3626	26015	7.17
3627	25111	6.92
3628	26158	7.21
3629	25306	6.97
3630	25382	6.99
3631	26209	7.22
3632	25598	7.05
3633	26836	7.39
3634	26613	7.32
3635	26215	7.21
3636	26555	7.30
3637	26065	7.17
3638	25062	6.89
3639	26008	7.15
3640	26017	7.15
3641	26177	7.19
3642	26255	7.21
3643	25189	6.91
3644	26040	7.15
3645	25509	7.00
3646	26305	7.21
3647	27315	7.49
3648	26163	7.17
3649	25418	6.97
3650	25719	7.05
3651	25208	6.90
3652	25151	6.89
3653	26217	7.18
3654	25290	6.92
3655	26309	7.20
3656	25823	7.06
3657	26201	7.16
3658	25487	6.97
3659	26140	7.14
3660	25506	6.97
3661	27253	7.44
3662	26660	7.28
3663	25486	6.96
3664	26475	7.23
3665	25313	6.91
3666	27415	7.48
3667	26019	7.10
3668	28047	7.65
3669	26106	7.12
3670	27397	7.47
3671	27170	7.40
3672	25653	6.99
3673	25879	7.05
3674	25223	6.87
3675	25743	7.00
3676	25414	6.91
3677	25543	6.95
3678	27240	7.41
3679	27558	7.49
3680	25453	6.92
3681	26616	7.23
3682	27336	7.42
3683	25595	6.95
3684	27757	7.53
3685	26201	7.11
3686	26657	7.23
3687	25544	6.93
3688	25901	7.02
3689	25326	6.87
3690	26006	7.05
3691	26521	7.19
3692	28105	7.61
3693	28425	7.70
3694	26557	7.19
3695	26742	7.24
3696	25675	6.95
3697	26728	7.23
3698	26668	7.21
3699	25385	6.86
3700	27643	7.47
3701	25417	6.87
3702	25903	7.00
3703	27557	7.44
3704	27307	7.37
3705	25973	7.01
3706	25472	6.87
3707	26688	7.20
3708	25468	6.87
3709	26611	7.17
3710	27551	7.43
3711	26344	7.10
3712	25870	6.97
3713	27574	7.43
3714	25490	6.86
3715	27594	7.43
3716	26852	7.23
3717	26696	7.18
3718	25784	6.93
3719	27014	7.26
3720	26980	7.25
3721	26594	7.15
3722	25974	6.98
3723	26891	7.22
3724	26989	7.25
3725	30873	8.29
3726	26796	7.19
3727	26771	7.18
3728	28093	7.54
3729	26946	7.23
3730	26171	7.02
3731	28364	7.60
3732	25867	6.93
3733	26670	7.14
3734	26824	7.18
3735	28452	7.62
3736	26849	7.19
3737	25745	6.89
3738	26949	7.21
3739	27627	7.39
3740	34099	9.12
3741	28716	7.68
3742	32076	8.57
3743	28459	7.60
3744	26680	7.13
3745	25977	6.94
3746	26464	7.06
3747	27454	7.33
3748	26901	7.18
3749	27713	7.39
3750	26908	7.18
3751	27315	7.28
3752	26412	7.04
3753	27543	7.34
3754	26660	7.10
3755	27727	7.38
3756	26257	6.99
3757	28093	7.48
3758	27084	7.21
3759	28861	7.68
3760	25937	6.90
3761	27307	7.26
3762	26077	6.93
3763	26935	7.16
3764	26946	7.16
3765	26875	7.14
3766	26157	6.95
3767	26426	7.02
3768	26956	7.15
3769	25904	6.87
3770	26711	7.09
3771	26927	7.14
3772	26486	7.02
3773	26944	7.14
3774	27403	7.26
3775	26782	7.09
3776	26143	6.92
3777	27382	7.25
3778	26198	6.93
3779	27230	7.21
3780	26231	6.94
3781	27315	7.22
3782	27069	7.16
3783	26451	6.99
3784	27388	7.24
3785	27066	7.15
3786	28126	7.43
3787	26849	7.09
3788	26695	7.05
3789	26944	7.11
3790	27640	7.29
3791	26935	7.10
3792	26149	6.90
3793	27557	7.27
3794	26138	6.89
3795	27844	7.34
3796	26379	6.95
3797	26202	6.90
3798	26982	7.10
3799	26701	7.03
3800	28515	7.50
3801	27594	7.26
3802	27101	7.13
3803	28746	7.56
3804	27087	7.12
3805	26386	6.93
3806	30971	8.14
3807	27082	7.11
3808	26421	6.94
3809	27292	7.17
3810	28171	7.39
3811	26861	7.05
3812	28034	7.35
3813	26283	6.89
3814	26784	7.02
3815	26333	6.90
3816	27291	7.15
3817	27093	7.10
3818	29072	7.61
3819	26459	6.93
3820	26449	6.92
3821	27070	7.08
3822	28237	7.39
3823	27156	7.10
3824	27692	7.24
3825	28000	7.32
3826	28039	7.33
3827	27073	7.07
3828	28005	7.32
3829	28713	7.50
3830	27736	7.24
3831	28104	7.34
3832	26362	6.88
3833	29516	7.70
3834	26973	7.04
3835	28594	7.46
3836	32243	8.41
3837	26386	6.88
3838	26581	6.93
3839	26428	6.88
3840	26798	6.98
3841	27182	7.08
3842	27582	7.18
3843	28612	7.45
3844	28653	7.45
3845	26520	6.90
3846	26763	6.96
3847	28450	7.40
3848	28669	7.45
3849	26511	6.89
3850	26600	6.91
3851	28881	7.50
3852	27880	7.24
3853	28592	7.42
3854	28889	7.50
3855	26966	7.00
3856	30132	7.81
3857	27590	7.15
3858	29430	7.63
3859	29790	7.72
3860	26538	6.88
3861	27655	7.16
3862	26643	6.90
3863	26474	6.85
3864	27806	7.20
3865	28242	7.31
3866	26586	6.88
3867	28173	7.29
3868	27879	7.21
3869	26628	6.88
3870	27208	7.03
3871	27230	7.03
3872	28640	7.40
3873	26591	6.87
3874	28478	7.35
3875	26607	6.87
3876	27856	7.19
3877	26906	6.94
3878	27937	7.20
3879	28074	7.24
3880	28646	7.38
3881	28004	7.22
3882	28118	7.24
3883	26868	6.92
3884	27655	7.12
3885	28077	7.23
3886	26700	6.87
3887	27350	7.04
3888	27602	7.10
3889	28205	7.25
3890	27816	7.15
3891	28789	7.40
3892	27065	6.95
3893	27837	7.15
3894	27708	7.12
3895	27135	6.97
3896	28014	7.19
3897	27211	6.98
3898	27694	7.10
3899	27877	7.15
3900	28537	7.32
3901	26948	6.91
3902	27698	7.10
3903	26978	6.91
3904	27460	7.03
3905	27322	7.00
3906	26809	6.86
3907	27945	7.15
3908	28374	7.26
3909	27820	7.12
3910	27326	6.99
3911	27926	7.14
3912	27240	6.96
3913	27701	7.08
3914	27302	6.98
3915	27765	7.09
3916	27961	7.14
3917	27838	7.11
3918	28033	7.15
3919	29271	7.47
3920	28232	7.20
3921	28017	7.15
3922	27889	7.11
3923	27729	7.07
3924	26891	6.85
3925	28154	7.17
3926	27068	6.89
3927	27919	7.11
3928	27989	7.13
3929	27977	7.12
3930	27037	6.88
3931	32592	8.29
3932	28201	7.17
3933	28845	7.33
3934	27522	7.00
3935	27911	7.09
3936	27887	7.09
3937	28591	7.26
3938	28815	7.32
3939	27173	6.90
3940	28905	7.34
3941	28697	7.28
3942	27323	6.93
3943	28040	7.11
3944	27567	6.99
3945	27987	7.09
3946	27779	7.04
3947	27171	6.88
3948	27673	7.01
3949	28682	7.26
3950	28753	7.28
3951	28444	7.20
3952	27585	6.98
3953	27341	6.92
3954	28600	7.23
3955	28291	7.15
3956	28026	7.08
3957	27297	6.90
3958	28104	7.10
3959	28042	7.08
3960	27562	6.96
3961	27561	6.96
3962	27685	6.99
3963	29183	7.36
3964	27396	6.91
3965	27223	6.87
3966	27644	6.97
3967	28233	7.12
3968	27460	6.92
3969	28022	7.06
3970	28816	7.26
3971	27484	6.92
3972	28700	7.23
3973	29012	7.30
3974	28266	7.11
3975	27814	7.00
3976	27742	6.98
3977	27532	6.92
3978	27775	6.98
3979	28930	7.27
3980	29289	7.36
3981	27595	6.93
3982	27668	6.95
3983	27528	6.91
3984	28063	7.04
3985	27671	6.94
3986	27842	6.98
3987	30984	7.77
3988	28409	7.12
3989	27390	6.87
3990	28490	7.14
3991	28575	7.16
3992	28632	7.17
3993	27784	6.96
3994	27712	6.94
3995	27825	6.96
3996	29959	7.50
3997	28512	7.13
3998	28141	7.04
3999	27669	6.92
4000	30879	7.72
