N	Total Time	Average CPE
1	67	67.00
2	81	40.50
3	100	33.33
4	145	36.25
5	164	32.80
6	214	35.67
7	225	32.14
8	239	29.88
9	255	28.33
10	463	46.30
11	236	21.45
12	320	26.67
13	340	26.15
14	351	25.07
15	394	26.27
16	517	32.31
17	598	35.18
18	516	28.67
19	387	20.37
20	405	20.25
21	424	20.19
22	439	19.95
23	461	20.04
24	476	19.83
25	497	19.88
26	542	20.85
27	562	20.81
28	576	20.57
29	594	20.48
30	614	20.47
31	632	20.39
32	1115	34.84
33	704	21.33
34	722	21.24
35	748	21.37
36	3579	99.42
37	791	21.38
38	820	21.58
39	846	21.69
40	866	21.65
41	897	21.88
42	959	22.83
43	973	22.63
44	991	22.52
45	1017	22.60
46	1039	22.59
47	1128	24.00
48	1091	22.73
49	1125	22.96
50	1139	22.78
51	1312	25.73
52	1194	22.96
53	1352	25.51
54	1236	22.89
55	1523	27.69
56	1947	34.77
57	1306	22.91
58	1333	22.98
59	1506	25.53
60	1373	22.88
61	1541	25.26
62	1426	23.00
63	1622	25.75
64	1480	23.12
65	5112	78.65
66	1578	23.91
67	1593	23.78
68	1643	24.16
69	1648	23.88
70	1798	25.69
71	1710	24.08
72	1921	26.68
73	1775	24.32
74	1810	24.46
75	1856	24.75
76	1913	25.17
77	1949	25.31
78	1971	25.27
79	2049	25.94
80	2027	25.34
81	2057	25.40
82	2090	25.49
83	2380	28.67
84	2525	30.06
85	2560	30.12
86	2213	25.73
87	2260	25.98
88	2277	25.88
89	2329	26.17
90	2541	28.23
91	2581	28.36
92	2411	26.21
93	2445	26.29
94	2477	26.35
95	2973	31.29
96	2688	28.00
97	2573	26.53
98	2609	26.62
99	2631	26.58
100	2672	26.72
101	2746	27.19
102	2743	26.89
103	2796	27.15
104	2819	27.11
105	3151	30.01
106	3279	30.93
107	2955	27.62
108	3247	30.06
109	3029	27.79
110	3549	32.26
111	3144	28.32
112	3139	28.03
113	3191	28.24
114	3219	28.24
115	3428	29.81
116	3302	28.47
117	3332	28.48
118	3539	29.99
119	3445	28.95
120	3451	28.76
121	3497	28.90
122	3835	31.43
123	3705	30.12
124	3594	28.98
125	3656	29.25
126	3954	31.38
127	3912	30.80
128	3740	29.22
129	3890	30.16
130	4126	31.74
131	4059	30.98
132	3959	29.99
133	3986	29.97
134	4074	30.40
135	4074	30.18
136	4108	30.21
137	4434	32.36
138	4386	31.78
139	4241	30.51
140	5289	37.78
141	4386	31.11
142	4402	31.00
143	4667	32.64
144	4653	32.31
145	4540	31.31
146	4558	31.22
147	4640	31.56
148	4649	31.41
149	5145	34.53
150	4740	31.60
151	4765	31.56
152	4811	31.65
153	4909	32.08
154	4893	31.77
155	4968	32.05
156	5218	33.45
157	5193	33.08
158	5089	32.21
159	5160	32.45
160	6052	37.83
161	5421	33.67
162	5424	33.48
163	5297	32.50
164	5379	32.80
165	5368	32.53
166	5677	34.20
167	5633	33.73
168	5506	32.77
169	5643	33.39
170	5636	33.15
171	5641	32.99
172	5910	34.36
173	5724	33.09
174	5796	33.31
175	5900	33.71
176	5895	33.49
177	6425	36.30
178	5987	33.63
179	6025	33.66
180	6134	34.08
181	6321	34.92
182	6367	34.98
183	6219	33.98
184	7262	39.47
185	6552	35.42
186	6668	35.85
187	6390	34.17
188	6528	34.72
189	6519	34.49
190	6759	35.57
191	6592	34.51
192	6624	34.50
193	6718	34.81
194	6725	34.66
195	7104	36.43
196	6818	34.79
197	6863	34.84
198	6992	35.31
199	6968	35.02
200	7168	35.84
201	8236	40.98
202	7117	35.23
203	7409	36.50
204	7370	36.13
205	7237	35.30
206	7345	35.66
207	7642	36.92
208	7428	35.71
209	7679	36.74
210	7551	35.96
211	7559	35.82
212	7779	36.69
213	7674	36.03
214	7723	36.09
215	8203	38.15
216	7795	36.09
217	7897	36.39
218	7910	36.28
219	8507	38.84
220	8212	37.33
221	8086	36.59
222	8081	36.40
223	8400	37.67
224	8188	36.55
225	8294	36.86
226	8573	37.93
227	8779	38.67
228	8421	36.93
229	8438	36.85
230	8892	38.66
231	8542	36.98
232	8690	37.46
233	8863	38.04
234	8852	37.83
235	8788	37.40
236	8832	37.42
237	9017	38.05
238	8934	37.54
239	9006	37.68
240	9439	39.33
241	9075	37.66
242	9363	38.69
243	9411	38.73
244	9399	38.52
245	10141	41.39
246	9308	37.84
247	9629	38.98
248	9431	38.03
249	9493	38.12
250	9686	38.74
251	9577	38.16
252	9666	38.36
253	9844	38.91
254	9738	38.34
255	9821	38.51
256	10316	40.30
257	10613	41.30
258	10522	40.78
259	10480	40.46
260	10150	39.04
261	10248	39.26
262	10705	40.86
263	10321	39.24
264	10406	39.42
265	10894	41.11
266	10510	39.51
267	10594	39.68
268	10997	41.03
269	11575	43.03
270	10782	39.93
271	11226	41.42
272	10873	39.97
273	10895	39.91
274	11344	41.40
275	11031	40.11
276	11354	41.14
277	11267	40.68
278	11374	40.91
279	11420	40.93
280	11282	40.29
281	11384	40.51
282	11801	41.85
283	11504	40.65
284	11803	41.56
285	11820	41.47
286	11723	40.99
287	11827	41.21
288	11718	40.69
289	11825	40.92
290	12096	41.71
291	12790	43.95
292	12762	43.71
293	12943	44.17
294	12123	41.23
295	12170	41.25
296	12265	41.44
297	12816	43.15
298	12357	41.47
299	12441	41.61
300	12641	42.14
301	12566	41.75
302	12857	42.57
303	12643	41.73
304	13042	42.90
305	12912	42.33
306	13083	42.75
307	13323	43.40
308	13189	42.82
309	13292	43.02
310	13098	42.25
311	14643	47.08
312	13517	43.32
313	13574	43.37
314	13784	43.90
315	13413	42.58
316	13998	44.30
317	13515	42.63
318	13917	43.76
319	13826	43.34
320	15207	47.52
321	18337	57.12
322	13881	43.11
323	14321	44.34
324	14004	43.22
325	14655	45.09
326	14434	44.28
327	14553	44.50
328	14839	45.24
329	14297	43.46
330	14751	44.70
331	14738	44.53
332	14639	44.09
333	14555	43.71
334	15253	45.67
335	14695	43.87
336	14918	44.40
337	15341	45.52
338	15261	45.15
339	15030	44.34
340	15121	44.47
341	15054	44.15
342	15362	44.92
343	15362	44.79
344	15640	45.47
345	15750	45.65
346	15590	45.06
347	15448	44.52
348	15948	45.83
349	15580	44.64
350	16044	45.84
351	15703	44.74
352	15972	45.38
353	16335	46.27
354	16294	46.03
355	15913	44.83
356	16517	46.40
357	16039	44.93
358	16440	45.92
359	16188	45.09
360	16646	46.24
361	17804	49.32
362	16535	45.68
363	16476	45.39
364	16641	45.72
365	16575	45.41
366	17366	47.45
367	16789	45.75
368	17084	46.42
369	17331	46.97
370	17427	47.10
371	17244	46.48
372	17159	46.13
373	18170	48.71
374	17189	45.96
375	17644	47.05
376	18042	47.98
377	17356	46.04
378	17601	46.56
379	17881	47.18
380	17844	46.96
381	17749	46.59
382	18105	47.40
383	19647	51.30
384	18163	47.30
385	17904	46.50
386	18452	47.80
387	17999	46.51
388	18443	47.53
389	18596	47.80
390	18781	48.16
391	18501	47.32
392	18331	46.76
393	19026	48.41
394	19058	48.37
395	18760	47.49
396	19071	48.16
397	19221	48.42
398	19422	48.80
399	18822	47.17
400	19043	47.61
401	19408	48.40
402	19198	47.76
403	19509	48.41
404	19895	49.25
405	19404	47.91
406	19453	47.91
407	19379	47.61
408	19996	49.01
409	19739	48.26
410	20219	49.31
411	20024	48.72
412	19693	47.80
413	19715	47.74
414	20015	48.35
415	20052	48.32
416	20398	49.03
417	20695	49.63
418	20267	48.49
419	20712	49.43
420	20206	48.11
421	20520	48.74
422	20793	49.27
423	20944	49.51
424	20836	49.14
425	21157	49.78
426	20686	48.56
427	21167	49.57
428	21069	49.23
429	21547	50.23
430	21382	49.73
431	21304	49.43
432	21268	49.23
433	21709	50.14
434	21636	49.85
435	22833	52.49
436	21588	49.51
437	21606	49.44
438	21546	49.19
439	22012	50.14
440	21830	49.61
441	24325	55.16
442	21918	49.59
443	22164	50.03
444	21903	49.33
445	22251	50.00
446	22326	50.06
447	22643	50.66
448	22394	49.99
449	22659	50.47
450	22369	49.71
451	22402	49.67
452	22693	50.21
453	23063	50.91
454	22778	50.17
455	23137	50.85
456	23220	50.92
457	23094	50.53
458	23397	51.09
459	23602	51.42
460	23333	50.72
461	23134	50.18
462	23721	51.34
463	23736	51.27
464	24289	52.35
465	23476	50.49
466	23659	50.77
467	24063	51.53
468	23698	50.64
469	24311	51.84
470	24236	51.57
471	24323	51.64
472	24228	51.33
473	24260	51.29
474	24227	51.11
475	25073	52.79
476	24280	51.01
477	24455	51.27
478	25069	52.45
479	24793	51.76
480	25940	54.04
481	24818	51.60
482	25173	52.23
483	25201	52.18
484	25499	52.68
485	25441	52.46
486	25444	52.35
487	25492	52.34
488	25405	52.06
489	25219	51.57
490	26463	54.01
491	25513	51.96
492	25684	52.20
493	26082	52.90
494	25626	51.87
495	26647	53.83
496	26207	52.84
497	26277	52.87
498	47855	96.09
499	26924	53.96
500	26535	53.07
501	26303	52.50
502	45195	90.03
503	29649	58.94
504	27416	54.40
505	26884	53.24
506	26712	52.79
507	27068	53.39
508	27163	53.47
509	27652	54.33
510	27028	53.00
511	26933	52.71
512	27430	53.57
513	28095	54.77
514	27403	53.31
515	27778	53.94
516	27880	54.03
517	27976	54.11
518	28946	55.88
519	31835	61.34
520	28108	54.05
521	28262	54.25
522	28307	54.23
523	29052	55.55
524	28551	54.49
525	28384	54.06
526	28379	53.95
527	28775	54.60
528	28821	54.59
529	28718	54.29
530	28730	54.21
531	28991	54.60
532	29654	55.74
533	29043	54.49
534	29307	54.88
535	29460	55.07
536	29989	55.95
537	29601	55.12
538	29670	55.15
539	29730	55.16
540	29632	54.87
541	30452	56.29
542	29972	55.30
543	29831	54.94
544	29866	54.90
545	31168	57.19
546	30664	56.16
547	30245	55.29
548	30425	55.52
549	30236	55.07
550	30566	55.57
551	30354	55.09
552	30722	55.66
553	30769	55.64
554	32286	58.28
555	31007	55.87
556	30787	55.37
557	30964	55.59
558	31419	56.31
559	31037	55.52
560	31204	55.72
561	31276	55.75
562	31708	56.42
563	31173	55.37
564	31677	56.16
565	31722	56.15
566	32907	58.14
567	31731	55.96
568	32076	56.47
569	32136	56.48
570	32175	56.45
571	32768	57.39
572	32372	56.59
573	32173	56.15
574	32322	56.31
575	32776	57.00
576	32762	56.88
577	32538	56.39
578	32853	56.84
579	33599	58.03
580	33084	57.04
581	33089	56.95
582	33176	57.00
583	33551	57.55
584	33201	56.85
585	33294	56.91
586	33448	57.08
587	38205	65.09
588	33742	57.38
589	40040	67.98
590	35348	59.91
591	33887	57.34
592	33732	56.98
593	34082	57.47
594	34673	58.37
595	33969	57.09
596	34388	57.70
597	34662	58.06
598	34915	58.39
599	34626	57.81
600	34495	57.49
601	34568	57.52
602	35302	58.64
603	35040	58.11
604	35062	58.05
605	35140	58.08
606	35907	59.25
607	35139	57.89
608	35346	58.13
609	35923	58.99
610	35604	58.37
611	35661	58.36
612	40285	65.83
613	53659	87.54
614	35702	58.15
615	35991	58.52
616	36893	59.89
617	36228	58.72
618	36233	58.63
619	36393	58.79
620	37000	59.68
621	36345	58.53
622	36785	59.14
623	36832	59.12
624	36741	58.88
625	36826	58.92
626	37094	59.26
627	37013	59.03
628	37213	59.26
629	37275	59.26
630	37568	59.63
631	38460	60.95
632	37616	59.52
633	37489	59.22
634	37856	59.71
635	38105	60.01
636	37804	59.44
637	38199	59.97
638	38533	60.40
639	37966	59.41
640	38396	59.99
641	39195	61.15
642	38686	60.26
643	38814	60.36
644	38884	60.38
645	43575	67.56
646	38764	60.01
647	38821	60.00
648	39436	60.86
649	38975	60.05
650	39256	60.39
651	38884	59.73
652	39830	61.09
653	39381	60.31
654	39457	60.33
655	39705	60.62
656	39801	60.67
657	39742	60.49
658	40049	60.86
659	39858	60.48
660	40237	60.97
661	40239	60.88
662	41140	62.15
663	40254	60.71
664	40507	61.00
665	41051	61.73
666	40510	60.83
667	40632	60.92
668	40808	61.09
669	40752	60.91
670	41131	61.39
671	41103	61.26
672	42347	63.02
673	41365	61.46
674	41353	61.35
675	41332	61.23
676	41160	60.89
677	41383	61.13
678	41826	61.69
679	41888	61.69
680	41626	61.21
681	42275	62.08
682	41740	61.20
683	42132	61.69
684	42240	61.75
685	42911	62.64
686	42377	61.77
687	42856	62.38
688	42331	61.53
689	42530	61.73
690	42816	62.05
691	43862	63.48
692	42735	61.76
693	43026	62.09
694	43758	63.05
695	42868	61.68
696	43294	62.20
697	44510	63.86
698	43489	62.31
699	43567	62.33
700	43984	62.83
701	43832	62.53
702	43717	62.27
703	44606	63.45
704	44216	62.81
705	44224	62.73
706	45416	64.33
707	44280	62.63
708	44143	62.35
709	44671	63.01
710	45042	63.44
711	44677	62.84
712	45224	63.52
713	45357	63.61
714	45114	63.18
715	45533	63.68
716	45663	63.78
717	45040	62.82
718	46302	64.49
719	45815	63.72
720	45297	62.91
721	46387	64.34
722	46741	64.74
723	45998	63.62
724	46557	64.31
725	46208	63.74
726	46263	63.72
727	46973	64.61
728	46408	63.75
729	46565	63.88
730	46966	64.34
731	46461	63.56
732	47103	64.35
733	47258	64.47
734	47027	64.07
735	47432	64.53
736	47596	64.67
737	47584	64.56
738	47404	64.23
739	47905	64.82
740	47740	64.51
741	48083	64.89
742	47984	64.67
743	47859	64.41
744	49348	66.33
745	52364	70.29
746	48208	64.62
747	48943	65.52
748	48442	64.76
749	48545	64.81
750	49055	65.41
751	49019	65.27
752	48985	65.14
753	49251	65.41
754	48993	64.98
755	49472	65.53
756	49626	65.64
757	48989	64.71
758	49788	65.68
759	49402	65.09
760	49745	65.45
761	50249	66.03
762	50141	65.80
763	50522	66.21
764	50234	65.75
765	49899	65.23
766	51179	66.81
767	50417	65.73
768	50459	65.70
769	51665	67.18
770	50565	65.67
771	50836	65.94
772	52441	67.93
773	51056	66.05
774	51327	66.31
775	51288	66.18
776	51182	65.96
777	52068	67.01
778	51376	66.04
779	51617	66.26
780	52287	67.03
781	51808	66.34
782	52433	67.05
783	51767	66.11
784	52460	66.91
785	52841	67.31
786	52597	66.92
787	53312	67.74
788	55965	71.02
789	52553	66.61
790	55410	70.14
791	53069	67.09
792	53623	67.71
793	53211	67.10
794	52853	66.57
795	53708	67.56
796	53318	66.98
797	53682	67.36
798	53823	67.45
799	53590	67.07
800	53561	66.95
801	53740	67.09
802	54455	67.90
803	54744	68.17
804	54441	67.71
805	54727	67.98
806	54104	67.13
807	54449	67.47
808	55651	68.88
809	54695	67.61
810	55192	68.14
811	54792	67.56
812	55500	68.35
813	55826	68.67
814	55263	67.89
815	56222	68.98
816	55686	68.24
817	56069	68.63
818	55816	68.23
819	55387	67.63
820	55847	68.11
821	56303	68.58
822	56441	68.66
823	56548	68.71
824	57364	69.62
825	56819	68.87
826	56941	68.94
827	57961	70.09
828	56737	68.52
829	57404	69.24
830	58190	70.11
831	57293	68.94
832	57732	69.39
833	57490	69.02
834	58119	69.69
835	57568	68.94
836	57918	69.28
837	58349	69.71
838	57447	68.55
839	58573	69.81
840	58992	70.23
841	59162	70.35
842	58546	69.53
843	58680	69.61
844	59175	70.11
845	58460	69.18
846	60197	71.15
847	59039	69.70
848	59896	70.63
849	59245	69.78
850	59356	69.83
851	59502	69.92
852	59252	69.54
853	60140	70.50
854	59600	69.79
855	59692	69.82
856	59762	69.82
857	60792	70.94
858	60139	70.09
859	60314	70.21
860	60466	70.31
861	60786	70.60
862	61703	71.58
863	60725	70.37
864	62010	71.77
865	64279	74.31
866	62555	72.23
867	61309	70.71
868	60552	69.76
869	61758	71.07
870	61274	70.43
871	62099	71.30
872	61819	70.89
873	62167	71.21
874	61918	70.84
875	61998	70.85
876	62413	71.25
877	62313	71.05
878	62947	71.69
879	62610	71.23
880	62648	71.19
881	63027	71.54
882	64610	73.25
883	63111	71.47
884	63463	71.79
885	63248	71.47
886	63653	71.84
887	63566	71.66
888	64059	72.14
889	63259	71.16
890	63811	71.70
891	63829	71.64
892	63229	70.88
893	64210	71.90
894	64749	72.43
895	64482	72.05
896	64509	72.00
897	64694	72.12
898	64768	72.12
899	69078	76.84
900	65298	72.55
901	65732	72.95
902	65008	72.07
903	65835	72.91
904	64977	71.88
905	66086	73.02
906	65613	72.42
907	65811	72.56
908	65876	72.55
909	66152	72.77
910	66646	73.24
911	66326	72.81
912	66748	73.19
913	66322	72.64
914	67044	73.35
915	66368	72.53
916	67522	73.71
917	67334	73.43
918	67153	73.15
919	66912	72.81
920	67755	73.65
921	67569	73.36
922	68174	73.94
923	67379	73.00
924	67950	73.54
925	67746	73.24
926	68383	73.85
927	67955	73.31
928	68838	74.18
929	68156	73.36
930	68919	74.11
931	68250	73.31
932	73432	78.79
933	68915	73.86
934	89749	96.09
935	69107	73.91
936	68965	73.68
937	68840	73.47
938	69875	74.49
939	69559	74.08
940	70149	74.63
941	69832	74.21
942	70384	74.72
943	70031	74.26
944	70610	74.80
945	70113	74.19
946	70562	74.59
947	70406	74.35
948	71728	75.66
949	70518	74.31
950	71341	75.10
951	70844	74.49
952	71227	74.82
953	71162	74.67
954	71870	75.34
955	72075	75.47
956	75386	78.86
957	74155	77.49
958	71729	74.87
959	73191	76.32
960	73260	76.31
961	72565	75.51
962	72439	75.30
963	73473	76.30
964	72865	75.59
965	73328	75.99
966	72914	75.48
967	73148	75.64
968	73049	75.46
969	73526	75.88
970	73268	75.53
971	73357	75.55
972	74444	76.59
973	73819	75.87
974	74173	76.15
975	73878	75.77
976	74191	76.02
977	74312	76.06
978	75416	77.11
979	73908	75.49
980	75119	76.65
981	74797	76.25
982	75410	76.79
983	74821	76.11
984	75892	77.13
985	75317	76.46
986	75510	76.58
987	75759	76.76
988	75774	76.69
989	75848	76.69
990	75263	76.02
991	75939	76.63
992	76146	76.76
993	77259	77.80
994	76347	76.81
995	77936	78.33
996	76856	77.16
997	76678	76.91
998	77371	77.53
999	76862	76.94
1000	77412	77.41
1001	77304	77.23
1002	78621	78.46
1003	77446	77.21
1004	77729	77.42
1005	77427	77.04
1006	77856	77.39
1007	79235	78.68
1008	78072	77.45
1009	78850	78.15
1010	78206	77.43
1011	78713	77.86
1012	78338	77.41
1013	79215	78.20
1014	79994	78.89
1015	79051	77.88
1016	79669	78.41
1017	79294	77.97
1018	79361	77.96
1019	79798	78.31
1020	80378	78.80
1021	84353	82.62
1022	80358	78.63
1023	80706	78.89
1024	80447	78.56
1025	81769	79.77
1026	80895	78.85
1027	80808	78.68
1028	81155	78.94
1029	81665	79.36
1030	82370	79.97
1031	81070	78.63
1032	88595	85.85
1033	83637	80.97
1034	82094	79.39
1035	83262	80.45
1036	82085	79.23
1037	83062	80.10
1038	82902	79.87
1039	82788	79.68
1040	83215	80.01
1041	82817	79.56
1042	83183	79.83
1043	83272	79.84
1044	83381	79.87
1045	84093	80.47
1046	82862	79.22
1047	84986	81.17
1048	84009	80.16
1049	84154	80.22
1050	85108	81.06
1051	84423	80.33
1052	84642	80.46
1053	84930	80.66
1054	84597	80.26
1055	85054	80.62
1056	85159	80.64
1057	85031	80.45
1058	89982	85.05
1059	85137	80.39
1060	84933	80.13
1061	85795	80.86
1062	85835	80.82
1063	85584	80.51
1064	85306	80.17
1065	86244	80.98
1066	86294	80.95
1067	86270	80.85
1068	86857	81.33
1069	86716	81.12
1070	86961	81.27
1071	87716	81.90
1072	87254	81.39
1073	87396	81.45
1074	87296	81.28
1075	87486	81.38
1076	87698	81.50
1077	87892	81.61
1078	88179	81.80
1079	88301	81.84
1080	87999	81.48
1081	89441	82.74
1082	88340	81.65
1083	88985	82.17
1084	91572	84.48
1085	89102	82.12
1086	88645	81.63
1087	89088	81.96
1088	89028	81.83
1089	89466	82.15
1090	89656	82.25
1091	89775	82.29
1092	90281	82.67
1093	89739	82.10
1094	89724	82.01
1095	90175	82.35
1096	91071	83.09
1097	90492	82.49
1098	91039	82.91
1099	90689	82.52
1100	92678	84.25
1101	92181	83.72
1102	91091	82.66
1103	91172	82.66
1104	91285	82.69
1105	92188	83.43
1106	91938	83.13
1107	92729	83.77
1108	93249	84.16
1109	96551	87.06
1110	92734	83.54
1111	92036	82.84
1112	93333	83.93
1113	92850	83.42
1114	92514	83.05
1115	106707	95.70
1116	93253	83.56
1117	93773	83.95
1118	93658	83.77
1119	96143	85.92
1120	94770	84.62
1121	94086	83.93
1122	95030	84.70
1123	95185	84.76
1124	93923	83.56
1125	94979	84.43
1126	94772	84.17
1127	94369	83.73
1128	94858	84.09
1129	94817	83.98
1130	95081	84.14
1131	95250	84.22
1132	99949	88.29
1133	95891	84.63
1134	95484	84.20
1135	95932	84.52
1136	96002	84.51
1137	96472	84.85
1138	96825	85.08
1139	120821	106.08
1140	96601	84.74
1141	96489	84.57
1142	97169	85.09
1143	98355	86.05
1144	97427	85.16
1145	103040	89.99
1146	97335	84.93
1147	97836	85.30
1148	98582	85.87
1149	97621	84.96
1150	97671	84.93
1151	99661	86.59
1152	97899	84.98
1153	98685	85.59
1154	98583	85.43
1155	103740	89.82
1156	98849	85.51
1157	99150	85.70
1158	99123	85.60
1159	99039	85.45
1160	99615	85.88
1161	106073	91.36
1162	101069	86.98
1163	99786	85.80
1164	100313	86.18
1165	100102	85.92
1166	100608	86.28
1167	99985	85.68
1168	100460	86.01
1169	100552	86.02
1170	100847	86.19
1171	101245	86.46
1172	101270	86.41
1173	100802	85.94
1174	101537	86.49
1175	101306	86.22
1176	101836	86.60
1177	101828	86.51
1178	105669	89.70
1179	102487	86.93
1180	102309	86.70
1181	102831	87.07
1182	103069	87.20
1183	102959	87.03
1184	102837	86.86
1185	102891	86.83
1186	103002	86.85
1187	103167	86.91
1188	103310	86.96
1189	103303	86.88
1190	103963	87.36
1191	104087	87.39
1192	104435	87.61
1193	105630	88.54
1194	104664	87.66
1195	104142	87.15
1196	105031	87.82
1197	104537	87.33
1198	105160	87.78
1199	105815	88.25
1200	116667	97.22
1201	106855	88.97
1202	105767	87.99
1203	105885	88.02
1204	106905	88.79
1205	106398	88.30
1206	106488	88.30
1207	106479	88.22
1208	106255	87.96
1209	106542	88.12
1210	106686	88.17
1211	107127	88.46
1212	106875	88.18
1213	107562	88.67
1214	107727	88.74
1215	107847	88.76
1216	107376	88.30
1217	107924	88.68
1218	108113	88.76
1219	108020	88.61
1220	111760	91.61
1221	109816	89.94
1222	108448	88.75
1223	109365	89.42
1224	108649	88.77
1225	109214	89.15
1226	111618	91.04
1227	109375	89.14
1228	109739	89.36
1229	109358	88.98
1230	109781	89.25
1231	111367	90.47
1232	110999	90.10
1233	109778	89.03
1234	111624	90.46
1235	111544	90.32
1236	110792	89.64
1237	110810	89.58
1238	110141	88.97
1239	111022	89.61
1240	111346	89.80
1241	116110	93.56
1242	112933	90.93
1243	111630	89.81
1244	111993	90.03
1245	112291	90.19
1246	112388	90.20
1247	112275	90.04
1248	112502	90.15
1249	112563	90.12
1250	112771	90.22
1251	113923	91.07
1252	112972	90.23
1253	113250	90.38
1254	113142	90.22
1255	113253	90.24
1256	114223	90.94
1257	113612	90.38
1258	115060	91.46
1259	123009	97.70
1260	115788	91.90
1261	115138	91.31
1262	115069	91.18
1263	114868	90.95
1264	115455	91.34
1265	115404	91.23
1266	118528	93.62
1267	116144	91.67
1268	115591	91.16
1269	115916	91.34
1270	116932	92.07
1271	116238	91.45
1272	116641	91.70
1273	119142	93.59
1274	116776	91.66
1275	118132	92.65
1276	117068	91.75
1277	118053	92.45
1278	125077	97.87
1279	117606	91.95
1280	117552	91.84
1281	118370	92.40
1282	118967	92.80
1283	118317	92.22
1284	117736	91.69
1285	118544	92.25
1286	118592	92.22
1287	118884	92.37
1288	120146	93.28
1289	119388	92.62
1290	120981	93.78
1291	120002	92.95
1292	303550	234.95
1293	120475	93.17
1294	120049	92.77
1295	119907	92.59
1296	136914	105.64
1297	121273	93.50
1298	120590	92.90
1299	120547	92.80
1300	125679	96.68
1301	121198	93.16
1302	121211	93.10
1303	121257	93.06
1304	122075	93.62
1305	121518	93.12
1306	121850	93.30
1307	121535	92.99
1308	122057	93.32
1309	122623	93.68
1310	122420	93.45
1311	123418	94.14
1312	122304	93.22
1313	123070	93.73
1314	126617	96.36
1315	123475	93.90
1316	124966	94.96
1317	128598	97.64
1318	136093	103.26
1319	124782	94.60
1320	123787	93.78
1321	123892	93.79
1322	124305	94.03
1323	125268	94.68
1324	124673	94.16
1325	125070	94.39
1326	124933	94.22
1327	126740	95.51
1328	125584	94.57
1329	125807	94.66
1330	128038	96.27
1331	125801	94.52
1332	129516	97.23
1333	126151	94.64
1334	126840	95.08
1335	126075	94.44
1336	128394	96.10
1337	126680	94.75
1338	129420	96.73
1339	131649	98.32
1340	126425	94.35
1341	126821	94.57
1342	135750	101.15
1343	138150	102.87
1344	143904	107.07
1345	141912	105.51
1346	129087	95.90
1347	130991	97.25
1348	129964	96.41
1349	129522	96.01
1350	129771	96.13
1351	129329	95.73
1352	129448	95.75
1353	134275	99.24
1354	129499	95.64
1355	129852	95.83
1356	130307	96.10
1357	176216	129.86
1358	130219	95.89
1359	130743	96.21
1360	129991	95.58
1361	131765	96.81
1362	131960	96.89
1363	130947	96.07
1364	131324	96.28
1365	131259	96.16
1366	131449	96.23
1367	131290	96.04
1368	131894	96.41
1369	132125	96.51
1370	133177	97.21
1371	131846	96.17
1372	132896	96.86
1373	132496	96.50
1374	132805	96.66
1375	133086	96.79
1376	133792	97.23
1377	133312	96.81
1378	133191	96.66
1379	137645	99.82
1380	133725	96.90
1381	134810	97.62
1382	134351	97.21
1383	134053	96.93
1384	134052	96.86
1385	135144	97.58
1386	135051	97.44
1387	137749	99.31
1388	135830	97.86
1389	135508	97.56
1390	135143	97.23
1391	135218	97.21
1392	135829	97.58
1393	135913	97.57
1394	137303	98.50
1395	136600	97.92
1396	136373	97.69
1397	136658	97.82
1398	136407	97.57
1399	137000	97.93
1400	136641	97.60
1401	137375	98.05
1402	137617	98.16
1403	138486	98.71
1404	142781	101.70
1405	138233	98.39
1406	138164	98.27
1407	139577	99.20
1408	139544	99.11
1409	139537	99.03
1410	139300	98.79
1411	138683	98.29
1412	140278	99.35
1413	154877	109.61
1414	167532	118.48
1415	139734	98.75
1416	139509	98.52
1417	139874	98.71
1418	140740	99.25
1419	140670	99.13
1420	143846	101.30
1421	141563	99.62
1422	141084	99.22
1423	141256	99.27
1424	141478	99.35
1425	141621	99.38
1426	142002	99.58
1427	142646	99.96
1428	142550	99.82
1429	141944	99.33
1430	142694	99.79
1431	142613	99.66
1432	143564	100.25
1433	142912	99.73
1434	143199	99.86
1435	142964	99.63
1436	146421	101.96
1437	144851	100.80
1438	144153	100.25
1439	143496	99.72
1440	144539	100.37
1441	144320	100.15
1442	144351	100.10
1443	144300	100.00
1444	147021	101.82
1445	145841	100.93
1446	145017	100.29
1447	146872	101.50
1448	145699	100.62
1449	145703	100.55
1450	145873	100.60
1451	145654	100.38
1452	148402	102.21
1453	146906	101.11
1454	147308	101.31
1455	148366	101.97
1456	146901	100.89
1457	173675	119.20
1458	147259	101.00
1459	147557	101.14
1460	148064	101.41
1461	148679	101.77
1462	148974	101.90
1463	148534	101.53
1464	148696	101.57
1465	148715	101.51
1466	150036	102.34
1467	151567	103.32
1468	149954	102.15
1469	148579	101.14
1470	149036	101.39
1471	150131	102.06
1472	149819	101.78
1473	150894	102.44
1474	149921	101.71
1475	151251	102.54
1476	150932	102.26
1477	151686	102.70
1478	151277	102.35
1479	151439	102.39
1480	151583	102.42
1481	151319	102.17
1482	152055	102.60
1483	154865	104.43
1484	152603	102.83
1485	152116	102.44
1486	152803	102.83
1487	152872	102.81
1488	152993	102.82
1489	153424	103.04
1490	180241	120.97
1491	153698	103.08
1492	153837	103.11
1493	153598	102.88
1494	153695	102.87
1495	153526	102.69
1496	153946	102.91
1497	156938	104.84
1498	154698	103.27
1499	155104	103.47
1500	156691	104.46
1501	155289	103.46
1502	155408	103.47
1503	156204	103.93
1504	182733	121.50
1505	156109	103.73
1506	156620	104.00
1507	157205	104.32
1508	156916	104.06
1509	156644	103.81
1510	156607	103.71
1511	157708	104.37
1512	161061	106.52
1513	158594	104.82
1514	158551	104.72
1515	158291	104.48
1516	158223	104.37
1517	158178	104.27
1518	158076	104.13
1519	158429	104.30
1520	158487	104.27
1521	159538	104.89
1522	160726	105.60
1523	159353	104.63
1524	159366	104.57
1525	159843	104.82
1526	159511	104.53
1527	162804	106.62
1528	160393	104.97
1529	160353	104.87
1530	160631	104.99
1531	161035	105.18
1532	161049	105.12
1533	161172	105.14
1534	161283	105.14
1535	161497	105.21
1536	163080	106.17
1537	161673	105.19
1538	161837	105.23
1539	166224	108.01
1540	165064	107.18
1541	165498	107.40
1542	162951	105.68
1543	163283	105.82
1544	162495	105.24
1545	163390	105.75
1546	163721	105.90
1547	164264	106.18
1548	163956	105.91
1549	164802	106.39
1550	165846	107.00
1551	164572	106.11
1552	164670	106.10
1553	166520	107.22
1554	165986	106.81
1555	169630	109.09
1556	165185	106.16
1557	166915	107.20
1558	166102	106.61
1559	165581	106.21
1560	166199	106.54
1561	166588	106.72
1562	169357	108.42
1563	167506	107.17
1564	167977	107.40
1565	167169	106.82
1566	167326	106.85
1567	167665	107.00
1568	167469	106.80
1569	172144	109.72
1570	195187	124.32
1571	168731	107.40
1572	168764	107.36
1573	168938	107.40
1574	169292	107.56
1575	171603	108.95
1576	173836	110.30
1577	171402	108.69
1578	171082	108.42
1579	177924	112.68
1580	174904	110.70
1581	172735	109.26
1582	172730	109.18
1583	171717	108.48
1584	171404	108.21
1585	173708	109.59
1586	171930	108.40
1587	171907	108.32
1588	174175	109.68
1589	184949	116.39
1590	172659	108.59
1591	180146	113.23
1592	173266	108.84
1593	181167	113.73
1594	173619	108.92
1595	176975	110.96
1596	174694	109.46
1597	175194	109.70
1598	174082	108.94
1599	174420	109.08
1600	174380	108.99
1601	196853	122.96
1602	174685	109.04
1603	174979	109.16
1604	175295	109.29
1605	175687	109.46
1606	175845	109.49
1607	176083	109.57
1608	177587	110.44
1609	176531	109.71
1610	176394	109.56
1611	176670	109.66
1612	176786	109.67
1613	176307	109.30
1614	181482	112.44
1615	177968	110.20
1616	177603	109.90
1617	179161	110.80
1618	179028	110.65
1619	178593	110.31
1620	178051	109.91
1621	179532	110.75
1622	178836	110.26
1623	179652	110.69
1624	180039	110.86
1625	179163	110.25
1626	179935	110.66
1627	189150	116.26
1628	198287	121.80
1629	180408	110.75
1630	180608	110.80
1631	181250	111.13
1632	179423	109.94
1633	180894	110.77
1634	182902	111.94
1635	181727	111.15
1636	182611	111.62
1637	182261	111.34
1638	181614	110.88
1639	182990	111.65
1640	186784	113.89
1641	182648	111.30
1642	184998	112.67
1643	193665	117.87
1644	182681	111.12
1645	182840	111.15
1646	185095	112.45
1647	183181	111.22
1648	198188	120.26
1649	185400	112.43
1650	185016	112.13
1651	184060	111.48
1652	185289	112.16
1653	188669	114.14
1654	184137	111.33
1655	189241	114.35
1656	198785	120.04
1657	185989	112.24
1658	186068	112.22
1659	190142	114.61
1660	187823	113.15
1661	186249	112.13
1662	188236	113.26
1663	189357	113.86
1664	187385	112.61
1665	188483	113.20
1666	188448	113.11
1667	191472	114.86
1668	187890	112.64
1669	188759	113.10
1670	188488	112.87
1671	193285	115.67
1672	209077	125.05
1673	188275	112.54
1674	188751	112.75
1675	189280	113.00
1676	189569	113.11
1677	192964	115.06
1678	191012	113.83
1679	190273	113.33
1680	190554	113.42
1681	191872	114.14
1682	190894	113.49
1683	194606	115.63
1684	193088	114.66
1685	192618	114.31
1686	191784	113.75
1687	191318	113.41
1688	192527	114.06
1689	192848	114.18
1690	192893	114.14
1691	192158	113.64
1692	193371	114.29
1693	192997	114.00
1694	215019	126.93
1695	197843	116.72
1696	194557	114.72
1697	193572	114.07
1698	196304	115.61
1699	194978	114.76
1700	193994	114.11
1701	215280	126.56
1702	196532	115.47
1703	195356	114.71
1704	197680	116.01
1705	197974	116.11
1706	195643	114.68
1707	200736	117.60
1708	196932	115.30
1709	195919	114.64
1710	196742	115.05
1711	196441	114.81
1712	197381	115.29
1713	198515	115.89
1714	198273	115.68
1715	198401	115.69
1716	197578	115.14
1717	199861	116.40
1718	204996	119.32
1719	199944	116.31
1720	198222	115.25
1721	215986	125.50
1722	209146	121.46
1723	199039	115.52
1724	202475	117.44
1725	200158	116.03
1726	200502	116.17
1727	199641	115.60
1728	201013	116.33
1729	201714	116.67
1730	203834	117.82
1731	201751	116.55
1732	201521	116.35
1733	201153	116.07
1734	202129	116.57
1735	202936	116.97
1736	202540	116.67
1737	202896	116.81
1738	225068	129.50
1739	203289	116.90
1740	202868	116.59
1741	208518	119.77
1742	222765	127.88
1743	203643	116.83
1744	206818	118.59
1745	203603	116.68
1746	203678	116.65
1747	206658	118.29
1748	205457	117.54
1749	205121	117.28
1750	204731	116.99
1751	214805	122.68
1752	206756	118.01
1753	206147	117.60
1754	206349	117.64
1755	206237	117.51
1756	232651	132.49
1757	208180	118.49
1758	207954	118.29
1759	208240	118.39
1760	208500	118.47
1761	208132	118.19
1762	207672	117.86
1763	207501	117.70
1764	208143	117.99
1765	208663	118.22
1766	208071	117.82
1767	210894	119.35
1768	227353	128.59
1769	209952	118.68
1770	212899	120.28
1771	209435	118.26
1772	209228	118.07
1773	213158	120.22
1774	210205	118.49
1775	213962	120.54
1776	210902	118.75
1777	210624	118.53
1778	212050	119.26
1779	210907	118.55
1780	212631	119.46
1781	214764	120.59
1782	212607	119.31
1783	212199	119.01
1784	214180	120.06
1785	225515	126.34
1786	213103	119.32
1787	212824	119.10
1788	214906	120.19
1789	213052	119.09
1790	212494	118.71
1791	213618	119.27
1792	213790	119.30
1793	213796	119.24
1794	213139	118.81
1795	219028	122.02
1796	214402	119.38
1797	215330	119.83
1798	218762	121.67
1799	215400	119.73
1800	215782	119.88
1801	216088	119.98
1802	215995	119.86
1803	217103	120.41
1804	217120	120.35
1805	217059	120.25
1806	220564	122.13
1807	217009	120.09
1808	216593	119.80
1809	217509	120.24
1810	232901	128.67
1811	218990	120.92
1812	217508	120.04
1813	218026	120.26
1814	217964	120.16
1815	218119	120.18
1816	221377	121.90
1817	222087	122.23
1818	235587	129.59
1819	219521	120.68
1820	219081	120.37
1821	219657	120.62
1822	220914	121.25
1823	220882	121.16
1824	220523	120.90
1825	221943	121.61
1826	220836	120.94
1827	226003	123.70
1828	238678	130.57
1829	222173	121.47
1830	221541	121.06
1831	223413	122.02
1832	222929	121.69
1833	222331	121.29
1834	222607	121.38
1835	240125	130.86
1836	223376	121.66
1837	223509	121.67
1838	227867	123.98
1839	223514	121.54
1840	224342	121.92
1841	224453	121.92
1842	242319	131.55
1843	226162	122.71
1844	225225	122.14
1845	225794	122.38
1846	226802	122.86
1847	225791	122.25
1848	229835	124.37
1849	227014	122.78
1850	226990	122.70
1851	226562	122.40
1852	226662	122.39
1853	228162	123.13
1854	226691	122.27
1855	227342	122.56
1856	228157	122.93
1857	227070	122.28
1858	229177	123.35
1859	229491	123.45
1860	228487	122.84
1861	229200	123.16
1862	228666	122.81
1863	230953	123.97
1864	230038	123.41
1865	230674	123.69
1866	230342	123.44
1867	230700	123.57
1868	231707	124.04
1869	233071	124.70
1870	230528	123.28
1871	230533	123.21
1872	231821	123.84
1873	250366	133.67
1874	231667	123.62
1875	231952	123.71
1876	231867	123.60
1877	232417	123.82
1878	233369	124.26
1879	235526	125.35
1880	233478	124.19
1881	233561	124.17
1882	233540	124.09
1883	234138	124.34
1884	237008	125.80
1885	235308	124.83
1886	234789	124.49
1887	235396	124.75
1888	234409	124.16
1889	235112	124.46
1890	238369	126.12
1891	235753	124.67
1892	237713	125.64
1893	236159	124.75
1894	236002	124.61
1895	236322	124.71
1896	236685	124.83
1897	237008	124.94
1898	238471	125.64
1899	237157	124.89
1900	254904	134.16
1901	240624	126.58
1902	239037	125.68
1903	238781	125.48
1904	239359	125.71
1905	241918	126.99
1906	253520	133.01
1907	240694	126.22
1908	241042	126.33
1909	240937	126.21
1910	241030	126.19
1911	243126	127.22
1912	281577	147.27
1913	244511	127.82
1914	241615	126.24
1915	241299	126.00
1916	241885	126.24
1917	245550	128.09
1918	242089	126.22
1919	242529	126.38
1920	242749	126.43
1921	244861	127.47
1922	244692	127.31
1923	243484	126.62
1924	243176	126.39
1925	255660	132.81
1926	243904	126.64
1927	248279	128.84
1928	244747	126.94
1929	243685	126.33
1930	254595	131.91
1931	247286	128.06
1932	245336	126.99
1933	247165	127.87
1934	246537	127.48
1935	247480	127.90
1936	246992	127.58
1937	246696	127.36
1938	274452	141.62
1939	251292	129.60
1940	247242	127.44
1941	248129	127.84
1942	247599	127.50
1943	248066	127.67
1944	250552	128.88
1945	248364	127.69
1946	248548	127.72
1947	249280	128.03
1948	248908	127.78
1949	249568	128.05
1950	248782	127.58
1951	249379	127.82
1952	261522	133.98
1953	250064	128.04
1954	250810	128.36
1955	250340	128.05
1956	250492	128.06
1957	251245	128.38
1958	256413	130.96
1959	251093	128.17
1960	252757	128.96
1961	251891	128.45
1962	252894	128.90
1963	253944	129.37
1964	253057	128.85
1965	280701	142.85
1966	253493	128.94
1967	257140	130.73
1968	254174	129.15
1969	253837	128.92
1970	254601	129.24
1971	255321	129.54
1972	254724	129.17
1973	255037	129.26
1974	254815	129.09
1975	254763	128.99
1976	258197	130.67
1977	256958	129.97
1978	255501	129.17
1979	257691	130.21
1980	258909	130.76
1981	258418	130.45
1982	257809	130.08
1983	257072	129.64
1984	266687	134.42
1985	295950	149.09
1986	259741	130.79
1987	258347	130.02
1988	258733	130.15
1989	259892	130.66
1990	258672	129.99
1991	261149	131.16
1992	263923	132.49
1993	260512	130.71
1994	260570	130.68
1995	277162	138.93
1996	260865	130.69
1997	261545	130.97
1998	261891	131.08
1999	262816	131.47
2000	262140	131.07
2001	262644	131.26
2002	266344	133.04
2003	261900	130.75
2004	263227	131.35
2005	262912	131.13
2006	263339	131.28
2007	263581	131.33
2008	263567	131.26
2009	264084	131.45
2010	267446	133.06
2011	267795	133.17
2012	264028	131.23
2013	265858	132.07
2014	263873	131.02
2015	265263	131.64
2016	265334	131.61
2017	266178	131.97
2018	265386	131.51
2019	265394	131.45
2020	270199	133.76
2021	265972	131.60
2022	266388	131.74
2023	267347	132.15
2024	267377	132.10
2025	267140	131.92
2026	268597	132.58
2027	266980	131.71
2028	267626	131.97
2029	299981	147.85
2030	268713	132.37
2031	269859	132.87
2032	268666	132.22
2033	269984	132.80
2034	268984	132.24
2035	272027	133.67
2036	270971	133.09
2037	274547	134.78
2038	270142	132.55
2039	271319	133.06
2040	271822	133.25
2041	270462	132.51
2042	272350	133.37
2043	271539	132.91
2044	272534	133.33
2045	275647	134.79
2046	274691	134.26
2047	271852	132.81
2048	272468	133.04
2049	275005	134.21
2050	275395	134.34
2051	274121	133.65
2052	274742	133.89
2053	274694	133.80
2054	275076	133.92
2055	279444	135.98
2056	330369	160.69
2057	274967	133.67
2058	275480	133.86
2059	276000	134.05
2060	276081	134.02
2061	276553	134.18
2062	303831	147.35
2063	281897	136.64
2064	278249	134.81
2065	305348	147.87
2066	277630	134.38
2067	278754	134.86
2068	289780	140.13
2069	281195	135.91
2070	279262	134.91
2071	280956	135.66
2072	281038	135.64
2073	293590	141.63
2074	281006	135.49
2075	282645	136.21
2076	284789	137.18
2077	281831	135.69
2078	281194	135.32
2079	282964	136.11
2080	291942	140.36
2081	306076	147.08
2082	303992	146.01
2083	311237	149.42
2084	306811	147.22
2085	304263	145.93
2086	306886	147.12
2087	306068	146.65
2088	309574	148.26
2089	305369	146.18
2090	306603	146.70
2091	310134	148.32
2092	306138	146.34
2093	305845	146.13
2094	307864	147.02
2095	307627	146.84
2096	307254	146.59
2097	307197	146.49
2098	307402	146.52
2099	312761	149.00
2100	309040	147.16
2101	309490	147.31
2102	307969	146.51
2103	313616	149.13
2104	310973	147.80
2105	308867	146.73
2106	310560	147.46
2107	314336	149.19
2108	310618	147.35
2109	310461	147.21
2110	313053	148.37
2111	311087	147.36
2112	312445	147.94
2113	311293	147.32
2114	316175	149.56
2115	313494	148.22
2116	312654	147.76
2117	313539	148.11
2118	314820	148.64
2119	314085	148.22
2120	313602	147.93
2121	313468	147.79
2122	319237	150.44
2123	313908	147.86
2124	314424	148.03
2125	317095	149.22
2126	315269	148.29
2127	315114	148.15
2128	315373	148.20
2129	319226	149.94
2130	318551	149.55
2131	317544	149.01
2132	316724	148.56
2133	320608	150.31
2134	316841	148.47
2135	316805	148.39
2136	317298	148.55
2137	322728	151.02
2138	317520	148.51
2139	318538	148.92
2140	319442	149.27
2141	322640	150.70
2142	318635	148.76
2143	320197	149.42
2144	325321	151.74
2145	321304	149.79
2146	320536	149.36
2147	320657	149.35
2148	322101	149.95
2149	321553	149.63
2150	321423	149.50
2151	325812	151.47
2152	322804	150.00
2153	321779	149.46
2154	322313	149.63
2155	323425	150.08
2156	324370	150.45
2157	323251	149.86
2158	324551	150.39
2159	331248	153.43
2160	326678	151.24
2161	325251	150.51
2162	325157	150.40
2163	324461	150.01
2164	326120	150.70
2165	325422	150.31
2166	329495	152.12
2167	327545	151.15
2168	326971	150.82
2169	328409	151.41
2170	328726	151.49
2171	327351	150.78
2172	328207	151.11
2173	333417	153.44
2174	326879	150.36
2175	328759	151.15
2176	328516	150.97
2177	329678	151.44
2178	310709	142.66
2179	336653	154.50
2180	308374	141.46
2181	308452	141.43
2182	309311	141.76
2183	308840	141.48
2184	313863	143.71
2185	331519	151.72
2186	310604	142.09
2187	309699	141.61
2188	312343	142.75
2189	310798	141.98
2190	310574	141.81
2191	310317	141.63
2192	315521	143.94
2193	311173	141.89
2194	312159	142.28
2195	345884	157.58
2196	340474	155.04
2197	334353	152.19
2198	340118	154.74
2199	340222	154.72
2200	334549	152.07
2201	339895	154.43
2202	334869	152.07
2203	337679	153.28
2204	336198	152.54
2205	337999	153.29
2206	341774	154.93
2207	344751	156.21
2208	342246	155.00
2209	343302	155.41
2210	338563	153.20
2211	341398	154.41
2212	339376	153.42
2213	341184	154.17
2214	360558	162.85
2215	345446	155.96
2216	339380	153.15
2217	341976	154.25
2218	340275	153.42
2219	341725	154.00
2220	343523	154.74
2221	342671	154.29
2222	351110	158.02
2223	342835	154.22
2224	343484	154.44
2225	344793	154.96
2226	344462	154.74
2227	350797	157.52
2228	328480	147.43
2229	320536	143.80
2230	331612	148.70
2231	320280	143.56
2232	320377	143.54
2233	321641	144.04
2234	321101	143.73
2235	327520	146.54
2236	321098	143.60
2237	321588	143.76
2238	322952	144.30
2239	324884	145.10
2240	321986	143.74
2241	330686	147.56
2242	327004	145.85
2243	322671	143.86
2244	348618	155.36
2245	325373	144.93
2246	324269	144.38
2247	348992	155.31
2248	323859	144.07
2249	328685	146.15
2250	325527	144.68
2251	325829	144.75
2252	325245	144.42
2253	326377	144.86
2254	325960	144.61
2255	326839	144.94
2256	330600	146.54
2257	327768	145.22
2258	327919	145.23
2259	341434	151.14
2260	333254	147.46
2261	330390	146.13
2262	330256	146.00
2263	329910	145.78
2264	329377	145.48
2265	329840	145.62
2266	333924	147.36
2267	331032	146.02
2268	331209	146.04
2269	330550	145.68
2270	332193	146.34
2271	331191	145.83
2272	331185	145.77
2273	336124	147.88
2274	334659	147.17
2275	335140	147.31
2276	332388	146.04
2277	337916	148.40
2278	334172	146.70
2279	332456	145.88
2280	335396	147.10
2281	334773	146.77
2282	335086	146.84
2283	335196	146.82
2284	340142	148.92
2285	334706	146.48
2286	337716	147.73
2287	336098	146.96
2288	354082	154.76
2289	337799	147.57
2290	342465	149.55
2291	345796	150.94
2292	340021	148.35
2293	353000	153.95
2294	366318	159.69
2295	340459	148.35
2296	339169	147.72
2297	376161	163.76
2298	341677	148.68
2299	342461	148.96
2300	340498	148.04
2301	339505	147.55
2302	340357	147.85
2303	339331	147.34
2304	345705	150.05
2305	341719	148.25
2306	340628	147.71
2307	340506	147.60
2308	341690	148.05
2309	341464	147.88
2310	341303	147.75
2311	344714	149.16
2312	341621	147.76
2313	341799	147.77
2314	342758	148.12
2315	341643	147.58
2316	371322	160.33
2317	343404	148.21
2318	347584	149.95
2319	343537	148.14
2320	343579	148.09
2321	344733	148.53
2322	372245	160.31
2323	371328	159.85
2324	345759	148.78
2325	348956	150.09
2326	345616	148.59
2327	345583	148.51
2328	346975	149.04
2329	347406	149.17
2330	346460	148.70
2331	347882	149.24
2332	349481	149.86
2333	348367	149.32
2334	347514	148.89
2335	348775	149.37
2336	347850	148.91
2337	348445	149.10
2338	349517	149.49
2339	351998	150.49
2340	349260	149.26
2341	349852	149.45
2342	351414	150.05
2343	351328	149.95
2344	351329	149.88
2345	355154	151.45
2346	351227	149.71
2347	352908	150.37
2348	352698	150.21
2349	352618	150.11
2350	377410	160.60
2351	352680	150.01
2352	356428	151.54
2353	352979	150.01
2354	353414	150.13
2355	354105	150.36
2356	354457	150.45
2357	354945	150.59
2358	354064	150.15
2359	358168	151.83
2360	354970	150.41
2361	355287	150.48
2362	356473	150.92
2363	354950	150.21
2364	356316	150.73
2365	359329	151.94
2366	384204	162.39
2367	356449	150.59
2368	357800	151.10
2369	385836	162.87
2370	358096	151.10
2371	357938	150.96
2372	361844	152.55
2373	358898	151.24
2374	358425	150.98
2375	359889	151.53
2376	359764	151.42
2377	359326	151.17
2378	360400	151.56
2379	363576	152.83
2380	361294	151.80
2381	361005	151.62
2382	362083	152.01
2383	362843	152.26
2384	363639	152.53
2385	365952	153.44
2386	362095	151.76
2387	362481	151.86
2388	363845	152.36
2389	362421	151.70
2390	363807	152.22
2391	364358	152.39
2392	364017	152.18
2393	365667	152.81
2394	365104	152.51
2395	365992	152.82
2396	368202	153.67
2397	365267	152.39
2398	369511	154.09
2399	367053	153.00
2400	367677	153.20
2401	376466	156.80
2402	371142	154.51
2403	381761	158.87
2404	371609	154.58
2405	369791	153.76
2406	368841	153.30
2407	368902	153.26
2408	369680	153.52
2409	375627	155.93
2410	369431	153.29
2411	398315	165.21
2412	371741	154.12
2413	372072	154.19
2414	371039	153.70
2415	376850	156.05
2416	371006	153.56
2417	371911	153.87
2418	379311	156.87
2419	375533	155.24
2420	399864	165.23
2421	373388	154.23
2422	372845	153.94
2423	374805	154.69
2424	380195	156.85
2425	374958	154.62
2426	375389	154.74
2427	375912	154.89
2428	375059	154.47
2429	378210	155.71
2430	375558	154.55
2431	379402	156.07
2432	375449	154.38
2433	376728	154.84
2434	378315	155.43
2435	378932	155.62
2436	376477	154.55
2437	382155	156.81
2438	378150	155.11
2439	392684	161.00
2440	384839	157.72
2441	378906	155.23
2442	381278	156.13
2443	379884	155.50
2444	383089	156.75
2445	380571	155.65
2446	408289	166.92
2447	382693	156.39
2448	381632	155.90
2449	382846	156.33
2450	382415	156.09
2451	383715	156.55
2452	386004	157.42
2453	382488	155.93
2454	389601	158.76
2455	382699	155.89
2456	384169	156.42
2457	389287	158.44
2458	383987	156.22
2459	389031	158.21
2460	384671	156.37
2461	385066	156.47
2462	384523	156.18
2463	384802	156.23
2464	406719	165.06
2465	390311	158.34
2466	403620	163.67
2467	412210	167.09
2468	390262	158.13
2469	395391	160.14
2470	387183	156.75
2471	392952	159.03
2472	412626	166.92
2473	386623	156.34
2474	394376	159.41
2475	391294	158.10
2476	388068	156.73
2477	393493	158.86
2478	391185	157.86
2479	390356	157.47
2480	391154	157.72
2481	407821	164.38
2482	391836	157.87
2483	398816	160.62
2484	394501	158.82
2485	399400	160.72
2486	399088	160.53
2487	391888	157.57
2488	391856	157.50
2489	397592	159.74
2490	392596	157.67
2491	393682	158.04
2492	395936	158.88
2493	412118	165.31
2494	394574	158.21
2495	402483	161.32
2496	394928	158.22
2497	394198	157.87
2498	421357	168.68
2499	612063	244.92
2500	412084	164.83
2501	399181	159.61
2502	397279	158.78
2503	400043	159.83
2504	396636	158.40
2505	398013	158.89
2506	399390	159.37
2507	397497	158.55
2508	398569	158.92
2509	402008	160.23
2510	397595	158.40
2511	399762	159.20
2512	402774	160.34
2513	399734	159.07
2514	399328	158.84
2515	402664	160.10
2516	399111	158.63
2517	400088	158.95
2518	402210	159.73
2519	400693	159.07
2520	401390	159.28
2521	405170	160.72
2522	402134	159.45
2523	402311	159.46
2524	403701	159.94
2525	401968	159.20
2526	403078	159.57
2527	407140	161.12
2528	404911	160.17
2529	404156	159.81
2530	404999	160.08
2531	427597	168.94
2532	422471	166.85
2533	408655	161.33
2534	404831	159.76
2535	409856	161.68
2536	437246	172.42
2537	408610	161.06
2538	466333	183.74
2539	412455	162.45
2540	408253	160.73
2541	421909	166.04
2542	416480	163.84
2543	410640	161.48
2544	409609	161.01
2545	410953	161.47
2546	411346	161.57
2547	410287	161.09
2548	440750	172.98
2549	411566	161.46
2550	411845	161.51
2551	412282	161.62
2552	412089	161.48
2553	417194	163.41
2554	412879	161.66
2555	412989	161.64
2556	413594	161.81
2557	412277	161.23
2558	413893	161.80
2559	417624	163.20
2560	414093	161.76
2561	413697	161.54
2562	414433	161.76
2563	415647	162.17
2564	421954	164.57
2565	424503	165.50
2566	415177	161.80
2567	420331	163.74
2568	418461	162.95
2569	418820	163.03
2570	422172	164.27
2571	418207	162.66
2572	576936	224.31
2573	423700	164.67
2574	418261	162.49
2575	417549	162.15
2576	421047	163.45
2577	422267	163.86
2578	417783	162.06
2579	419801	162.78
2580	421804	163.49
2581	419253	162.44
2582	422068	163.47
2583	423294	163.88
2584	435524	168.55
2585	421267	162.97
2586	426593	164.96
2587	431154	166.66
2588	424079	163.86
2589	433115	167.29
2590	425307	164.21
2591	429246	165.67
2592	425479	164.15
2593	429925	165.80
2594	425509	164.04
2595	428559	165.15
2596	425167	163.78
2597	426333	164.16
2598	426145	164.03
2599	444220	170.92
2600	427773	164.53
2601	427777	164.47
2602	446719	171.68
2603	432947	166.33
2604	429975	165.12
2605	428227	164.39
2606	432918	166.12
2607	427890	164.13
2608	430297	164.99
2609	432048	165.60
2610	431725	165.41
2611	431805	165.38
2612	430426	164.79
2613	430749	164.85
2614	447020	171.01
2615	434258	166.06
2616	436017	166.67
2617	437763	167.28
2618	432635	165.25
2619	431940	164.93
2620	434153	165.71
2621	457280	174.47
2622	433846	165.46
2623	432307	164.81
2624	434213	165.48
2625	434752	165.62
2626	436017	166.04
2627	439587	167.33
2628	463469	176.36
2629	441452	167.92
2630	437290	166.27
2631	453378	172.32
2632	439362	166.93
2633	435658	165.46
2634	438206	166.37
2635	436612	165.70
2636	437057	165.80
2637	439139	166.53
2638	440866	167.12
2639	439106	166.39
2640	438858	166.23
2641	439484	166.41
2642	441855	167.24
2643	443071	167.64
2644	442866	167.50
2645	441933	167.08
2646	441758	166.95
2647	468767	177.09
2648	441866	166.87
2649	449192	169.57
2650	442003	166.79
2651	444324	167.61
2652	444393	167.57
2653	444178	167.42
2654	448818	169.11
2655	460995	173.63
2656	443676	167.05
2657	448018	168.62
2658	459243	172.78
2659	445872	167.68
2660	450547	169.38
2661	445366	167.37
2662	445848	167.49
2663	445810	167.41
2664	752218	282.36
2665	451354	169.36
2666	466677	175.05
2667	450354	168.86
2668	451142	169.09
2669	453507	169.92
2670	454832	170.35
2671	450944	168.83
2672	449761	168.32
2673	457242	171.06
2674	458007	171.28
2675	451243	168.69
2676	452983	169.28
2677	454539	169.79
2678	455901	170.24
2679	461946	172.43
2680	460408	171.79
2681	451594	168.44
2682	470201	175.32
2683	453019	168.85
2684	458431	170.80
2685	456601	170.06
2686	460533	171.46
2687	454249	169.05
2688	458305	170.50
2689	486160	180.80
2690	459362	170.77
2691	454170	168.77
2692	454809	168.95
2693	457921	170.04
2694	501392	186.11
2695	456044	169.22
2696	455149	168.82
2697	456293	169.19
2698	462607	171.46
2699	457149	169.38
2700	461737	171.01
2701	463405	171.57
2702	460109	170.28
2703	459103	169.85
2704	460011	170.12
2705	463193	171.24
2706	462604	170.95
2707	462030	170.68
2708	459874	169.82
2709	459469	169.61
2710	465253	171.68
2711	474497	175.03
2712	460465	169.79
2713	467947	172.48
2714	483789	178.26
2715	485556	178.84
2716	492744	181.42
2717	466012	171.52
2718	463333	170.47
2719	485542	178.57
2720	464550	170.79
2721	466863	171.58
2722	465235	170.92
2723	466845	171.45
2724	467431	171.60
2725	467278	171.48
2726	468118	171.72
2727	464943	170.50
2728	466959	171.17
2729	469198	171.93
2730	468735	171.70
2731	471449	172.63
2732	466549	170.77
2733	473350	173.20
2734	469624	171.77
2735	470069	171.87
2736	472136	172.56
2737	485355	177.33
2738	495686	181.04
2739	471598	172.18
2740	471238	171.98
2741	479638	174.99
2742	473382	172.64
2743	472141	172.13
2744	472836	172.32
2745	495758	180.60
2746	476768	173.62
2747	475368	173.05
2748	475369	172.99
2749	475519	172.98
2750	474734	172.63
2751	480052	174.50
2752	475522	172.79
2753	476196	172.97
2754	480021	174.30
2755	475482	172.59
2756	479779	174.09
2757	479638	173.97
2758	476835	172.89
2759	494211	179.13
2760	477942	173.17
2761	478098	173.16
2762	478296	173.17
2763	495350	179.28
2764	480603	173.88
2765	477676	172.76
2766	482190	174.33
2767	481581	174.04
2768	479576	173.26
2769	482442	174.23
2770	478713	172.82
2771	482545	174.14
2772	483506	174.42
2773	483155	174.24
2774	482512	173.94
2775	482672	173.94
2776	489039	176.17
2777	482470	173.74
2778	484047	174.24
2779	484758	174.44
2780	482222	173.46
2781	485591	174.61
2782	500520	179.91
2783	487294	175.10
2784	488313	175.40
2785	486395	174.65
2786	487162	174.86
2787	490627	176.04
2788	491645	176.34
2789	486862	174.57
2790	494929	177.39
2791	514721	184.42
2792	486518	174.25
2793	487743	174.63
2794	492355	176.22
2795	492056	176.05
2796	487778	174.46
2797	515660	184.36
2798	505661	180.72
2799	491520	175.61
2800	496575	177.35
2801	491891	175.61
2802	492213	175.66
2803	491586	175.38
2804	496643	177.12
2805	491829	175.34
2806	490863	174.93
2807	492652	175.51
2808	492244	175.30
2809	496881	176.89
2810	493638	175.67
2811	494204	175.81
2812	495427	176.18
2813	494232	175.70
2814	497887	176.93
2815	494973	175.83
2816	494263	175.52
2817	496376	176.21
2818	504225	178.93
2819	499204	177.09
2820	501286	177.76
2821	496157	175.88
2822	498966	176.81
2823	497346	176.18
2824	498495	176.52
2825	503174	178.11
2826	499517	176.76
2827	503273	178.02
2828	509466	180.15
2829	514180	181.75
2830	513937	181.60
2831	504765	178.30
2832	503049	177.63
2833	501241	176.93
2834	501920	177.11
2835	500110	176.41
2836	506152	178.47
2837	501191	176.66
2838	501889	176.85
2839	502811	177.11
2840	520978	183.44
2841	510319	179.63
2842	503798	177.27
2843	505467	177.79
2844	504197	177.28
2845	504765	177.42
2846	504023	177.10
2847	504460	177.19
2848	506938	178.00
2849	506379	177.74
2850	510085	178.98
2851	507120	177.87
2852	506990	177.77
2853	536870	188.18
2854	508285	178.10
2855	511704	179.23
2856	507702	177.77
2857	508598	178.02
2858	508318	177.86
2859	511933	179.06
2860	510843	178.62
2861	564587	197.34
2862	511133	178.59
2863	509305	177.89
2864	514535	179.66
2865	511546	178.55
2866	510676	178.18
2867	512035	178.60
2868	511972	178.51
2869	515184	179.57
2870	511984	178.39
2871	513210	178.76
2872	513877	178.93
2873	516212	179.68
2874	514663	179.08
2875	513550	178.63
2876	515499	179.24
2877	515619	179.22
2878	519435	180.48
2879	515739	179.14
2880	515923	179.14
2881	518712	180.05
2882	515674	178.93
2883	547581	189.93
2884	516989	179.26
2885	518626	179.77
2886	517449	179.30
2887	521285	180.56
2888	519016	179.71
2889	518635	179.52
2890	523075	180.99
2891	531360	183.80
2892	526338	182.00
2893	536488	185.44
2894	529714	183.04
2895	531851	183.71
2896	543910	187.81
2897	524097	180.91
2898	529147	182.59
2899	527289	181.89
2900	546415	188.42
2901	524474	180.79
2902	535586	184.56
2903	525985	181.19
2904	526783	181.40
2905	528823	182.04
2906	527153	181.40
2907	538686	185.31
2908	529898	182.22
2909	526686	181.05
2910	527913	181.41
2911	526947	181.02
2912	533332	183.15
2913	527249	181.00
2914	529274	181.63
2915	527340	180.91
2916	532170	182.50
2917	529041	181.36
2918	530445	181.78
2919	529675	181.46
2920	529809	181.44
2921	556056	190.36
2922	530081	181.41
2923	531096	181.70
2924	531468	181.76
2925	533970	182.55
2926	531714	181.72
2927	532708	182.00
2928	532149	181.74
2929	550731	188.03
2930	534500	182.42
2931	534147	182.24
2932	534880	182.43
2933	571944	195.00
2934	535744	182.60
2935	536195	182.69
2936	536430	182.71
2937	536348	182.62
2938	539193	183.52
2939	538432	183.20
2940	539020	183.34
2941	538885	183.23
2942	542311	184.33
2943	539003	183.15
2944	546032	185.47
2945	539397	183.16
2946	540003	183.30
2947	544186	184.66
2948	541206	183.58
2949	544104	184.50
2950	541266	183.48
2951	544729	184.59
2952	541183	183.33
2953	543885	184.18
2954	542235	183.56
2955	541395	183.21
2956	545857	184.66
2957	541591	183.16
2958	542133	183.28
2959	551676	186.44
2960	556070	187.86
2961	548700	185.31
2962	559825	189.00
2963	551908	186.27
2964	545638	184.09
2965	546973	184.48
2966	545450	183.90
2967	551675	185.94
2968	546406	184.10
2969	550153	185.30
2970	546971	184.17
2971	553285	186.23
2972	548091	184.42
2973	580400	195.22
2974	563013	189.31
2975	549755	184.79
2976	581074	195.25
2977	579421	194.63
2978	554509	186.20
2979	578015	194.03
2980	556661	186.80
2981	551086	184.87
2982	556218	186.53
2983	551926	185.02
2984	553212	185.39
2985	555247	186.01
2986	552399	185.00
2987	557713	186.71
2988	554098	185.44
2989	572049	191.38
2990	584556	195.50
2991	588133	196.63
2992	583913	195.16
2993	587558	196.31
2994	586829	196.00
2995	561209	187.38
2996	556849	185.86
2997	599305	199.97
2998	557976	186.12
2999	560131	186.77
3000	562348	187.45
3001	559824	186.55
3002	564108	187.91
3003	562499	187.31
3004	562676	187.31
3005	577633	192.22
3006	564747	187.87
3007	561353	186.68
3008	564897	187.80
3009	559544	185.96
3010	562340	186.82
3011	566345	188.09
3012	593080	196.91
3013	561941	186.51
3014	567553	188.31
3015	562986	186.73
3016	565235	187.41
3017	582261	192.99
3018	565316	187.31
3019	569632	188.68
3020	567965	188.07
3021	567214	187.76
3022	569254	188.37
3023	567170	187.62
3024	570036	188.50
3025	577893	191.04
3026	578738	191.26
3027	573592	189.49
3028	568807	187.85
3029	587748	194.04
3030	573338	189.22
3031	568593	187.59
3032	596334	196.68
3033	570277	188.02
3034	573718	189.10
3035	571466	188.29
3036	597758	196.89
3037	572149	188.39
3038	586841	193.17
3039	573120	188.59
3040	581130	191.16
3041	574777	189.01
3042	604603	198.75
3043	572288	188.07
3044	573296	188.34
3045	573917	188.48
3046	576253	189.18
3047	574670	188.60
3048	575646	188.86
3049	574150	188.31
3050	576551	189.03
3051	578626	189.65
3052	575929	188.71
3053	576530	188.84
3054	604048	197.79
3055	581233	190.26
3056	577037	188.82
3057	605011	197.91
3058	578159	189.06
3059	581328	190.04
3060	579507	189.38
3061	579223	189.23
3062	578711	189.00
3063	597832	195.18
3064	581860	189.90
3065	581055	189.58
3066	588310	191.88
3067	584149	190.46
3068	589632	192.19
3069	583133	190.01
3070	584145	190.28
3071	595671	193.97
3072	603218	196.36
3073	593423	193.11
3074	594886	193.52
3075	591171	192.25
3076	587067	190.85
3077	590444	191.89
3078	585622	190.26
3079	588889	191.26
3080	587496	190.75
3081	587952	190.83
3082	588693	191.01
3083	591444	191.84
3084	587376	190.46
3085	591712	191.80
3086	591111	191.55
3087	594509	192.58
3088	606437	196.39
3089	592350	191.76
3090	590362	191.06
3091	594038	192.18
3092	602641	194.90
3093	620103	200.49
3094	592095	191.37
3095	591943	191.26
3096	625465	202.02
3097	591783	191.08
3098	620852	200.40
3099	609389	196.64
3100	599166	193.28
3101	604740	195.01
3102	597397	192.58
3103	595525	191.92
3104	608739	196.11
3105	602539	194.05
3106	595466	191.71
3107	599696	193.01
3108	597333	192.19
3109	602130	193.67
3110	616080	198.10
3111	598138	192.27
3112	599120	192.52
3113	598904	192.39
3114	616613	198.01
3115	599701	192.52
3116	606712	194.71
3117	604270	193.86
3118	599991	192.43
3119	602671	193.23
3120	602729	193.18
3121	603822	193.47
3122	602625	193.03
3123	620013	198.53
3124	602901	192.99
3125	608767	194.81
3126	603223	192.97
3127	603853	193.11
3128	606101	193.77
3129	609144	194.68
3130	604293	193.06
3131	608730	194.42
3132	607334	193.91
3133	609556	194.56
3134	606433	193.50
3135	612121	195.25
3136	607583	193.74
3137	613533	195.58
3138	607807	193.69
3139	609425	194.15
3140	608301	193.73
3141	609677	194.10
3142	614483	195.57
3143	638577	203.17
3144	615849	195.88
3145	610372	194.08
3146	611869	194.49
3147	639574	203.23
3148	615333	195.47
3149	618015	196.26
3150	611414	194.10
3151	615774	195.42
3152	641913	203.65
3153	640408	203.11
3154	640274	203.00
3155	646644	204.96
3156	639224	202.54
3157	641051	203.06
3158	640628	202.86
3159	646606	204.69
3160	643181	203.54
3161	645236	204.12
3162	643096	203.38
3163	652502	206.29
3164	616698	194.91
3165	638012	201.58
3166	620782	196.08
3167	619826	195.71
3168	620188	195.77
3169	623306	196.69
3170	619676	195.48
3171	619667	195.42
3172	619294	195.24
3173	623960	196.65
3174	637090	200.72
3175	622097	195.94
3176	621604	195.72
3177	623700	196.32
3178	622843	195.99
3179	621702	195.57
3180	624138	196.27
3181	625499	196.64
3182	625088	196.45
3183	622492	195.57
3184	626944	196.90
3185	627145	196.91
3186	627478	196.95
3187	630806	197.93
3188	631962	198.23
3189	625814	196.24
3190	628113	196.90
3191	642601	201.38
3192	630299	197.46
3193	655238	205.21
3194	631164	197.61
3195	630076	197.21
3196	629925	197.10
3197	629177	196.80
3198	630634	197.20
3199	684113	213.85
3200	630835	197.14
3201	631525	197.29
3202	631405	197.19
3203	658620	205.63
3204	632837	197.51
3205	633034	197.51
3206	633071	197.46
3207	664810	207.30
3208	632724	197.23
3209	637436	198.64
3210	634256	197.59
3211	636909	198.35
3212	636268	198.09
3213	637082	198.28
3214	646531	201.16
3215	638444	198.58
3216	636038	197.77
3217	636461	197.84
3218	655268	203.63
3219	637939	198.18
3220	639240	198.52
3221	663228	205.91
3222	640738	198.86
3223	639506	198.42
3224	657030	203.79
3225	651876	202.13
3226	641076	198.72
3227	639882	198.29
3228	646802	200.37
3229	642067	198.84
3230	641602	198.64
3231	645485	199.78
3232	642288	198.73
3233	642961	198.87
3234	642752	198.75
3235	647544	200.17
3236	643498	198.86
3237	644137	198.99
3238	645199	199.26
3239	675292	208.49
3240	645167	199.13
3241	649531	200.41
3242	673463	207.73
3243	650011	200.44
3244	648353	199.86
3245	647349	199.49
3246	651749	200.79
3247	657403	202.46
3248	648354	199.62
3249	703718	216.60
3250	653093	200.95
3251	648903	199.60
3252	650871	200.14
3253	649517	199.67
3254	652917	200.65
3255	651017	200.01
3256	704920	216.50
3257	655388	201.22
3258	651530	199.98
3259	653430	200.50
3260	652063	200.02
3261	653779	200.48
3262	653407	200.31
3263	654366	200.54
3264	653106	200.09
3265	658787	201.77
3266	654925	200.53
3267	655731	200.71
3268	685757	209.84
3269	656606	200.86
3270	656747	200.84
3271	688811	210.58
3272	658755	201.33
3273	659377	201.46
3274	658245	201.05
3275	657676	200.82
3276	661783	202.01
3277	660479	201.55
3278	661781	201.89
3279	689269	210.21
3280	662067	201.85
3281	674476	205.57
3282	662597	201.89
3283	665174	202.61
3284	668218	203.48
3285	663208	201.89
3286	665689	202.58
3287	667468	203.06
3288	694315	211.17
3289	666299	202.58
3290	690134	209.77
3291	669357	203.39
3292	665696	202.22
3293	666389	202.37
3294	667882	202.76
3295	670054	203.35
3296	668371	202.78
3297	669736	203.13
3298	676552	205.14
3299	670115	203.13
3300	697170	211.26
3301	668715	202.58
3302	677122	205.06
3303	672679	203.66
3304	671367	203.20
3305	671478	203.17
3306	674782	204.11
3307	674834	204.06
3308	677253	204.73
3309	672306	203.17
3310	709125	214.24
3311	702336	212.12
3312	673474	203.34
3313	673203	203.20
3314	676523	204.14
3315	690574	208.32
3316	676610	204.04
3317	674992	203.49
3318	679349	204.75
3319	677672	204.18
3320	680259	204.90
3321	680888	205.02
3322	678243	204.17
3323	696756	209.68
3324	681560	205.04
3325	686131	206.36
3326	678958	204.14
3327	690949	207.68
3328	686673	206.33
3329	697330	209.47
3330	711493	213.66
3331	914598	274.57
3332	700807	210.33
3333	707541	212.28
3334	685827	205.71
3335	689653	206.79
3336	707927	212.21
3337	686309	205.67
3338	685687	205.42
3339	689578	206.52
3340	713139	213.51
3341	694461	207.86
3342	692214	207.13
3343	689677	206.30
3344	729944	218.28
3345	697336	208.47
3346	712060	212.81
3347	688039	205.57
3348	717327	214.26
3349	689376	205.85
3350	692108	206.60
3351	690581	206.08
3352	696748	207.86
3353	691880	206.35
3354	691762	206.25
3355	697404	207.87
3356	714430	212.88
3357	697145	207.67
3358	717282	213.60
3359	694619	206.79
3360	695508	207.00
3361	693361	206.30
3362	698451	207.75
3363	696148	207.00
3364	696852	207.15
3365	696444	206.97
3366	699577	207.84
3367	742659	220.57
3368	698066	207.26
3369	701192	208.13
3370	697941	207.10
3371	700385	207.77
3372	701801	208.13
3373	698672	207.14
3374	699720	207.39
3375	699113	207.14
3376	771171	228.43
3377	717526	212.47
3378	700742	207.44
3379	706267	209.02
3380	701478	207.54
3381	704036	208.23
3382	703112	207.90
3383	736437	217.69
3384	733645	216.80
3385	735970	217.42
3386	732392	216.30
3387	746647	220.44
3388	868931	256.47
3389	761402	224.67
3390	732897	216.19
3391	740767	218.45
3392	735345	216.79
3393	729924	215.13
3394	725135	213.65
3395	707315	208.34
3396	715559	210.71
3397	731575	215.36
3398	710913	209.22
3399	727833	214.13
3400	715688	210.50
3401	732106	215.26
3402	723411	212.64
3403	715620	210.29
3404	725694	213.19
3405	731251	214.76
3406	711823	208.99
3407	718695	210.95
3408	716715	210.30
3409	714958	209.73
3410	735579	215.71
3411	717962	210.48
3412	720876	211.28
3413	718519	210.52
3414	718751	210.53
3415	751340	220.01
3416	715252	209.38
3417	716038	209.55
3418	720034	210.66
3419	714420	208.96
3420	737384	215.61
3421	719336	210.27
3422	717230	209.59
3423	723566	211.38
3424	725618	211.92
3425	728491	212.70
3426	720516	210.31
3427	721750	210.61
3428	727799	212.31
3429	744301	217.06
3430	724315	211.17
3431	724969	211.30
3432	741862	216.16
3433	729173	212.40
3434	728788	212.23
3435	724822	211.01
3436	722870	210.38
3437	832445	242.20
3438	757436	220.31
3439	752632	218.85
3440	753518	219.05
3441	780722	226.89
3442	772927	224.56
3443	766004	222.48
3444	740708	215.07
3445	759377	220.43
3446	730775	212.06
3447	728147	211.24
3448	726731	210.77
3449	729565	211.53
3450	729901	211.57
3451	734091	212.72
3452	730888	211.73
3453	737867	213.69
3454	734405	212.62
3455	731287	211.66
3456	734560	212.55
3457	731938	211.73
3458	749032	216.61
3459	759968	219.71
3460	739359	213.69
3461	733076	211.81
3462	749128	216.39
3463	737116	212.85
3464	738894	213.31
3465	737453	212.83
3466	739047	213.23
3467	733731	211.63
3468	737008	212.52
3469	740269	213.40
3470	737327	212.49
3471	738950	212.89
3472	736422	212.10
3473	751850	216.48
3474	780435	224.65
3475	737675	212.28
3476	746217	214.68
3477	739627	212.72
3478	739744	212.69
3479	773509	222.34
3480	754881	216.92
3481	740177	212.63
3482	744432	213.79
3483	742380	213.14
3484	749817	215.22
3485	752531	215.93
3486	744023	213.43
3487	752669	215.85
3488	743963	213.29
3489	746412	213.93
3490	753285	215.84
3491	753668	215.89
3492	749173	214.54
3493	748980	214.42
3494	763077	218.40
3495	747976	214.01
3496	747823	213.91
3497	751960	215.03
3498	747890	213.81
3499	747163	213.54
3500	754460	215.56
3501	748663	213.84
3502	749351	213.98
3503	755473	215.66
3504	750159	214.09
3505	750105	214.01
3506	750336	214.01
3507	754015	215.00
3508	777600	221.66
3509	750759	213.95
3510	755715	215.30
3511	752614	214.36
3512	757379	215.65
3513	759469	216.19
3514	772344	219.79
3515	754682	214.70
3516	758894	215.84
3517	755799	214.90
3518	756618	215.07
3519	758406	215.52
3520	774809	220.12
3521	780210	221.59
3522	760653	215.97
3523	757279	214.95
3524	758532	215.25
3525	775512	220.00
3526	761998	216.11
3527	759838	215.43
3528	761555	215.86
3529	763239	216.28
3530	786889	222.91
3531	761963	215.79
3532	789592	223.55
3533	762405	215.80
3534	762358	215.72
3535	797860	225.70
3536	786860	222.53
3537	788120	222.82
3538	765444	216.35
3539	766215	216.51
3540	770179	217.56
3541	769071	217.19
3542	767948	216.81
3543	775077	218.76
3544	778466	219.66
3545	770810	217.44
3546	769732	217.07
3547	798055	224.99
3548	769815	216.97
3549	769804	216.91
3550	772858	217.71
3551	771864	217.37
3552	805151	226.68
3553	783351	220.48
3554	771888	217.19
3555	777141	218.61
3556	772298	217.18
3557	829227	233.13
3558	773925	217.52
3559	775683	217.95
3560	781031	219.39
3561	798889	224.34
3562	774804	217.52
3563	778013	218.36
3564	777427	218.13
3565	777309	218.04
3566	791348	221.91
3567	776897	217.80
3568	776425	217.61
3569	784432	219.79
3570	777026	217.65
3571	780735	218.63
3572	782580	219.09
3573	785894	219.95
3574	805120	225.27
3575	783129	219.06
3576	786525	219.95
3577	781033	218.35
3578	782492	218.70
3579	786323	219.70
3580	800658	223.65
3581	781749	218.30
3582	790147	220.59
3583	795123	221.92
3584	786088	219.33
3585	797178	222.36
3586	786976	219.46
3587	782946	218.27
3588	788232	219.69
3589	785546	218.88
3590	788337	219.59
3591	807742	224.94
3592	792953	220.76
3593	977689	272.11
3594	817360	227.42
3595	790720	219.95
3596	799009	222.19
3597	790992	219.90
3598	787661	218.92
3599	790828	219.74
3600	794995	220.83
3601	792804	220.16
3602	796098	221.02
3603	799276	221.84
3604	790548	219.35
3605	791645	219.60
3606	797110	221.05
3607	810329	224.65
3608	793254	219.86
3609	837127	231.96
3610	793220	219.73
3611	799685	221.46
3612	799963	221.47
3613	798397	220.98
3614	799589	221.25
3615	799085	221.05
3616	797632	220.58
3617	797771	220.56
3618	797436	220.41
3619	800994	221.33
3620	798159	220.49
3621	799261	220.73
3622	820742	226.60
3623	801740	221.29
3624	800217	220.81
3625	831497	229.38
3626	803727	221.66
3627	819002	225.81
3628	822714	226.77
3629	802770	221.21
3630	810027	223.15
3631	829888	228.56
3632	809236	222.81
3633	807163	222.18
3634	804634	221.42
3635	807822	222.23
3636	808475	222.35
3637	814765	224.02
3638	832197	228.75
3639	824384	226.54
3640	813363	223.45
3641	807355	221.74
3642	840311	230.73
3643	808129	221.83
3644	808072	221.75
3645	809974	222.22
3646	808320	221.70
3647	811245	222.44
3648	812936	222.84
3649	852636	233.66
3650	825011	226.03
3651	842495	230.76
3652	811892	222.31
3653	812405	222.39
3654	815687	223.23
3655	811191	221.94
3656	814020	222.65
3657	817200	223.46
3658	812843	222.21
3659	817471	223.41
3660	818398	223.61
3661	814851	222.58
3662	816184	222.88
3663	820838	224.09
3664	816452	222.83
3665	899336	245.38
3666	820305	223.76
3667	817716	222.99
3668	846762	230.85
3669	821593	223.93
3670	818385	222.99
3671	821123	223.68
3672	823901	224.37
3673	822442	223.92
3674	849311	231.17
3675	826145	224.80
3676	997767	271.43
3677	836329	227.45
3678	832442	226.33
3679	826806	224.74
3680	834676	226.81
3681	838098	227.68
3682	849748	230.78
3683	830373	225.46
3684	828409	224.87
3685	830904	225.48
3686	830495	225.31
3687	829765	225.05
3688	841076	228.06
3689	830429	225.11
3690	832371	225.57
3691	829729	224.80
3692	831050	225.09
3693	833840	225.79
3694	831062	224.98
3695	833452	225.56
3696	834962	225.91
3697	830992	224.77
3698	834022	225.53
3699	835033	225.75
3700	863263	233.31
3701	844385	228.15
3702	849965	229.60
3703	836481	225.89
3704	865167	233.58
3705	841221	227.05
3706	834771	225.25
3707	836180	225.57
3708	842659	227.25
3709	842746	227.22
3710	838949	226.13
3711	840393	226.46
3712	856164	230.65
3713	844239	227.37
3714	863008	232.37
3715	843540	227.06
3716	879599	236.71
3717	839675	225.90
3718	845586	227.43
3719	846295	227.56
3720	848364	228.05
3721	847074	227.65
3722	884907	237.75
3723	844083	226.72
3724	849561	228.13
3725	843245	226.37
3726	844564	226.67
3727	850333	228.15
3728	858281	230.23
3729	850721	228.14
3730	857468	229.88
3731	848995	227.55
3732	848642	227.40
3733	873020	233.87
3734	848042	227.11
3735	848408	227.15
3736	851663	227.96
3737	849273	227.26
3738	850713	227.59
3739	848758	227.00
3740	850521	227.41
3741	853014	228.02
3742	850083	227.17
3743	852984	227.89
3744	882463	235.70
3745	853193	227.82
3746	854424	228.09
3747	859510	229.39
3748	852918	227.57
3749	854331	227.88
3750	911834	243.16
3751	901952	240.46
3752	854360	227.71
3753	857348	228.44
3754	854070	227.51
3755	858698	228.68
3756	855443	227.75
3757	871856	232.06
3758	858863	228.54
3759	856081	227.74
3760	861393	229.09
3761	865979	230.25
3762	864128	229.70
3763	863885	229.57
3764	861756	228.95
3765	888882	236.09
3766	865826	229.91
3767	867754	230.36
3768	863130	229.07
3769	867038	230.04
3770	869218	230.56
3771	865376	229.48
3772	871110	230.94
3773	868315	230.14
3774	889024	235.57
3775	882295	233.72
3776	870454	230.52
3777	875191	231.72
3778	868853	229.98
3779	869619	230.12
3780	874162	231.26
3781	870220	230.16
3782	871463	230.42
3783	876144	231.60
3784	888199	234.72
3785	871878	230.35
3786	876134	231.41
3787	873979	230.78
3788	874982	230.99
3789	877371	231.56
3790	881859	232.68
3791	925824	244.22
3792	897476	236.68
3793	892646	235.34
3794	881320	232.29
3795	876871	231.06
3796	876324	230.85
3797	880296	231.84
3798	877286	230.99
3799	877356	230.94
3800	883765	232.57
3801	880214	231.57
3802	882149	232.02
3803	880959	231.65
3804	882772	232.06
3805	885094	232.61
3806	881467	231.60
3807	882439	231.79
3808	886169	232.71
3809	881662	231.47
3810	1060887	278.45
3811	887592	232.90
3812	893673	234.44
3813	888412	233.00
3814	892398	233.98
3815	892534	233.95
3816	903013	236.64
3817	897635	235.17
3818	890253	233.17
3819	894432	234.21
3820	889624	232.89
3821	899957	235.53
3822	905211	236.84
3823	891289	233.14
3824	893699	233.71
3825	891171	232.99
3826	910073	237.87
3827	891951	233.07
3828	907413	237.05
3829	895496	233.87
3830	893033	233.17
3831	892880	233.07
3832	897896	234.32
3833	893133	233.01
3834	895739	233.63
3835	899164	234.46
3836	911596	237.64
3837	899322	234.38
3838	897617	233.88
3839	897175	233.70
3840	920877	239.81
3841	896352	233.36
3842	896598	233.37
3843	901555	234.60
3844	899163	233.91
3845	901849	234.55
3846	900456	234.13
3847	900341	234.04
3848	902545	234.55
3849	903751	234.80
3850	901767	234.23
3851	930697	241.68
3852	1129003	293.10
3853	929973	241.36
3854	950971	246.75
3855	1087712	282.16
3856	906577	235.11
3857	911331	236.28
3858	909224	235.67
3859	910772	236.01
3860	908914	235.47
3861	926829	240.05
3862	922908	238.97
3863	909862	235.53
3864	925339	239.48
3865	907798	234.88
3866	910340	235.47
3867	908387	234.91
3868	925926	239.38
3869	912560	235.86
3870	913085	235.94
3871	913098	235.88
3872	911473	235.40
3873	911427	235.33
3874	924332	238.60
3875	914002	235.87
3876	917379	236.68
3877	913628	235.65
3878	919698	237.16
3879	916031	236.15
3880	919834	237.07
3881	922769	237.77
3882	916206	236.01
3883	919988	236.93
3884	941815	242.49
3885	917154	236.08
3886	924683	237.95
3887	924443	237.83
3888	918601	236.27
3889	922028	237.09
3890	919646	236.41
3891	923609	237.37
3892	957492	246.02
3893	929091	238.66
3894	924325	237.37
3895	928550	238.40
3896	925967	237.67
3897	922579	236.74
3898	931490	238.97
3899	948407	243.24
3900	931830	238.93
3901	929999	238.40
3902	932131	238.89
3903	926632	237.42
3904	929904	238.19
3905	928387	237.74
3906	926981	237.32
3907	932088	238.57
3908	929251	237.78
3909	945802	241.95
3910	933225	238.68
3911	930500	237.92
3912	933827	238.71
3913	930532	237.81
3914	929124	237.38
3915	936997	239.34
3916	959281	244.96
3917	937692	239.39
3918	933636	238.29
3919	933190	238.12
3920	935572	238.67
3921	936677	238.89
3922	941646	240.09
3923	954950	243.42
3924	935322	238.36
3925	939064	239.25
3926	935581	238.30
3927	936973	238.60
3928	943693	240.25
3929	939222	239.05
3930	939023	238.94
3931	941702	239.56
3932	938910	238.79
3933	958383	243.68
3934	960476	244.15
3935	961372	244.31
3936	944804	240.04
3937	967678	245.79
3938	945755	240.16
3939	957570	243.10
3940	946911	240.33
3941	1139376	289.11
3942	977559	247.99
3943	950033	240.94
3944	951299	241.20
3945	948127	240.34
3946	952665	241.43
3947	948028	240.19
3948	955211	241.95
3949	957587	242.49
3950	947139	239.78
3951	951308	240.78
3952	954749	241.59
3953	953735	241.27
3954	952534	240.90
3955	956233	241.78
3956	963407	243.53
3957	952605	240.74
3958	962513	243.18
3959	951568	240.36
3960	954491	241.03
3961	957037	241.61
3962	982034	247.86
3963	955025	240.99
3964	954356	240.76
3965	955409	240.96
3966	975564	245.98
3967	976603	246.18
3968	960477	242.06
3969	965337	243.22
3970	955441	240.67
3971	960415	241.86
3972	961168	241.99
3973	979462	246.53
3974	1155284	290.71
3975	961522	241.89
3976	977698	245.90
3977	965827	242.85
3978	964139	242.37
3979	965076	242.54
3980	972695	244.40
3981	996241	250.25
3982	974990	244.85
3983	971769	243.98
3984	970395	243.57
3985	967075	242.68
3986	981595	246.26
3987	968861	243.01
3988	976382	244.83
3989	979652	245.59
3990	968101	242.63
3991	975538	244.43
3992	974760	244.18
3993	979489	245.30
3994	974057	243.88
3995	971521	243.18
3996	973783	243.69
3997	974526	243.81
3998	981439	245.48
3999	979916	245.04
4000	971834	242.96
