N	Total Time	Average CPE
1	64	64.00
2	72	36.00
3	109	36.33
4	169	42.25
5	169	33.80
6	208	34.67
7	233	33.29
8	238	29.75
9	269	29.89
10	299	29.90
11	334	30.36
12	359	29.92
13	236	18.15
14	312	22.29
15	490	32.67
16	509	31.81
17	921	54.18
18	699	38.83
19	619	32.58
20	413	20.65
21	428	20.38
22	446	20.27
23	465	20.22
24	483	20.12
25	502	20.08
26	546	21.00
27	708	26.22
28	664	23.71
29	590	20.34
30	609	20.30
31	626	20.19
32	642	20.06
33	689	20.88
34	875	25.74
35	718	20.51
36	747	20.75
37	763	20.62
38	790	20.79
39	815	20.90
40	834	20.85
41	861	21.00
42	913	21.74
43	934	21.72
44	954	21.68
45	980	21.78
46	1062	23.09
47	1018	21.66
48	1053	21.94
49	1080	22.04
50	1092	21.84
51	1113	21.82
52	1154	22.19
53	1159	21.87
54	1183	21.91
55	1202	21.85
56	1227	21.91
57	1445	25.35
58	1263	21.78
59	1296	21.97
60	1327	22.12
61	3755	61.56
62	1421	22.92
63	1381	21.92
64	1402	21.91
65	1780	27.38
66	1484	22.48
67	1488	22.21
68	1539	22.63
69	1741	25.23
70	1582	22.60
71	1621	22.83
72	1660	23.06
73	1842	25.23
74	1717	23.20
75	1759	23.45
76	1802	23.71
77	1837	23.86
78	1856	23.79
79	1891	23.94
80	1970	24.62
81	1958	24.17
82	1972	24.05
83	2286	27.54
84	2057	24.49
85	2074	24.40
86	2107	24.50
87	2343	26.93
88	2312	26.27
89	2209	24.82
90	2227	24.74
91	2266	24.90
92	2320	25.22
93	2372	25.51
94	2354	25.04
95	2637	27.76
96	2421	25.22
97	2596	26.76
98	3030	30.92
99	2523	25.48
100	3082	30.82
101	3015	29.85
102	2622	25.71
103	2687	26.09
104	2948	28.35
105	2723	25.93
106	2758	26.02
107	2812	26.28
108	2850	26.39
109	2894	26.55
110	3876	35.24
111	2958	26.65
112	3027	27.03
113	3040	26.90
114	3378	29.63
115	3109	27.03
116	3140	27.07
117	3176	27.15
118	3203	27.14
119	3228	27.13
120	3283	27.36
121	3365	27.81
122	3649	29.91
123	3592	29.20
124	3429	27.65
125	3740	29.92
126	3513	27.88
127	3551	27.96
128	3566	27.86
129	4009	31.08
130	3963	30.48
131	3644	27.82
132	3679	27.87
133	4213	31.68
134	4168	31.10
135	3806	28.19
136	3855	28.35
137	4310	31.46
138	3915	28.37
139	3973	28.58
140	4798	34.27
141	5121	36.32
142	4101	28.88
143	4188	29.29
144	4193	29.12
145	4231	29.18
146	4259	29.17
147	4488	30.53
148	4351	29.40
149	4872	32.70
150	4485	29.90
151	4751	31.46
152	4511	29.68
153	4735	30.95
154	4602	29.88
155	4641	29.94
156	4700	30.13
157	5157	32.85
158	4762	30.14
159	5057	31.81
160	4989	31.18
161	4885	30.34
162	4969	30.67
163	5219	32.02
164	5002	30.50
165	5387	32.65
166	6072	36.58
167	5165	30.93
168	5439	32.38
169	5193	30.73
170	5403	31.78
171	5294	30.96
172	5325	30.96
173	5409	31.27
174	5437	31.25
175	5652	32.30
176	5533	31.44
177	5569	31.46
178	5668	31.84
179	5943	33.20
180	5701	31.67
181	5931	32.77
182	5792	31.82
183	5870	32.08
184	5883	31.97
185	6082	32.88
186	6305	33.90
187	7182	38.41
188	6099	32.44
189	6388	33.80
190	6320	33.26
191	6197	32.45
192	6688	34.83
193	6632	34.36
194	6324	32.60
195	6526	33.47
196	6545	33.39
197	6979	35.43
198	6893	34.81
199	6545	32.89
200	9993	49.97
201	6686	33.26
202	7011	34.71
203	6874	33.86
204	7478	36.66
205	6859	33.46
206	7174	34.83
207	6912	33.39
208	7172	34.48
209	7020	33.59
210	7569	36.04
211	7116	33.73
212	7331	34.58
213	7203	33.82
214	7294	34.08
215	7306	33.98
216	7660	35.46
217	7402	34.11
218	7726	35.44
219	8013	36.59
220	7696	34.98
221	8585	38.85
222	7679	34.59
223	7677	34.43
224	7903	35.28
225	7822	34.76
226	8076	35.73
227	8013	35.30
228	7918	34.73
229	8009	34.97
230	8211	35.70
231	8240	35.67
232	8102	34.92
233	8179	35.10
234	8456	36.14
235	8247	35.09
236	9091	38.52
237	8408	35.48
238	8596	36.12
239	8465	35.42
240	8562	35.67
241	8809	36.55
242	8614	35.60
243	8663	35.65
244	9001	36.89
245	8930	36.45
246	8806	35.80
247	8903	36.04
248	9219	37.17
249	9060	36.39
250	9184	36.74
251	9378	37.36
252	9295	36.88
253	9184	36.30
254	9502	37.41
255	9488	37.21
256	9352	36.53
257	9828	38.24
258	9603	37.22
259	9485	36.62
260	9575	36.83
261	9936	38.07
262	10292	39.28
263	9757	37.10
264	9763	36.98
265	10136	38.25
266	10082	37.90
267	9917	37.14
268	10136	37.82
269	10093	37.52
270	10110	37.44
271	10499	38.74
272	10248	37.68
273	10544	38.62
274	10603	38.70
275	10837	39.41
276	10764	39.00
277	10654	38.46
278	10565	38.00
279	10831	38.82
280	10888	38.89
281	10736	38.21
282	10911	38.69
283	10793	38.14
284	10886	38.33
285	11045	38.75
286	11439	40.00
287	11417	39.78
288	11346	39.40
289	11244	38.91
290	11573	39.91
291	11357	39.03
292	11305	38.72
293	12301	41.98
294	11367	38.66
295	11712	39.70
296	11646	39.34
297	12003	40.41
298	11833	39.71
299	11638	38.92
300	12832	42.77
301	11930	39.63
302	12295	40.71
303	30992	102.28
304	14528	47.79
305	12452	40.83
306	12423	40.60
307	13039	42.47
308	12530	40.68
309	12811	41.46
310	12471	40.23
311	12901	41.48
312	12848	41.18
313	13189	42.14
314	12751	40.61
315	13100	41.59
316	13477	42.65
317	12848	40.53
318	12770	40.16
319	13076	40.99
320	12997	40.62
321	13164	41.01
322	13146	40.83
323	13039	40.37
324	13471	41.58
325	14090	43.35
326	14444	44.31
327	17491	53.49
328	13344	40.68
329	13515	41.08
330	13777	41.75
331	13527	40.87
332	13639	41.08
333	13942	41.87
334	14609	43.74
335	14039	41.91
336	13852	41.23
337	13895	41.23
338	13951	41.28
339	14796	43.65
340	16049	47.20
341	14159	41.52
342	14342	41.94
343	15559	45.36
344	14621	42.50
345	14413	41.78
346	14621	42.26
347	14565	41.97
348	14544	41.79
349	14730	42.21
350	15146	43.27
351	15459	44.04
352	15148	43.03
353	15008	42.52
354	15355	43.38
355	15148	42.67
356	15065	42.32
357	15240	42.69
358	15342	42.85
359	15572	43.38
360	15783	43.84
361	15443	42.78
362	15671	43.29
363	15605	42.99
364	15820	43.46
365	15574	42.67
366	15663	42.80
367	15929	43.40
368	16386	44.53
369	15844	42.94
370	16175	43.72
371	16088	43.36
372	16282	43.77
373	16073	43.09
374	16185	43.28
375	16701	44.54
376	16643	44.26
377	16467	43.68
378	16757	44.33
379	16601	43.80
380	16942	44.58
381	16578	43.51
382	16923	44.30
383	17197	44.90
384	17103	44.54
385	16841	43.74
386	17356	44.96
387	17010	43.95
388	17191	44.31
389	17392	44.71
390	17299	44.36
391	18937	48.43
392	17974	45.85
393	18203	46.32
394	17554	44.55
395	17503	44.31
396	17578	44.39
397	18035	45.43
398	17711	44.50
399	17981	45.07
400	18942	47.35
401	18051	45.01
402	18317	45.56
403	18166	45.08
404	18567	45.96
405	19124	47.22
406	18336	45.16
407	18534	45.54
408	19690	48.26
409	18784	45.93
410	18547	45.24
411	18668	45.42
412	18646	45.26
413	18642	45.14
414	18994	45.88
415	20954	50.49
416	19082	45.87
417	18945	45.43
418	19616	46.93
419	19556	46.67
420	19168	45.64
421	19565	46.47
422	19963	47.31
423	19310	45.65
424	19848	46.81
425	19853	46.71
426	19879	46.66
427	19882	46.56
428	19771	46.19
429	19918	46.43
430	19841	46.14
431	20033	46.48
432	21108	48.86
433	20207	46.67
434	20586	47.43
435	20932	48.12
436	20435	46.87
437	21400	48.97
438	21028	48.01
439	20629	46.99
440	21146	48.06
441	20878	47.34
442	20885	47.25
443	21043	47.50
444	22417	50.49
445	24731	55.58
446	21413	48.01
447	21027	47.04
448	21078	47.05
449	21665	48.25
450	22813	50.70
451	21508	47.69
452	21558	47.69
453	21732	47.97
454	21495	47.35
455	22762	50.03
456	21994	48.23
457	25099	54.92
458	23000	50.22
459	22588	49.21
460	22282	48.44
461	23952	51.96
462	22594	48.90
463	22723	49.08
464	22446	48.38
465	23094	49.66
466	26377	56.60
467	29385	62.92
468	22656	48.41
469	23006	49.05
470	22900	48.72
471	23080	49.00
472	23593	49.99
473	23309	49.28
474	23520	49.62
475	23203	48.85
476	24865	52.24
477	23787	49.87
478	23489	49.14
479	23286	48.61
480	23583	49.13
481	23655	49.18
482	24023	49.84
483	24046	49.78
484	24337	50.28
485	24115	49.72
486	23945	49.27
487	24387	50.08
488	24652	50.52
489	24753	50.62
490	24377	49.75
491	24561	50.02
492	24707	50.22
493	24529	49.75
494	24850	50.30
495	24734	49.97
496	24940	50.28
497	24886	50.07
498	24905	50.01
499	25266	50.63
500	26226	52.45
501	24925	49.75
502	25397	50.59
503	25197	50.09
504	25944	51.48
505	25634	50.76
506	25748	50.89
507	25761	50.81
508	25414	50.03
509	26318	51.71
510	25987	50.95
511	26306	51.48
512	25957	50.70
513	26237	51.14
514	27144	52.81
515	26263	51.00
516	26848	52.03
517	26396	51.06
518	26652	51.45
519	27275	52.55
520	26629	51.21
521	26888	51.61
522	27139	51.99
523	26731	51.11
524	27547	52.57
525	27167	51.75
526	27166	51.65
527	27184	51.58
528	28022	53.07
529	28726	54.30
530	27763	52.38
531	27717	52.20
532	27546	51.78
533	27691	51.95
534	28356	53.10
535	27716	51.81
536	28188	52.59
537	32010	59.61
538	28501	52.98
539	28320	52.54
540	28245	52.31
541	28339	52.38
542	28517	52.61
543	28688	52.83
544	28541	52.47
545	28970	53.16
546	28963	53.05
547	28832	52.71
548	29400	53.65
549	29144	53.09
550	29041	52.80
551	29203	53.00
552	29264	53.01
553	29385	53.14
554	29514	53.27
555	29138	52.50
556	29721	53.46
557	30451	54.67
558	29789	53.39
559	29839	53.38
560	29706	53.05
561	30449	54.28
562	30016	53.41
563	29982	53.25
564	30168	53.49
565	30205	53.46
566	31485	55.63
567	30535	53.85
568	30749	54.14
569	30712	53.98
570	30822	54.07
571	30905	54.12
572	30803	53.85
573	30920	53.96
574	31320	54.56
575	31250	54.35
576	31253	54.26
577	31247	54.15
578	31524	54.54
579	31540	54.47
580	31676	54.61
581	31674	54.52
582	31562	54.23
583	31979	54.85
584	31998	54.79
585	31695	54.18
586	31924	54.48
587	32528	55.41
588	32416	55.13
589	32564	55.29
590	32440	54.98
591	32367	54.77
592	32476	54.86
593	32747	55.22
594	32759	55.15
595	33610	56.49
596	32705	54.87
597	33157	55.54
598	32915	55.04
599	34014	56.78
600	34744	57.91
601	33470	55.69
602	33439	55.55
603	35317	58.57
604	33602	55.63
605	33899	56.03
606	37715	62.24
607	34167	56.29
608	34012	55.94
609	33929	55.71
610	34245	56.14
611	34421	56.34
612	34268	55.99
613	34435	56.17
614	34439	56.09
615	34927	56.79
616	34611	56.19
617	34579	56.04
618	34770	56.26
619	34954	56.47
620	34981	56.42
621	35108	56.53
622	35564	57.18
623	34988	56.16
624	35270	56.52
625	35507	56.81
626	35508	56.72
627	35856	57.19
628	35581	56.66
629	35780	56.88
630	37262	59.15
631	36233	57.42
632	35775	56.61
633	36285	57.32
634	36920	58.23
635	36318	57.19
636	36248	56.99
637	36829	57.82
638	36593	57.36
639	36662	57.37
640	36992	57.80
641	37123	57.91
642	36726	57.21
643	36836	57.29
644	37201	57.77
645	37439	58.04
646	37185	57.56
647	43834	67.75
648	37805	58.34
649	37491	57.77
650	37505	57.70
651	37709	57.92
652	38231	58.64
653	37908	58.05
654	49642	75.91
655	38518	58.81
656	38263	58.33
657	38191	58.13
658	38187	58.03
659	39940	60.61
660	38447	58.25
661	38602	58.40
662	39499	59.67
663	39137	59.03
664	42366	63.80
665	39541	59.46
666	39267	58.96
667	39201	58.77
668	39504	59.14
669	39787	59.47
670	39474	58.92
671	39093	58.26
672	40128	59.71
673	39538	58.75
674	40117	59.52
675	39802	58.97
676	39876	58.99
677	40129	59.27
678	40025	59.03
679	40449	59.57
680	40581	59.68
681	40378	59.29
682	40906	59.98
683	40692	59.58
684	40601	59.36
685	40734	59.47
686	40610	59.20
687	41696	60.69
688	41029	59.64
689	41560	60.32
690	41077	59.53
691	41308	59.78
692	41931	60.59
693	42082	60.72
694	41591	59.93
695	42071	60.53
696	41662	59.86
697	41798	59.97
698	42234	60.51
699	42040	60.14
700	43507	62.15
701	42622	60.80
702	42361	60.34
703	42462	60.40
704	42574	60.47
705	42887	60.83
706	42789	60.61
707	42804	60.54
708	43604	61.59
709	43252	61.00
710	42883	60.40
711	43731	61.51
712	43976	61.76
713	43257	60.67
714	45214	63.32
715	43699	61.12
716	48080	67.15
717	43865	61.18
718	44171	61.52
719	43882	61.03
720	44088	61.23
721	44538	61.77
722	44371	61.46
723	44833	62.01
724	44778	61.85
725	44724	61.69
726	45223	62.29
727	45074	62.00
728	44748	61.47
729	45406	62.29
730	45135	61.83
731	45023	61.59
732	46031	62.88
733	45549	62.14
734	45038	61.36
735	45904	62.45
736	46770	63.55
737	45371	61.56
738	47182	63.93
739	45916	62.13
740	46206	62.44
741	46649	62.95
742	46916	63.23
743	46290	62.30
744	46486	62.48
745	46808	62.83
746	46438	62.25
747	47306	63.33
748	46684	62.41
749	46622	62.25
750	48236	64.31
751	47337	63.03
752	47052	62.57
753	47335	62.86
754	47618	63.15
755	47634	63.09
756	47588	62.95
757	47681	62.99
758	48050	63.39
759	48187	63.49
760	48696	64.07
761	47993	63.07
762	48451	63.58
763	51467	67.45
764	49224	64.43
765	48576	63.50
766	48404	63.19
767	48856	63.70
768	48865	63.63
769	48804	63.46
770	49093	63.76
771	48968	63.51
772	49191	63.72
773	50514	65.35
774	49169	63.53
775	49942	64.44
776	49582	63.89
777	49645	63.89
778	50267	64.61
779	49662	63.75
780	49903	63.98
781	50463	64.61
782	51046	65.28
783	50513	64.51
784	50748	64.73
785	50506	64.34
786	51035	64.93
787	50801	64.55
788	50724	64.37
789	51161	64.84
790	51013	64.57
791	51175	64.70
792	51594	65.14
793	52106	65.71
794	53082	66.85
795	51612	64.92
796	51612	64.84
797	51542	64.67
798	52095	65.28
799	51828	64.87
800	53921	67.40
801	51947	64.85
802	58237	72.61
803	52687	65.61
804	54878	68.26
805	52553	65.28
806	53093	65.87
807	54047	66.97
808	53128	65.75
809	52767	65.22
810	53942	66.60
811	53422	65.87
812	53856	66.33
813	53113	65.33
814	53776	66.06
815	53985	66.24
816	53861	66.01
817	54151	66.28
818	54114	66.15
819	54275	66.27
820	54583	66.56
821	54677	66.60
822	54882	66.77
823	55009	66.84
824	54659	66.33
825	54553	66.12
826	55328	66.98
827	55270	66.83
828	55131	66.58
829	54789	66.09
830	55414	66.76
831	55663	66.98
832	55298	66.46
833	54997	66.02
834	56198	67.38
835	56032	67.10
836	56248	67.28
837	56400	67.38
838	55799	66.59
839	57394	68.41
840	56797	67.62
841	56300	66.94
842	56610	67.23
843	56665	67.22
844	56841	67.35
845	56560	66.93
846	56788	67.13
847	57578	67.98
848	57116	67.35
849	57566	67.80
850	57088	67.16
851	57274	67.30
852	57500	67.49
853	57819	67.78
854	58012	67.93
855	57881	67.70
856	58400	68.22
857	57900	67.56
858	58603	68.30
859	58550	68.16
860	62584	72.77
861	59276	68.85
862	58616	68.00
863	59167	68.56
864	58931	68.21
865	58719	67.88
866	59385	68.57
867	59223	68.31
868	59690	68.77
869	59281	68.22
870	59736	68.66
871	59793	68.65
872	59769	68.54
873	60152	68.90
874	59906	68.54
875	60172	68.77
876	60391	68.94
877	60528	69.02
878	60546	68.96
879	63528	72.27
880	61206	69.55
881	60573	68.75
882	60937	69.09
883	60962	69.04
884	61436	69.50
885	61649	69.66
886	61567	69.49
887	61139	68.93
888	61941	69.75
889	68813	77.40
890	61669	69.29
891	62200	69.81
892	62289	69.83
893	62515	70.01
894	62205	69.58
895	62356	69.67
896	63090	70.41
897	65264	72.76
898	62758	69.89
899	62712	69.76
900	63449	70.50
901	62837	69.74
902	63639	70.55
903	63018	69.79
904	63798	70.57
905	63396	70.05
906	63501	70.09
907	63934	70.49
908	64951	71.53
909	64081	70.50
910	65097	71.54
911	70628	77.53
912	65540	71.86
913	64443	70.58
914	64497	70.57
915	64883	70.91
916	64501	70.42
917	65297	71.21
918	64964	70.77
919	66023	71.84
920	65083	70.74
921	65767	71.41
922	66669	72.31
923	66169	71.69
924	65606	71.00
925	66001	71.35
926	65891	71.16
927	65954	71.15
928	66143	71.27
929	66279	71.34
930	66170	71.15
931	70519	75.75
932	66213	71.04
933	66754	71.55
934	67261	72.01
935	66921	71.57
936	66782	71.35
937	67170	71.69
938	68129	72.63
939	67249	71.62
940	68148	72.50
941	67462	71.69
942	67720	71.89
943	67781	71.88
944	68205	72.25
945	68155	72.12
946	68223	72.12
947	69064	72.93
948	68518	72.28
949	68354	72.03
950	68307	71.90
951	68821	72.37
952	68993	72.47
953	69739	73.18
954	69486	72.84
955	69311	72.58
956	69853	73.07
957	69538	72.66
958	69772	72.83
959	69930	72.92
960	70177	73.10
961	70122	72.97
962	70353	73.13
963	70611	73.32
964	70855	73.50
965	70783	73.35
966	71489	74.01
967	70602	73.01
968	70837	73.18
969	70744	73.01
970	71409	73.62
971	71268	73.40
972	71617	73.68
973	71217	73.19
974	71806	73.72
975	71798	73.64
976	72246	74.02
977	71931	73.62
978	72443	74.07
979	73281	74.85
980	72069	73.54
981	72523	73.93
982	72817	74.15
983	72643	73.90
984	72791	73.97
985	73235	74.35
986	73098	74.14
987	73438	74.41
988	73362	74.25
989	73825	74.65
990	73342	74.08
991	73975	74.65
992	73623	74.22
993	73837	74.36
994	77478	77.95
995	75490	75.87
996	75845	76.15
997	74893	75.12
998	74811	74.96
999	74767	74.84
1000	75581	75.58
1001	75204	75.13
1002	75153	75.00
1003	76417	76.19
1004	75250	74.95
1005	75472	75.10
1006	75933	75.48
1007	75238	74.71
1008	76019	75.42
1009	79838	79.13
1010	76117	75.36
1011	77719	76.87
1012	76343	75.44
1013	76879	75.89
1014	76607	75.55
1015	77470	76.33
1016	76669	75.46
1017	77442	76.15
1018	77210	75.84
1019	78119	76.66
1020	77702	76.18
1021	77476	75.88
1022	77914	76.24
1023	80986	79.17
1024	78596	76.75
1025	78770	76.85
1026	78953	76.95
1027	78634	76.57
1028	78409	76.27
1029	78685	76.47
1030	78579	76.29
1031	79043	76.67
1032	78715	76.27
1033	79553	77.01
1034	79170	76.57
1035	79356	76.67
1036	80350	77.56
1037	80774	77.89
1038	80500	77.55
1039	82732	79.63
1040	81314	78.19
1041	79511	76.38
1042	80737	77.48
1043	81001	77.66
1044	80899	77.49
1045	80563	77.09
1046	80855	77.30
1047	81546	77.89
1048	87821	83.80
1049	82156	78.32
1050	81624	77.74
1051	84607	80.50
1052	81775	77.73
1053	81735	77.62
1054	82615	78.38
1055	83058	78.73
1056	82072	77.72
1057	82611	78.16
1058	82538	78.01
1059	82094	77.52
1060	82858	78.17
1061	82303	77.57
1062	83055	78.21
1063	82882	77.97
1064	83380	78.36
1065	85056	79.86
1066	83287	78.13
1067	84937	79.60
1068	83902	78.56
1069	84104	78.68
1070	84629	79.09
1071	84431	78.83
1072	84562	78.88
1073	84351	78.61
1074	84749	78.91
1075	84600	78.70
1076	85101	79.09
1077	85020	78.94
1078	88705	82.29
1079	86464	80.13
1080	86032	79.66
1081	85398	79.00
1082	86061	79.54
1083	85670	79.10
1084	86016	79.35
1085	86952	80.14
1086	85977	79.17
1087	87370	80.38
1088	87905	80.80
1089	86808	79.71
1090	87854	80.60
1091	87776	80.45
1092	87304	79.95
1093	88235	80.73
1094	87072	79.59
1095	87353	79.77
1096	87703	80.02
1097	87755	80.00
1098	88008	80.15
1099	88233	80.28
1100	89039	80.94
1101	88763	80.62
1102	88351	80.17
1103	89505	81.15
1104	93928	85.08
1105	89046	80.58
1106	89082	80.54
1107	89112	80.50
1108	95166	85.89
1109	91345	82.37
1110	89809	80.91
1111	90008	81.02
1112	91157	81.98
1113	89375	80.30
1114	90345	81.10
1115	90646	81.30
1116	91603	82.08
1117	91484	81.90
1118	92285	82.54
1119	91464	81.74
1120	91267	81.49
1121	91151	81.31
1122	91380	81.44
1123	91351	81.35
1124	91492	81.40
1125	91452	81.29
1126	92566	82.21
1127	91869	81.52
1128	91963	81.53
1129	92138	81.61
1130	92253	81.64
1131	94260	83.34
1132	92896	82.06
1133	96316	85.01
1134	92927	81.95
1135	93978	82.80
1136	93080	81.94
1137	93586	82.31
1138	93244	81.94
1139	92734	81.42
1140	94023	82.48
1141	94039	82.42
1142	93967	82.28
1143	95314	83.39
1144	94592	82.69
1145	94079	82.17
1146	94727	82.66
1147	94488	82.38
1148	94825	82.60
1149	95792	83.37
1150	96274	83.72
1151	94977	82.52
1152	95801	83.16
1153	94951	82.35
1154	95176	82.47
1155	96592	83.63
1156	99026	85.66
1157	95846	82.84
1158	96365	83.22
1159	96979	83.67
1160	96148	82.89
1161	96790	83.37
1162	96552	83.09
1163	97097	83.49
1164	96669	83.05
1165	97845	83.99
1166	98356	84.35
1167	98158	84.11
1168	97934	83.85
1169	97669	83.55
1170	97919	83.69
1171	98455	84.08
1172	98385	83.95
1173	97599	83.20
1174	98371	83.79
1175	98811	84.09
1176	98785	84.00
1177	98995	84.11
1178	100247	85.10
1179	99252	84.18
1180	102106	86.53
1181	99820	84.52
1182	100043	84.64
1183	99685	84.26
1184	109554	92.53
1185	100016	84.40
1186	100451	84.70
1187	100241	84.45
1188	100805	84.85
1189	101237	85.14
1190	101444	85.25
1191	101055	84.85
1192	101590	85.23
1193	101332	84.94
1194	101352	84.88
1195	101742	85.14
1196	102075	85.35
1197	101440	84.75
1198	102207	85.31
1199	102062	85.12
1200	103215	86.01
1201	103079	85.83
1202	102637	85.39
1203	102825	85.47
1204	103655	86.09
1205	103078	85.54
1206	103877	86.13
1207	103561	85.80
1208	103047	85.30
1209	104069	86.08
1210	103406	85.46
1211	105828	87.39
1212	104551	86.26
1213	104217	85.92
1214	104907	86.41
1215	104442	85.96
1216	104213	85.70
1217	105145	86.40
1218	104951	86.17
1219	105466	86.52
1220	104207	85.42
1221	104923	85.93
1222	105729	86.52
1223	106852	87.37
1224	108872	88.95
1225	106131	86.64
1226	106149	86.58
1227	106124	86.49
1228	105745	86.11
1229	106616	86.75
1230	106438	86.53
1231	106400	86.43
1232	107013	86.86
1233	107919	87.53
1234	107286	86.94
1235	107499	87.04
1236	107271	86.79
1237	107820	87.16
1238	107922	87.17
1239	107956	87.13
1240	108254	87.30
1241	108055	87.07
1242	108311	87.21
1243	109213	87.86
1244	108853	87.50
1245	111785	89.79
1246	109637	87.99
1247	109170	87.55
1248	108916	87.27
1249	109537	87.70
1250	110010	88.01
1251	109985	87.92
1252	109869	87.75
1253	109716	87.56
1254	110256	87.92
1255	110817	88.30
1256	110934	88.32
1257	110151	87.63
1258	111209	88.40
1259	111810	88.81
1260	111888	88.80
1261	112258	89.02
1262	111347	88.23
1263	111741	88.47
1264	112660	89.13
1265	112086	88.61
1266	115012	90.85
1267	112418	88.73
1268	112491	88.72
1269	112172	88.39
1270	112857	88.86
1271	113022	88.92
1272	113030	88.86
1273	113467	89.13
1274	113386	89.00
1275	114354	89.69
1276	113319	88.81
1277	113776	89.10
1278	115304	90.22
1279	114014	89.14
1280	114244	89.25
1281	124185	96.94
1282	115086	89.77
1283	114717	89.41
1284	115713	90.12
1285	115628	89.98
1286	118491	92.14
1287	114756	89.17
1288	115823	89.92
1289	115995	89.99
1290	115863	89.82
1291	117433	90.96
1292	115980	89.77
1293	116588	90.17
1294	118479	91.56
1295	116825	90.21
1296	116745	90.08
1297	116640	89.93
1298	117007	90.14
1299	117551	90.49
1300	118343	91.03
1301	119532	91.88
1302	119097	91.47
1303	117393	90.09
1304	118839	91.13
1305	121919	93.42
1306	119521	91.52
1307	118640	90.77
1308	118507	90.60
1309	118515	90.54
1310	119537	91.25
1311	119709	91.31
1312	119784	91.30
1313	119664	91.14
1314	120758	91.90
1315	119917	91.19
1316	119917	91.12
1317	119894	91.04
1318	120501	91.43
1319	120266	91.18
1320	121179	91.80
1321	120723	91.39
1322	120679	91.29
1323	121527	91.86
1324	124476	94.02
1325	121712	91.86
1326	121670	91.76
1327	122006	91.94
1328	121622	91.58
1329	121744	91.61
1330	122192	91.87
1331	122363	91.93
1332	125086	93.91
1333	122861	92.17
1334	122492	91.82
1335	122763	91.96
1336	123084	92.13
1337	123736	92.55
1338	123255	92.12
1339	123911	92.54
1340	123492	92.16
1341	133596	99.62
1342	124845	93.03
1343	127408	94.87
1344	124386	92.55
1345	124941	92.89
1346	124329	92.37
1347	125249	92.98
1348	125086	92.79
1349	127428	94.46
1350	124716	92.38
1351	126199	93.41
1352	125624	92.92
1353	126191	93.27
1354	126269	93.26
1355	126468	93.33
1356	126175	93.05
1357	126988	93.58
1358	126896	93.44
1359	126909	93.38
1360	127204	93.53
1361	130033	95.54
1362	127838	93.86
1363	127479	93.53
1364	128811	94.44
1365	128198	93.92
1366	129146	94.54
1367	128719	94.16
1368	129338	94.55
1369	137312	100.30
1370	130354	95.15
1371	129188	94.23
1372	129739	94.56
1373	129340	94.20
1374	129808	94.47
1375	129876	94.46
1376	129505	94.12
1377	138916	100.88
1378	131071	95.12
1379	132116	95.81
1380	130982	94.91
1381	130689	94.63
1382	130868	94.69
1383	132213	95.60
1384	131340	94.90
1385	133963	96.72
1386	132251	95.42
1387	131904	95.10
1388	136368	98.25
1389	137481	98.98
1390	132070	95.01
1391	133173	95.74
1392	132890	95.47
1393	132254	94.94
1394	133052	95.45
1395	132527	95.00
1396	134510	96.35
1397	134242	96.09
1398	134056	95.89
1399	133903	95.71
1400	134360	95.97
1401	134232	95.81
1402	135168	96.41
1403	144549	103.03
1404	135727	96.67
1405	139271	99.13
1406	134852	95.91
1407	135292	96.16
1408	139823	99.31
1409	139237	98.82
1410	135634	96.19
1411	154837	109.74
1412	138935	98.40
1413	137801	97.52
1414	137032	96.91
1415	136784	96.67
1416	137528	97.12
1417	144713	102.13
1418	138690	97.81
1419	144976	102.17
1420	139154	98.00
1421	138402	97.40
1422	138498	97.40
1423	139965	98.36
1424	139295	97.82
1425	144077	101.11
1426	141125	98.97
1427	141001	98.81
1428	141442	99.05
1429	139788	97.82
1430	139041	97.23
1431	139504	97.49
1432	140465	98.09
1433	140409	97.98
1434	140340	97.87
1435	140058	97.60
1436	140061	97.54
1437	140337	97.66
1438	148488	103.26
1439	142463	99.00
1440	141063	97.96
1441	146353	101.56
1442	141111	97.86
1443	142542	98.78
1444	141711	98.14
1445	141400	97.85
1446	142147	98.30
1447	142345	98.37
1448	144755	99.97
1449	142963	98.66
1450	145496	100.34
1451	143371	98.81
1452	142958	98.46
1453	143363	98.67
1454	143502	98.69
1455	148526	102.08
1456	149967	103.00
1457	145531	99.88
1458	144175	98.89
1459	147225	100.91
1460	144790	99.17
1461	144845	99.14
1462	144769	99.02
1463	145126	99.20
1464	146445	100.03
1465	150796	102.93
1466	145200	99.05
1467	146041	99.55
1468	148345	101.05
1469	145943	99.35
1470	145927	99.27
1471	146683	99.72
1472	147486	100.19
1473	151552	102.89
1474	146859	99.63
1475	147205	99.80
1476	146961	99.57
1477	147128	99.61
1478	147357	99.70
1479	147362	99.64
1480	148467	100.32
1481	147884	99.85
1482	148121	99.95
1483	148980	100.46
1484	148988	100.40
1485	149520	100.69
1486	149048	100.30
1487	149308	100.41
1488	152981	102.81
1489	149635	100.49
1490	149883	100.59
1491	149823	100.48
1492	149654	100.30
1493	149593	100.20
1494	150579	100.79
1495	151309	101.21
1496	151686	101.39
1497	151775	101.39
1498	151578	101.19
1499	151931	101.35
1500	151966	101.31
1501	151945	101.23
1502	152147	101.30
1503	152327	101.35
1504	174719	116.17
1505	152664	101.44
1506	152508	101.27
1507	153508	101.86
1508	152958	101.43
1509	153571	101.77
1510	152876	101.24
1511	155251	102.75
1512	154122	101.93
1513	170420	112.64
1514	162919	107.61
1515	155222	102.46
1516	155556	102.61
1517	155253	102.34
1518	154424	101.73
1519	155386	102.29
1520	154964	101.95
1521	158009	103.88
1522	156033	102.52
1523	155632	102.19
1524	156688	102.81
1525	156855	102.86
1526	156212	102.37
1527	156440	102.45
1528	158089	103.46
1529	157740	103.17
1530	157330	102.83
1531	157966	103.18
1532	158117	103.21
1533	157448	102.71
1534	158506	103.33
1535	158199	103.06
1536	161808	105.34
1537	157907	102.74
1538	158449	103.02
1539	159350	103.54
1540	158790	103.11
1541	159272	103.36
1542	159050	103.15
1543	162003	104.99
1544	159560	103.34
1545	159350	103.14
1546	159581	103.22
1547	159562	103.14
1548	159867	103.27
1549	161043	103.97
1550	163513	105.49
1551	161492	104.12
1552	169732	109.36
1553	161586	104.05
1554	161285	103.79
1555	162355	104.41
1556	162616	104.51
1557	163192	104.81
1558	162753	104.46
1559	162353	104.14
1560	163136	104.57
1561	162727	104.25
1562	163131	104.44
1563	163190	104.41
1564	163729	104.69
1565	171959	109.88
1566	166827	106.53
1567	163706	104.47
1568	164357	104.82
1569	163462	104.18
1570	164713	104.91
1571	165215	105.17
1572	165530	105.30
1573	164104	104.33
1574	164361	104.42
1575	170108	108.01
1576	165787	105.19
1577	166541	105.61
1578	167229	105.98
1579	174853	110.74
1580	166599	105.44
1581	166661	105.41
1582	166761	105.41
1583	175688	110.98
1584	166739	105.26
1585	169397	106.88
1586	167573	105.66
1587	167714	105.68
1588	167872	105.71
1589	168163	105.83
1590	168196	105.78
1591	169426	106.49
1592	171145	107.50
1593	171818	107.86
1594	168736	105.86
1595	169360	106.18
1596	169265	106.06
1597	171456	107.36
1598	170124	106.46
1599	172026	107.58
1600	172074	107.55
1601	170359	106.41
1602	170371	106.35
1603	171280	106.85
1604	171134	106.69
1605	172450	107.45
1606	170805	106.35
1607	175572	109.25
1608	181687	112.99
1609	173817	108.03
1610	173379	107.69
1611	173476	107.68
1612	172836	107.22
1613	176388	109.35
1614	174741	108.27
1615	174012	107.75
1616	352325	218.02
1617	175737	108.68
1618	176419	109.04
1619	174267	107.64
1620	174794	107.90
1621	174515	107.66
1622	175223	108.03
1623	178346	109.89
1624	176883	108.92
1625	175279	107.86
1626	176626	108.63
1627	180455	110.91
1628	184118	113.09
1629	178087	109.32
1630	177652	108.99
1631	180743	110.82
1632	179215	109.81
1633	177697	108.82
1634	179962	110.14
1635	177600	108.62
1636	178214	108.93
1637	178189	108.85
1638	202316	123.51
1639	182095	111.10
1640	179337	109.35
1641	179177	109.19
1642	179153	109.11
1643	178849	108.86
1644	179350	109.09
1645	178952	108.79
1646	179099	108.81
1647	179511	108.99
1648	181229	109.97
1649	179990	109.15
1650	179649	108.88
1651	184739	111.90
1652	181507	109.87
1653	182305	110.29
1654	180703	109.25
1655	181706	109.79
1656	180732	109.14
1657	183049	110.47
1658	181074	109.21
1659	181248	109.25
1660	183120	110.31
1661	182481	109.86
1662	183043	110.13
1663	185401	111.49
1664	186534	112.10
1665	183778	110.38
1666	183397	110.08
1667	183426	110.03
1668	183734	110.15
1669	184277	110.41
1670	185076	110.82
1671	185380	110.94
1672	186316	111.43
1673	193532	115.68
1674	185697	110.93
1675	185717	110.88
1676	190027	113.38
1677	185639	110.70
1678	186120	110.92
1679	186377	111.00
1680	186092	110.77
1681	187343	111.45
1682	188188	111.88
1683	187308	111.29
1684	187362	111.26
1685	187647	111.36
1686	187442	111.18
1687	187913	111.39
1688	187894	111.31
1689	193953	114.83
1690	188569	111.58
1691	188579	111.52
1692	188893	111.64
1693	188899	111.58
1694	189724	112.00
1695	190032	112.11
1696	189935	111.99
1697	189608	111.73
1698	189772	111.76
1699	189835	111.73
1700	190475	112.04
1701	191703	112.70
1702	191584	112.56
1703	190209	111.69
1704	191386	112.32
1705	191658	112.41
1706	192015	112.55
1707	193279	113.23
1708	192657	112.80
1709	192427	112.60
1710	192611	112.64
1711	193067	112.84
1712	192642	112.52
1713	198856	116.09
1714	193585	112.94
1715	192940	112.50
1716	193836	112.96
1717	193814	112.88
1718	194277	113.08
1719	195223	113.57
1720	194911	113.32
1721	202454	117.64
1722	195069	113.28
1723	195607	113.53
1724	195862	113.61
1725	200318	116.13
1726	195659	113.36
1727	196214	113.62
1728	196033	113.45
1729	196922	113.89
1730	196601	113.64
1731	197363	114.02
1732	198511	114.61
1733	197577	114.01
1734	197153	113.70
1735	197945	114.09
1736	197587	113.82
1737	204870	117.94
1738	198879	114.43
1739	198844	114.34
1740	198142	113.87
1741	198969	114.28
1742	199220	114.36
1743	200743	115.17
1744	198972	114.09
1745	199761	114.48
1746	200427	114.79
1747	200442	114.73
1748	204030	116.72
1749	201422	115.16
1750	200481	114.56
1751	201423	115.03
1752	200600	114.50
1753	203039	115.82
1754	202603	115.51
1755	201830	115.00
1756	202235	115.17
1757	202768	115.41
1758	202276	115.06
1759	202400	115.07
1760	208037	118.20
1761	202724	115.12
1762	202150	114.73
1763	202624	114.93
1764	204023	115.66
1765	203866	115.50
1766	217546	123.19
1767	205829	116.49
1768	205342	116.14
1769	205779	116.33
1770	205644	116.18
1771	205222	115.88
1772	205283	115.85
1773	205406	115.85
1774	205501	115.84
1775	205647	115.86
1776	206426	116.23
1777	210575	118.50
1778	206192	115.97
1779	207311	116.53
1780	206339	115.92
1781	206994	116.22
1782	207700	116.55
1783	209790	117.66
1784	208012	116.60
1785	207521	116.26
1786	207803	116.35
1787	208457	116.65
1788	212562	118.88
1789	208485	116.54
1790	208601	116.54
1791	209226	116.82
1792	208737	116.48
1793	209993	117.12
1794	210529	117.35
1795	209647	116.79
1796	217492	121.10
1797	210314	117.04
1798	210519	117.09
1799	218012	121.19
1800	217152	120.64
1801	211883	117.65
1802	212174	117.74
1803	210464	116.73
1804	220273	122.10
1805	213750	118.42
1806	213141	118.02
1807	213624	118.22
1808	213047	117.84
1809	223221	123.39
1810	218883	120.93
1811	213206	117.73
1812	214483	118.37
1813	213648	117.84
1814	213914	117.92
1815	214966	118.44
1816	214423	118.07
1817	215182	118.43
1818	214724	118.11
1819	215802	118.64
1820	215726	118.53
1821	220338	121.00
1822	216003	118.55
1823	215943	118.45
1824	216552	118.72
1825	226104	123.89
1826	219408	120.16
1827	218375	119.53
1828	217923	119.21
1829	224249	122.61
1830	219034	119.69
1831	219868	120.08
1832	220208	120.20
1833	218417	119.16
1834	219348	119.60
1835	219697	119.73
1836	218496	119.01
1837	219866	119.69
1838	219620	119.49
1839	225132	122.42
1840	220984	120.10
1841	221075	120.08
1842	223760	121.48
1843	221188	120.02
1844	221585	120.17
1845	222090	120.37
1846	221440	119.96
1847	222135	120.27
1848	222285	120.28
1849	221904	120.01
1850	225690	121.99
1851	228113	123.24
1852	222395	120.08
1853	222536	120.09
1854	223055	120.31
1855	224202	120.86
1856	224092	120.74
1857	223241	120.22
1858	224578	120.87
1859	224316	120.66
1860	228545	122.87
1861	223974	120.35
1862	231881	124.53
1863	227201	121.95
1864	224812	120.61
1865	225968	121.16
1866	226390	121.32
1867	226129	121.12
1868	226260	121.12
1869	227865	121.92
1870	226217	120.97
1871	232333	124.18
1872	227689	121.63
1873	226950	121.17
1874	226557	120.89
1875	228438	121.83
1876	227860	121.46
1877	229810	122.43
1878	232626	123.87
1879	227918	121.30
1880	229360	122.00
1881	231112	122.87
1882	230003	122.21
1883	229459	121.86
1884	229650	121.89
1885	229410	121.70
1886	231286	122.63
1887	231162	122.50
1888	232582	123.19
1889	231639	122.63
1890	237122	125.46
1891	248818	131.58
1892	238603	126.11
1893	231934	122.52
1894	232721	122.87
1895	232086	122.47
1896	236291	124.63
1897	234183	123.45
1898	235005	123.82
1899	236602	124.59
1900	241674	127.20
1901	237797	125.09
1902	236971	124.59
1903	235428	123.71
1904	235066	123.46
1905	234900	123.31
1906	237383	124.55
1907	234779	123.11
1908	236655	124.03
1909	236313	123.79
1910	243955	127.73
1911	236967	124.00
1912	237083	124.00
1913	235556	123.13
1914	236462	123.54
1915	240999	125.85
1916	236841	123.61
1917	237034	123.65
1918	236387	123.25
1919	239735	124.93
1920	245977	128.11
1921	238919	124.37
1922	237819	123.74
1923	239185	124.38
1924	238563	123.99
1925	242025	125.73
1926	238748	123.96
1927	239246	124.15
1928	241311	125.16
1929	243592	126.28
1930	243441	126.14
1931	241063	124.84
1932	239977	124.21
1933	240847	124.60
1934	243403	125.85
1935	243116	125.64
1936	241679	124.83
1937	242702	125.30
1938	243369	125.58
1939	244351	126.02
1940	243443	125.49
1941	243238	125.32
1942	244346	125.82
1943	243241	125.19
1944	247727	127.43
1945	247394	127.19
1946	244039	125.41
1947	244261	125.46
1948	244982	125.76
1949	244789	125.60
1950	244553	125.41
1951	244547	125.34
1952	245304	125.67
1953	245260	125.58
1954	252457	129.20
1955	245766	125.71
1956	270289	138.18
1957	246128	125.77
1958	251026	128.21
1959	249821	127.52
1960	248333	126.70
1961	255919	130.50
1962	254021	129.47
1963	250765	127.75
1964	255481	130.08
1965	249497	126.97
1966	247794	126.04
1967	252595	128.42
1968	248815	126.43
1969	256883	130.46
1970	249991	126.90
1971	255051	129.40
1972	250582	127.07
1973	249838	126.63
1974	250208	126.75
1975	250866	127.02
1976	254653	128.87
1977	251382	127.15
1978	251290	127.04
1979	251941	127.31
1980	251273	126.91
1981	255999	129.23
1982	252677	127.49
1983	252436	127.30
1984	252284	127.16
1985	253714	127.82
1986	265283	133.58
1987	255724	128.70
1988	255861	128.70
1989	254766	128.09
1990	254702	127.99
1991	254264	127.71
1992	255337	128.18
1993	254365	127.63
1994	254773	127.77
1995	258568	129.61
1996	255921	128.22
1997	255329	127.86
1998	255925	128.09
1999	256921	128.52
2000	262066	131.03
2001	256371	128.12
2002	258480	129.11
2003	257868	128.74
2004	263538	131.51
2005	261665	130.51
2006	258853	129.04
2007	261325	130.21
2008	263692	131.32
2009	259610	129.22
2010	260022	129.36
2011	259489	129.03
2012	258672	128.56
2013	268271	133.27
2014	265011	131.58
2015	263310	130.67
2016	260334	129.13
2017	260147	128.98
2018	262470	130.06
2019	262003	129.77
2020	261629	129.52
2021	261075	129.18
2022	267299	132.20
2023	262310	129.66
2024	261885	129.39
2025	261486	129.13
2026	262844	129.74
2027	265430	130.95
2028	264655	130.50
2029	262049	129.15
2030	266578	131.32
2031	268236	132.07
2032	264511	130.17
2033	267014	131.34
2034	266632	131.09
2035	265028	130.23
2036	267575	131.42
2037	264841	130.02
2038	266579	130.80
2039	265603	130.26
2040	270073	132.39
2041	266450	130.55
2042	272004	133.20
2043	268292	131.32
2044	268443	131.33
2045	266746	130.44
2046	268080	131.03
2047	268176	131.01
2048	267730	130.73
2049	273651	133.55
2050	267912	130.69
2051	271343	132.30
2052	269165	131.17
2053	269795	131.42
2054	269655	131.28
2055	269548	131.17
2056	270463	131.55
2057	269754	131.14
2058	278306	135.23
2059	270343	131.30
2060	270475	131.30
2061	273491	132.70
2062	273855	132.81
2063	271853	131.78
2064	271950	131.76
2065	272964	132.19
2066	273447	132.36
2067	274368	132.74
2068	273030	132.03
2069	271492	131.22
2070	278055	134.33
2071	273788	132.20
2072	274118	132.30
2073	273697	132.03
2074	273765	132.00
2075	275676	132.86
2076	277743	133.79
2077	275317	132.56
2078	275141	132.41
2079	276951	133.21
2080	275207	132.31
2081	276416	132.83
2082	276369	132.74
2083	276830	132.90
2084	276948	132.89
2085	283326	135.89
2086	283942	136.12
2087	279316	133.84
2088	278974	133.61
2089	277963	133.06
2090	278973	133.48
2091	277896	132.90
2092	280237	133.96
2093	282239	134.85
2094	279151	133.31
2095	281208	134.23
2096	296367	141.40
2097	285693	136.24
2098	280427	133.66
2099	284918	135.74
2100	283738	135.11
2101	281643	134.05
2102	284850	135.51
2103	286286	136.13
2104	294204	139.83
2105	283175	134.52
2106	283354	134.55
2107	282491	134.07
2108	286240	135.79
2109	283996	134.66
2110	284564	134.86
2111	283261	134.18
2112	285126	135.00
2113	284939	134.85
2114	285176	134.90
2115	285454	134.97
2116	287727	135.98
2117	284790	134.53
2118	285899	134.99
2119	297237	140.27
2120	286478	135.13
2121	299981	141.43
2122	286865	135.19
2123	287308	135.33
2124	286433	134.86
2125	288414	135.72
2126	287329	135.15
2127	287598	135.21
2128	288278	135.47
2129	292293	137.29
2130	287990	135.21
2131	289114	135.67
2132	288541	135.34
2133	290842	136.35
2134	289148	135.50
2135	289824	135.75
2136	302962	141.84
2137	292646	136.94
2138	290488	135.87
2139	290592	135.85
2140	291287	136.12
2141	300033	140.14
2142	291759	136.21
2143	291784	136.16
2144	295131	137.65
2145	292464	136.35
2146	293035	136.55
2147	293872	136.88
2148	293339	136.56
2149	292404	136.07
2150	294809	137.12
2151	293956	136.66
2152	296615	137.83
2153	293602	136.37
2154	293981	136.48
2155	294519	136.67
2156	296289	137.43
2157	295405	136.95
2158	294296	136.37
2159	296320	137.25
2160	299243	138.54
2161	295263	136.63
2162	296221	137.01
2163	297996	137.77
2164	295800	136.69
2165	296924	137.15
2166	296319	136.80
2167	297736	137.40
2168	300260	138.50
2169	308110	142.05
2170	301911	139.13
2171	299750	138.07
2172	300461	138.33
2173	299801	137.97
2174	300865	138.39
2175	301372	138.56
2176	301209	138.42
2177	305195	140.19
2178	301640	138.49
2179	301535	138.38
2180	300637	137.91
2181	301747	138.35
2182	301500	138.18
2183	302143	138.41
2184	301278	137.95
2185	304883	139.53
2186	302096	138.20
2187	302748	138.43
2188	302872	138.42
2189	303921	138.84
2190	304011	138.82
2191	305524	139.45
2192	303742	138.57
2193	307876	140.39
2194	304300	138.70
2195	305230	139.06
2196	304609	138.71
2197	305179	138.91
2198	305540	139.01
2199	306096	139.20
2200	308964	140.44
2201	309739	140.73
2202	307116	139.47
2203	310636	141.01
2204	308556	140.00
2205	310791	140.95
2206	307553	139.42
2207	308362	139.72
2208	316562	143.37
2209	308003	139.43
2210	308618	139.65
2211	310679	140.52
2212	310819	140.51
2213	308704	139.50
2214	313026	141.38
2215	309998	139.95
2216	312435	140.99
2217	311057	140.31
2218	311784	140.57
2219	311142	140.22
2220	313920	141.41
2221	312084	140.52
2222	312329	140.56
2223	315584	141.96
2224	313559	140.99
2225	311920	140.19
2226	314064	141.09
2227	316661	142.19
2228	316973	142.27
2229	315522	141.55
2230	314586	141.07
2231	314026	140.76
2232	313540	140.47
2233	314417	140.80
2234	315842	141.38
2235	322883	144.47
2236	315451	141.08
2237	319350	142.76
2238	320430	143.18
2239	316992	141.58
2240	321218	143.40
2241	316537	141.25
2242	328261	146.41
2243	318379	141.94
2244	320601	142.87
2245	318578	141.91
2246	318614	141.86
2247	318177	141.60
2248	321377	142.96
2249	330698	147.04
2250	323608	143.83
2251	320529	142.39
2252	320051	142.12
2253	319922	142.00
2254	320300	142.10
2255	320381	142.08
2256	325221	144.16
2257	320899	142.18
2258	320766	142.06
2259	322322	142.68
2260	322366	142.64
2261	321932	142.38
2262	322922	142.76
2263	322261	142.40
2264	327324	144.58
2265	323651	142.89
2266	323403	142.72
2267	323260	142.59
2268	324780	143.20
2269	324279	142.92
2270	324033	142.75
2271	329869	145.25
2272	325223	143.14
2273	326138	143.48
2274	325743	143.25
2275	333176	146.45
2276	326622	143.51
2277	326041	143.19
2278	330630	145.14
2279	328096	143.96
2280	326951	143.40
2281	327035	143.37
2282	328466	143.94
2283	327479	143.44
2284	327348	143.32
2285	328479	143.75
2286	332463	145.43
2287	328920	143.82
2288	329308	143.93
2289	329598	143.99
2290	331416	144.72
2291	329419	143.79
2292	329837	143.91
2293	334806	146.01
2294	332093	144.77
2295	330703	144.10
2296	330742	144.05
2297	333068	145.00
2298	331240	144.14
2299	331469	144.18
2300	339279	147.51
2301	332451	144.48
2302	332913	144.62
2303	334476	145.23
2304	335017	145.41
2305	335251	145.45
2306	339067	147.04
2307	339590	147.20
2308	335706	145.45
2309	334473	144.86
2310	335041	145.04
2311	335994	145.39
2312	335160	144.97
2313	335477	145.04
2314	336647	145.48
2315	336318	145.28
2316	336567	145.32
2317	337957	145.86
2318	336791	145.29
2319	337751	145.65
2320	337997	145.69
2321	341453	147.11
2322	338100	145.61
2323	337867	145.44
2324	338349	145.59
2325	343852	147.89
2326	340595	146.43
2327	340329	146.25
2328	343860	147.71
2329	341810	146.76
2330	340679	146.21
2331	341439	146.48
2332	344355	147.67
2333	345901	148.26
2334	342346	146.68
2335	345756	148.08
2336	362532	155.19
2337	347800	148.82
2338	344491	147.34
2339	344857	147.44
2340	347540	148.52
2341	344118	147.00
2342	346813	148.08
2343	345151	147.31
2344	344568	147.00
2345	345767	147.45
2346	352954	150.45
2347	345617	147.26
2348	346980	147.78
2349	349475	148.78
2350	347387	147.82
2351	346203	147.26
2352	347241	147.64
2353	347601	147.73
2354	349562	148.50
2355	347536	147.57
2356	367661	156.05
2357	351687	149.21
2358	350979	148.85
2359	350193	148.45
2360	351106	148.77
2361	350924	148.63
2362	350094	148.22
2363	355706	150.53
2364	352402	149.07
2365	355812	150.45
2366	353323	149.33
2367	351813	148.63
2368	352744	148.96
2369	351968	148.57
2370	356649	150.48
2371	352149	148.52
2372	353668	149.10
2373	354863	149.54
2374	353286	148.81
2375	352976	148.62
2376	356402	150.00
2377	355935	149.74
2378	354461	149.06
2379	354504	149.01
2380	355981	149.57
2381	355454	149.29
2382	355005	149.04
2383	356003	149.39
2384	355655	149.18
2385	356879	149.63
2386	356909	149.58
2387	357348	149.71
2388	358287	150.04
2389	357087	149.47
2390	363238	151.98
2391	357924	149.70
2392	358404	149.83
2393	359858	150.38
2394	358289	149.66
2395	365638	152.67
2396	361977	151.08
2397	358726	149.66
2398	359594	149.96
2399	360213	150.15
2400	364513	151.88
2401	360774	150.26
2402	361178	150.37
2403	362341	150.79
2404	362311	150.71
2405	362960	150.92
2406	362227	150.55
2407	363029	150.82
2408	361766	150.24
2409	363791	151.01
2410	368131	152.75
2411	363821	150.90
2412	362863	150.44
2413	365666	151.54
2414	364579	151.03
2415	364137	150.78
2416	368396	152.48
2417	365579	151.25
2418	365673	151.23
2419	365769	151.21
2420	366054	151.26
2421	367875	151.95
2422	371555	153.41
2423	370566	152.94
2424	366673	151.27
2425	373917	154.19
2426	369376	152.26
2427	368106	151.67
2428	368652	151.83
2429	379702	156.32
2430	376376	154.89
2431	368705	151.67
2432	370279	152.25
2433	380382	156.34
2434	377004	154.89
2435	370556	152.18
2436	375893	154.31
2437	371013	152.24
2438	370886	152.13
2439	371861	152.46
2440	533264	218.55
2441	376733	154.34
2442	376928	154.35
2443	373563	152.91
2444	373134	152.67
2445	373099	152.60
2446	376201	153.80
2447	377879	154.43
2448	374525	152.99
2449	375459	153.31
2450	373638	152.51
2451	375686	153.28
2452	377484	153.95
2453	379821	154.84
2454	382962	156.06
2455	382963	155.99
2456	377612	153.75
2457	376999	153.44
2458	378101	153.82
2459	379086	154.16
2460	379097	154.10
2461	381619	155.07
2462	379657	154.21
2463	379490	154.08
2464	378716	153.70
2465	379531	153.97
2466	380849	154.44
2467	380907	154.40
2468	382615	155.03
2469	380373	154.06
2470	381124	154.30
2471	381263	154.30
2472	381471	154.32
2473	385910	156.05
2474	383247	154.91
2475	382049	154.36
2476	383797	155.01
2477	381784	154.13
2478	382840	154.50
2479	383286	154.61
2480	388098	156.49
2481	385911	155.55
2482	384223	154.80
2483	383981	154.64
2484	383558	154.41
2485	387361	155.88
2486	384388	154.62
2487	388269	156.12
2488	386436	155.32
2489	386228	155.17
2490	386170	155.09
2491	388537	155.98
2492	388535	155.91
2493	391120	156.89
2494	388536	155.79
2495	391853	157.06
2496	388106	155.49
2497	388233	155.48
2498	395020	158.13
2499	390808	156.39
2500	396025	158.41
2501	391333	156.47
2502	389938	155.85
2503	395574	158.04
2504	391421	156.32
2505	396087	158.12
2506	392204	156.51
2507	396519	158.16
2508	391413	156.07
2509	392498	156.44
2510	392305	156.30
2511	396179	157.78
2512	393104	156.49
2513	393249	156.49
2514	393764	156.63
2515	392660	156.13
2516	394762	156.90
2517	396713	157.61
2518	394605	156.71
2519	395499	157.01
2520	395107	156.79
2521	395085	156.72
2522	395939	156.99
2523	399359	158.29
2524	396144	156.95
2525	402622	159.45
2526	396656	157.03
2527	396727	157.00
2528	398461	157.62
2529	400876	158.51
2530	398105	157.35
2531	399362	157.79
2532	397967	157.17
2533	399455	157.70
2534	400416	158.02
2535	404590	159.60
2536	399662	157.60
2537	401727	158.35
2538	401366	158.14
2539	400481	157.73
2540	400995	157.87
2541	405780	159.69
2542	403260	158.64
2543	405446	159.44
2544	401552	157.84
2545	401559	157.78
2546	411242	161.52
2547	405578	159.24
2548	402945	158.14
2549	404219	158.58
2550	404136	158.48
2551	403852	158.31
2552	404599	158.54
2553	408612	160.05
2554	428543	167.79
2555	417050	163.23
2556	408191	159.70
2557	417034	163.10
2558	409622	160.13
2559	411354	160.75
2560	409266	159.87
2561	409313	159.83
2562	409830	159.96
2563	413585	161.37
2564	410194	159.98
2565	409423	159.62
2566	411286	160.28
2567	410383	159.87
2568	409702	159.54
2569	415734	161.83
2570	410372	159.68
2571	421908	164.10
2572	412827	160.51
2573	411156	159.80
2574	416159	161.68
2575	412133	160.05
2576	412316	160.06
2577	412791	160.18
2578	412749	160.10
2579	412747	160.04
2580	416578	161.46
2581	413637	160.26
2582	415470	160.91
2583	417510	161.64
2584	415926	160.96
2585	430043	166.36
2586	423690	163.84
2587	431771	166.90
2588	417914	161.48
2589	416527	160.88
2590	418265	161.49
2591	420332	162.23
2592	425552	164.18
2593	420186	162.05
2594	418423	161.30
2595	429116	165.36
2596	420168	161.85
2597	419617	161.58
2598	419578	161.50
2599	420603	161.83
2600	421348	162.06
2601	430138	165.37
2602	424348	163.09
2603	421797	162.04
2604	423532	162.65
2605	420408	161.39
2606	423765	162.61
2607	421333	161.62
2608	421219	161.51
2609	424051	162.53
2610	423493	162.26
2611	423139	162.06
2612	430813	164.94
2613	424493	162.45
2614	424046	162.22
2615	425116	162.57
2616	424323	162.20
2617	424138	162.07
2618	430225	164.33
2619	424632	162.14
2620	425810	162.52
2621	426858	162.86
2622	425904	162.43
2623	430909	164.28
2624	426611	162.58
2625	429348	163.56
2626	438520	166.99
2627	427382	162.69
2628	429207	163.32
2629	433846	165.02
2630	428380	162.88
2631	429484	163.24
2632	434755	165.18
2633	429412	163.09
2634	432972	164.38
2635	431610	163.80
2636	430362	163.26
2637	431990	163.82
2638	430393	163.15
2639	430947	163.30
2640	434553	164.60
2641	431424	163.36
2642	431806	163.44
2643	436032	164.98
2644	451519	170.77
2645	438945	165.95
2646	433701	163.91
2647	433526	163.78
2648	435136	164.33
2649	436444	164.76
2650	439238	165.75
2651	435502	164.28
2652	440494	166.10
2653	435325	164.09
2654	436726	164.55
2655	441764	166.39
2656	440171	165.73
2657	437553	164.68
2658	437864	164.73
2659	437779	164.64
2660	441858	166.11
2661	445957	167.59
2662	438694	164.80
2663	439566	165.06
2664	438848	164.73
2665	443757	166.51
2666	445289	167.03
2667	440355	165.11
2668	440014	164.92
2669	439778	164.77
2670	440655	165.04
2671	441459	165.28
2672	444996	166.54
2673	441730	165.26
2674	443191	165.74
2675	441823	165.17
2676	443777	165.84
2677	450932	168.45
2678	443647	165.66
2679	446317	166.60
2680	445371	166.18
2681	448205	167.18
2682	450002	167.79
2683	445457	166.03
2684	446455	166.34
2685	446801	166.41
2686	445891	166.01
2687	447529	166.55
2688	450632	167.65
2689	447064	166.26
2690	447384	166.31
2691	447257	166.20
2692	447754	166.33
2693	452387	167.99
2694	457079	169.67
2695	450290	167.08
2696	450772	167.20
2697	450203	166.93
2698	451654	167.40
2699	455839	168.89
2700	455489	168.70
2701	452791	167.64
2702	452527	167.48
2703	453063	167.61
2704	451556	167.00
2705	453880	167.79
2706	452471	167.21
2707	453710	167.61
2708	453533	167.48
2709	453051	167.24
2710	458190	169.07
2711	456559	168.41
2712	454405	167.55
2713	456453	168.25
2714	474545	174.85
2715	457135	168.37
2716	456796	168.19
2717	456300	167.94
2718	456772	168.05
2719	460311	169.29
2720	457689	168.27
2721	465175	170.96
2722	459426	168.78
2723	457583	168.04
2724	470874	172.86
2725	461117	169.22
2726	459546	168.58
2727	480699	176.27
2728	463662	169.96
2729	467203	171.20
2730	464541	170.16
2731	461026	168.81
2732	463806	169.77
2733	461848	168.99
2734	462875	169.30
2735	470762	172.13
2736	462441	169.02
2737	462020	168.81
2738	468612	171.15
2739	464151	169.46
2740	467182	170.50
2741	463685	169.17
2742	463712	169.11
2743	465802	169.81
2744	464496	169.28
2745	467212	170.20
2746	467081	170.10
2747	465032	169.29
2748	465786	169.50
2749	465838	169.46
2750	467306	169.93
2751	472703	171.83
2752	467357	169.82
2753	467685	169.88
2754	470773	170.94
2755	468856	170.18
2756	488010	177.07
2757	471279	170.94
2758	468507	169.87
2759	469052	170.01
2760	471337	170.77
2761	482241	174.66
2762	471938	170.87
2763	474028	171.56
2764	470834	170.35
2765	472368	170.84
2766	474997	171.73
2767	473134	170.99
2768	471691	170.41
2769	473746	171.09
2770	474794	171.41
2771	475814	171.71
2772	478287	172.54
2773	478026	172.39
2774	474990	171.23
2775	474463	170.98
2776	476283	171.57
2777	478972	172.48
2778	476146	171.40
2779	476607	171.50
2780	478223	172.02
2781	484870	174.35
2782	482930	173.59
2783	483401	173.70
2784	477609	171.55
2785	478432	171.79
2786	481812	172.94
2787	481964	172.93
2788	479407	171.95
2789	482469	172.99
2790	480627	172.27
2791	480720	172.24
2792	484559	173.55
2793	485199	173.72
2794	481282	172.26
2795	482366	172.58
2796	482519	172.57
2797	484610	173.26
2798	484027	172.99
2799	483998	172.92
2800	490579	175.21
2801	486564	173.71
2802	498088	177.76
2803	488168	174.16
2804	484400	172.75
2805	484841	172.85
2806	497372	177.25
2807	489074	174.23
2808	498686	177.59
2809	487269	173.47
2810	490342	174.50
2811	486721	173.15
2812	486467	173.00
2813	487879	173.44
2814	487634	173.29
2815	491198	174.49
2816	487171	173.00
2817	489407	173.73
2818	492246	174.68
2819	489249	173.55
2820	492665	174.70
2821	489603	173.56
2822	490313	173.75
2823	490385	173.71
2824	493448	174.73
2825	494196	174.94
2826	490861	173.69
2827	491638	173.91
2828	492758	174.24
2829	490976	173.55
2830	496820	175.55
2831	492157	173.85
2832	499768	176.47
2833	492963	174.01
2834	493067	173.98
2835	499455	176.17
2836	494139	174.24
2837	500045	176.26
2838	495321	174.53
2839	495155	174.41
2840	499987	176.05
2841	497321	175.05
2842	497514	175.06
2843	496736	174.72
2844	496592	174.61
2845	500624	175.97
2846	497633	174.85
2847	504925	177.35
2848	498332	174.98
2849	499889	175.46
2850	501952	176.12
2851	498251	174.76
2852	500019	175.32
2853	499999	175.25
2854	504879	176.90
2855	505925	177.21
2856	500585	175.27
2857	501604	175.57
2858	501133	175.34
2859	511564	178.93
2860	502100	175.56
2861	503157	175.87
2862	502313	175.51
2863	502877	175.65
2864	511723	178.67
2865	504572	176.12
2866	504405	176.00
2867	504564	175.99
2868	504931	176.06
2869	520866	181.55
2870	510308	177.81
2871	519273	180.87
2872	507521	176.71
2873	507980	176.81
2874	519296	180.69
2875	508695	176.94
2876	509981	177.32
2877	510838	177.56
2878	513966	178.58
2879	511640	177.71
2880	509550	176.93
2881	526742	182.83
2882	519463	180.24
2883	516521	179.16
2884	512523	177.71
2885	513438	177.97
2886	516109	178.83
2887	513855	177.99
2888	512707	177.53
2889	513760	177.83
2890	528718	182.95
2891	524807	181.53
2892	518168	179.17
2893	515298	178.12
2894	514973	177.95
2895	516595	178.44
2896	516807	178.46
2897	520954	179.83
2898	516137	178.10
2899	521741	179.97
2900	523518	180.52
2901	516812	178.15
2902	521483	179.70
2903	517570	178.29
2904	519264	178.81
2905	517695	178.21
2906	524209	180.39
2907	518897	178.50
2908	531703	182.84
2909	522403	179.58
2910	519648	178.57
2911	526107	180.73
2912	521551	179.10
2913	526238	180.65
2914	535337	183.71
2915	527434	180.94
2916	523827	179.64
2917	525750	180.24
2918	526354	180.38
2919	526785	180.47
2920	524245	179.54
2921	523354	179.17
2922	523243	179.07
2923	527966	180.62
2924	530003	181.26
2925	528475	180.68
2926	526177	179.83
2927	527846	180.34
2928	534275	182.47
2929	535590	182.86
2930	528444	180.36
2931	530736	181.08
2932	532135	181.49
2933	531171	181.10
2934	530907	180.95
2935	529685	180.47
2936	529872	180.47
2937	532775	181.40
2938	539701	183.70
2939	531103	180.71
2940	540783	183.94
2941	531836	180.84
2942	535380	181.98
2943	541900	184.13
2944	530892	180.33
2945	532567	180.84
2946	531408	180.38
2947	537980	182.55
2948	532365	180.59
2949	536100	181.79
2950	533456	180.83
2951	535235	181.37
2952	535183	181.30
2953	533570	180.69
2954	544601	184.36
2955	547354	185.23
2956	536461	181.48
2957	537021	181.61
2958	537501	181.71
2959	539865	182.45
2960	539354	182.21
2961	538469	181.85
2962	536651	181.18
2963	545389	184.07
2964	538026	181.52
2965	539694	182.02
2966	539772	181.99
2967	539312	181.77
2968	543495	183.12
2969	543748	183.14
2970	540132	181.86
2971	541057	182.11
2972	543468	182.86
2973	541250	182.06
2974	542805	182.52
2975	541778	182.11
2976	542273	182.22
2977	544520	182.91
2978	544179	182.73
2979	543246	182.36
2980	543476	182.37
2981	546395	183.29
2982	543816	182.37
2983	547585	183.57
2984	549222	184.06
2985	546043	182.93
2986	549737	184.10
2987	548575	183.65
2988	546413	182.87
2989	548526	183.51
2990	551190	184.34
2991	553485	185.05
2992	547820	183.09
2993	548960	183.41
2994	551339	184.15
2995	553142	184.69
2996	551077	183.94
2997	549384	183.31
2998	550834	183.73
2999	553757	184.65
3000	553577	184.53
3001	551406	183.74
3002	557987	185.87
3003	554718	184.72
3004	552639	183.97
3005	554028	184.37
3006	553222	184.04
3007	556220	184.98
3008	557054	185.19
3009	556183	184.84
3010	558130	185.43
3011	553919	183.97
3012	561589	186.45
3013	556860	184.82
3014	556357	184.59
3015	556353	184.53
3016	559542	185.52
3017	557334	184.73
3018	558303	184.99
3019	557487	184.66
3020	561356	185.88
3021	569437	188.49
3022	567475	187.78
3023	567096	187.59
3024	560684	185.41
3025	564485	186.61
3026	561899	185.69
3027	566566	187.17
3028	560905	185.24
3029	564284	186.29
3030	569766	188.04
3031	563062	185.77
3032	565260	186.43
3033	562105	185.33
3034	567120	186.92
3035	565869	186.45
3036	565455	186.25
3037	565408	186.17
3038	566317	186.41
3039	565074	185.94
3040	564876	185.81
3041	565612	186.00
3042	583978	191.97
3043	568685	186.88
3044	566999	186.27
3045	567018	186.21
3046	567059	186.17
3047	580789	190.61
3048	569499	186.84
3049	566565	185.82
3050	569273	186.65
3051	569089	186.53
3052	569171	186.49
3053	574299	188.11
3054	569337	186.42
3055	570048	186.60
3056	571066	186.87
3057	573780	187.69
3058	572607	187.25
3059	575370	188.09
3060	572051	186.94
3061	574745	187.76
3062	571892	186.77
3063	573473	187.23
3064	572441	186.83
3065	573155	187.00
3066	577466	188.35
3067	575356	187.60
3068	575057	187.44
3069	575505	187.52
3070	575430	187.44
3071	576662	187.78
3072	579574	188.66
3073	576198	187.50
3074	579607	188.55
3075	602015	195.78
3076	580527	188.73
3077	578655	188.06
3078	579034	188.12
3079	583595	189.54
3080	579038	188.00
3081	581392	188.70
3082	579607	188.06
3083	585384	189.87
3084	579449	187.89
3085	591867	191.85
3086	584561	189.42
3087	581567	188.39
3088	584255	189.20
3089	600155	194.29
3090	584051	189.01
3091	587987	190.23
3092	592317	191.56
3093	594648	192.26
3094	589092	190.40
3095	589797	190.56
3096	591279	190.98
3097	585941	189.20
3098	590011	190.45
3099	589461	190.21
3100	587371	189.47
3101	589046	189.95
3102	590854	190.48
3103	593630	191.31
3104	590061	190.10
3105	592850	190.93
3106	594630	191.45
3107	593035	190.87
3108	591276	190.24
3109	589371	189.57
3110	594204	191.06
3111	604371	194.27
3112	602416	193.58
3113	593272	190.58
3114	620191	199.16
3115	594173	190.75
3116	598991	192.23
3117	592880	190.21
3118	600043	192.44
3119	593282	190.22
3120	594469	190.53
3121	594570	190.51
3122	600923	192.48
3123	594966	190.51
3124	596292	190.87
3125	595089	190.43
3126	599606	191.81
3127	596560	190.78
3128	597298	190.95
3129	596567	190.66
3130	600784	191.94
3131	596554	190.53
3132	598488	191.09
3133	600701	191.73
3134	601661	191.98
3135	598884	191.03
3136	600204	191.39
3137	599411	191.08
3138	603670	192.37
3139	605055	192.75
3140	601287	191.49
3141	608421	193.70
3142	609050	193.84
3143	673624	214.33
3144	605977	192.74
3145	604264	192.13
3146	607758	193.18
3147	604000	191.93
3148	603770	191.79
3149	604666	192.02
3150	607436	192.84
3151	611990	194.22
3152	608632	193.09
3153	606888	192.48
3154	613302	194.45
3155	610614	193.54
3156	607104	192.37
3157	607313	192.37
3158	610467	193.31
3159	612152	193.78
3160	609449	192.86
3161	608353	192.46
3162	610613	193.11
3163	611858	193.44
3164	611439	193.25
3165	613306	193.78
3166	610415	192.80
3167	612551	193.42
3168	611366	192.98
3169	612318	193.22
3170	613808	193.63
3171	615525	194.11
3172	613991	193.57
3173	613742	193.43
3174	620054	195.35
3175	616476	194.17
3176	613641	193.21
3177	613372	193.07
3178	617632	194.35
3179	622682	195.87
3180	615879	193.67
3181	615511	193.50
3182	622886	195.75
3183	619331	194.57
3184	617174	193.84
3185	617018	193.73
3186	619850	194.55
3187	621676	195.07
3188	618937	194.15
3189	618183	193.85
3190	622306	195.08
3191	626333	196.28
3192	621291	194.64
3193	623025	195.12
3194	631322	197.66
3195	622677	194.89
3196	622824	194.88
3197	622591	194.74
3198	625171	195.49
3199	624285	195.15
3200	622822	194.63
3201	623987	194.94
3202	820843	256.35
3203	625503	195.29
3204	627383	195.81
3205	630800	196.82
3206	626812	195.51
3207	629053	196.15
3208	629640	196.27
3209	633188	197.32
3210	628326	195.74
3211	740358	230.57
3212	635913	197.98
3213	642980	200.12
3214	633433	197.09
3215	628074	195.36
3216	631228	196.28
3217	633854	197.03
3218	630283	195.86
3219	629407	195.53
3220	634505	197.05
3221	633004	196.52
3222	631813	196.09
3223	631500	195.94
3224	633822	196.59
3225	637921	197.80
3226	632877	196.18
3227	633100	196.19
3228	637123	197.37
3229	633171	196.09
3230	634472	196.43
3231	633027	195.92
3232	639231	197.78
3233	635165	196.46
3234	638733	197.51
3235	635409	196.42
3236	643318	198.80
3237	637804	197.04
3238	639601	197.53
3239	639281	197.37
3240	637480	196.75
3241	638763	197.09
3242	638157	196.84
3243	642880	198.24
3244	639515	197.14
3245	640417	197.36
3246	646636	199.21
3247	646584	199.13
3248	640373	197.16
3249	640980	197.29
3250	641486	197.38
3251	645146	198.45
3252	642232	197.49
3253	643046	197.68
3254	642870	197.56
3255	647451	198.91
3256	644497	197.94
3257	646557	198.51
3258	647772	198.83
3259	645450	198.05
3260	646651	198.36
3261	645529	197.95
3262	650096	199.29
3263	645986	197.97
3264	647957	198.52
3265	659100	201.87
3266	649125	198.75
3267	654923	200.47
3268	658332	201.45
3269	648234	198.30
3270	651313	199.18
3271	650925	199.00
3272	666182	203.60
3273	656534	200.59
3274	655966	200.36
3275	654222	199.76
3276	653851	199.59
3277	655509	200.03
3278	655521	199.98
3279	656735	200.29
3280	655485	199.84
3281	657598	200.43
3282	655806	199.82
3283	654416	199.33
3284	655130	199.49
3285	658840	200.56
3286	654197	199.09
3287	656093	199.60
3288	655295	199.30
3289	661086	201.00
3290	658132	200.04
3291	657927	199.92
3292	662028	201.10
3293	679533	206.36
3294	663456	201.41
3295	664759	201.75
3296	668114	202.70
3297	659894	200.15
3298	661197	200.48
3299	664909	201.55
3300	662815	200.85
3301	662917	200.82
3302	678584	205.51
3303	665075	201.35
3304	665746	201.50
3305	669971	202.71
3306	666301	201.54
3307	670078	202.62
3308	669133	202.28
3309	669171	202.23
3310	670488	202.56
3311	666312	201.24
3312	675390	203.92
3313	674013	203.44
3314	668874	201.83
3315	666726	201.12
3316	676163	203.91
3317	669180	201.74
3318	669635	201.82
3319	669053	201.58
3320	677608	204.10
3321	672015	202.35
3322	671445	202.12
3323	691043	207.96
3324	677772	203.90
3325	672980	202.40
3326	674826	202.89
3327	680630	204.58
3328	691934	207.91
3329	678142	203.71
3330	682836	205.06
3331	676521	203.10
3332	675295	202.67
3333	682859	204.88
3334	679211	203.72
3335	678906	203.57
3336	683845	204.99
3337	676484	202.72
3338	682818	204.56
3339	680924	203.93
3340	676958	202.68
3341	687560	205.79
3342	679559	203.34
3343	680389	203.53
3344	677117	202.49
3345	685598	204.96
3346	682145	203.87
3347	681629	203.65
3348	683921	204.28
3349	682926	203.92
3350	681975	203.57
3351	683809	204.06
3352	688969	205.54
3353	685330	204.39
3354	686395	204.65
3355	688263	205.15
3356	693644	206.69
3357	685768	204.28
3358	688178	204.94
3359	694211	206.67
3360	685730	204.09
3361	686615	204.29
3362	687509	204.49
3363	689907	205.15
3364	689502	204.96
3365	688507	204.61
3366	692935	205.86
3367	689439	204.76
3368	691609	205.35
3369	691632	205.29
3370	692181	205.39
3371	693972	205.87
3372	697588	206.88
3373	696750	206.57
3374	689368	204.32
3375	716101	212.18
3376	693029	205.28
3377	689995	204.32
3378	700419	207.35
3379	693504	205.24
3380	700751	207.32
3381	696956	206.14
3382	698655	206.58
3383	693256	204.92
3384	696457	205.81
3385	699387	206.61
3386	695007	205.26
3387	695594	205.37
3388	695048	205.15
3389	705168	208.08
3390	706419	208.38
3391	705212	207.97
3392	706888	208.40
3393	699806	206.25
3394	698291	205.74
3395	702018	206.78
3396	704228	207.37
3397	703466	207.08
3398	702750	206.81
3399	703255	206.90
3400	705031	207.36
3401	702522	206.56
3402	700141	205.80
3403	704794	207.11
3404	701976	206.22
3405	702003	206.17
3406	707306	207.66
3407	704002	206.63
3408	707218	207.52
3409	705421	206.93
3410	706959	207.32
3411	705530	206.84
3412	706191	206.97
3413	709592	207.91
3414	706314	206.89
3415	708375	207.43
3416	710710	208.05
3417	710951	208.06
3418	709306	207.52
3419	708865	207.33
3420	716279	209.44
3421	711227	207.90
3422	711883	208.03
3423	713434	208.42
3424	714540	208.69
3425	711950	207.87
3426	712998	208.11
3427	716591	209.10
3428	713002	207.99
3429	713078	207.96
3430	715431	208.58
3431	712013	207.52
3432	715985	208.62
3433	719074	209.46
3434	714392	208.03
3435	727118	211.68
3436	714616	207.98
3437	717182	208.67
3438	718787	209.07
3439	725065	210.84
3440	718487	208.86
3441	719206	209.01
3442	717299	208.40
3443	736629	213.95
3444	719393	208.88
3445	717678	208.32
3446	722815	209.75
3447	720053	208.89
3448	718860	208.49
3449	721227	209.11
3450	718663	208.31
3451	720635	208.82
3452	719692	208.49
3453	725035	209.97
3454	728130	210.81
3455	720774	208.62
3456	725997	210.07
3457	721601	208.74
3458	726519	210.10
3459	722899	208.99
3460	727409	210.23
3461	723709	209.10
3462	723314	208.93
3463	727254	210.01
3464	724452	209.14
3465	728468	210.24
3466	728225	210.11
3467	725553	209.27
3468	726470	209.48
3469	728130	209.90
3470	728948	210.07
3471	726875	209.41
3472	726784	209.33
3473	731018	210.49
3474	729034	209.85
3475	729521	209.93
3476	732353	210.69
3477	730340	210.05
3478	730923	210.16
3479	730300	209.92
3480	735143	211.25
3481	732390	210.40
3482	732470	210.36
3483	736209	211.37
3484	732521	210.25
3485	732190	210.10
3486	921293	264.28
3487	737094	211.38
3488	735585	210.89
3489	737397	211.35
3490	747838	214.28
3491	738184	211.45
3492	736866	211.02
3493	751732	215.21
3494	744517	213.08
3495	738539	211.31
3496	737511	210.96
3497	743938	212.74
3498	738619	211.15
3499	740973	211.77
3500	742984	212.28
3501	741594	211.82
3502	739664	211.21
3503	740976	211.53
3504	740388	211.30
3505	742353	211.80
3506	744419	212.33
3507	744925	212.41
3508	753488	214.79
3509	746861	212.84
3510	746214	212.60
3511	742980	211.61
3512	744887	212.10
3513	750810	213.72
3514	745350	212.11
3515	749931	213.35
3516	748813	212.97
3517	749712	213.17
3518	748486	212.76
3519	748420	212.68
3520	747440	212.34
3521	758044	215.29
3522	751465	213.36
3523	749455	212.73
3524	754966	214.24
3525	751412	213.17
3526	749755	212.64
3527	749753	212.58
3528	761378	215.81
3529	751501	212.95
3530	751682	212.94
3531	761349	215.62
3532	752936	213.18
3533	753607	213.31
3534	759595	214.94
3535	754506	213.44
3536	754204	213.29
3537	763161	215.77
3538	762653	215.56
3539	758947	214.45
3540	760792	214.91
3541	756186	213.55
3542	759508	214.43
3543	756463	213.51
3544	759890	214.42
3545	767319	216.45
3546	762822	215.12
3547	763782	215.33
3548	765141	215.65
3549	760022	214.15
3550	760506	214.23
3551	765193	215.49
3552	762984	214.80
3553	761698	214.38
3554	759627	213.74
3555	767550	215.91
3556	762074	214.31
3557	767598	215.80
3558	768896	216.10
3559	762733	214.31
3560	765370	214.99
3561	774133	217.39
3562	763827	214.44
3563	765216	214.77
3564	769645	215.95
3565	765287	214.67
3566	766157	214.85
3567	769088	215.61
3568	767240	215.03
3569	767271	214.98
3570	768261	215.20
3571	771714	216.11
3572	769791	215.51
3573	768978	215.22
3574	772339	216.10
3575	773960	216.49
3576	772333	215.98
3577	774447	216.51
3578	775256	216.67
3579	772825	215.93
3580	776129	216.80
3581	772683	215.77
3582	773828	216.03
3583	776410	216.69
3584	780283	217.71
3585	788588	219.97
3586	798652	222.71
3587	782055	218.02
3588	777117	216.59
3589	778196	216.83
3590	779221	217.05
3591	778818	216.88
3592	784353	218.36
3593	790343	219.97
3594	782081	217.61
3595	782594	217.69
3596	785125	218.33
3597	779430	216.69
3598	787231	218.80
3599	784828	218.07
3600	783318	217.59
3601	784671	217.90
3602	787408	218.60
3603	786508	218.29
3604	784310	217.62
3605	784512	217.62
3606	788673	218.71
3607	789418	218.86
3608	805440	223.24
3609	788916	218.60
3610	788728	218.48
3611	787942	218.21
3612	788502	218.30
3613	786104	217.58
3614	788242	218.11
3615	790133	218.57
3616	787608	217.81
3617	791171	218.74
3618	790375	218.46
3619	790721	218.49
3620	793255	219.13
3621	794633	219.45
3622	795127	219.53
3623	791256	218.40
3624	790855	218.23
3625	795194	219.36
3626	792760	218.63
3627	796580	219.63
3628	797270	219.75
3629	798133	219.93
3630	794651	218.91
3631	798978	220.04
3632	795559	219.04
3633	803407	221.14
3634	826949	227.56
3635	797956	219.52
3636	796511	219.06
3637	802333	220.60
3638	808238	222.17
3639	805605	221.38
3640	799196	219.56
3641	808981	222.19
3642	800520	219.80
3643	812636	223.07
3644	803903	220.61
3645	805189	220.90
3646	801581	219.85
3647	800850	219.59
3648	804714	220.59
3649	801692	219.70
3650	804696	220.46
3651	807282	221.11
3652	803544	220.03
3653	804390	220.20
3654	805804	220.53
3655	804362	220.07
3656	804681	220.10
3657	810202	221.55
3658	808156	220.93
3659	804772	219.94
3660	808511	220.90
3661	806738	220.36
3662	806717	220.29
3663	811571	221.56
3664	808386	220.63
3665	809266	220.81
3666	809324	220.76
3667	812061	221.45
3668	815489	222.33
3669	810219	220.83
3670	819705	223.35
3671	810049	220.66
3672	810224	220.65
3673	814374	221.72
3674	810790	220.68
3675	812221	221.01
3676	816216	222.04
3677	813049	221.12
3678	812611	220.94
3679	817098	222.10
3680	814105	221.22
3681	820674	222.95
3682	819264	222.51
3683	817594	221.99
3684	818611	222.21
3685	821129	222.83
3686	823298	223.36
3687	822368	223.05
3688	835979	226.68
3689	827892	224.42
3690	822074	222.78
3691	831362	225.24
3692	823209	222.97
3693	825235	223.46
3694	830735	224.89
3695	824278	223.08
3696	822369	222.50
3697	827590	223.85
3698	826645	223.54
3699	827249	223.64
3700	832459	224.99
3701	827420	223.57
3702	831453	224.60
3703	831169	224.46
3704	828626	223.71
3705	827356	223.31
3706	834415	225.15
3707	829239	223.70
3708	827335	223.12
3709	831972	224.31
3710	829542	223.60
3711	835192	225.06
3712	832637	224.31
3713	832424	224.19
3714	830305	223.56
3715	835209	224.82
3716	833770	224.37
3717	833050	224.12
3718	844203	227.06
3719	833946	224.24
3720	833027	223.93
3721	850886	228.67
3722	852698	229.10
3723	842370	226.26
3724	844714	226.83
3725	842976	226.30
3726	834404	223.94
3727	841917	225.90
3728	839219	225.11
3729	845270	226.67
3730	843012	226.01
3731	839339	224.96
3732	866080	232.07
3733	848026	227.17
3734	845849	226.53
3735	849259	227.38
3736	846520	226.58
3737	848504	227.05
3738	856295	229.08
3739	849027	227.07
3740	850719	227.46
3741	849149	226.98
3742	853661	228.13
3743	850402	227.20
3744	846358	226.06
3745	851559	227.39
3746	850273	226.98
3747	851977	227.38
3748	855051	228.14
3749	846768	225.87
3750	860479	229.46
3751	847728	226.00
3752	855971	228.14
3753	866404	230.86
3754	851243	226.76
3755	849474	226.22
3756	852572	226.99
3757	856017	227.85
3758	852163	226.76
3759	854006	227.19
3760	857441	228.04
3761	855100	227.36
3762	858744	228.27
3763	855829	227.43
3764	858286	228.02
3765	857448	227.74
3766	853942	226.75
3767	857598	227.66
3768	877191	232.80
3769	868645	230.47
3770	862122	228.68
3771	856814	227.21
3772	870530	230.79
3773	861529	228.34
3774	872713	231.24
3775	861652	228.25
3776	865541	229.22
3777	863622	228.65
3778	864351	228.79
3779	862381	228.20
3780	866736	229.30
3781	860559	227.60
3782	863469	228.31
3783	870451	230.10
3784	864144	228.37
3785	872093	230.41
3786	867941	229.25
3787	861238	227.42
3788	864478	228.21
3789	869717	229.54
3790	865901	228.47
3791	867189	228.75
3792	878745	231.74
3793	866405	228.42
3794	868610	228.94
3795	873600	230.20
3796	867805	228.61
3797	868065	228.62
3798	877126	230.94
3799	869232	228.81
3800	875132	230.30
3801	880055	231.53
3802	873532	229.76
3803	876567	230.49
3804	874260	229.83
3805	893943	234.94
3806	881717	231.67
3807	879134	230.93
3808	873465	229.38
3809	877209	230.30
3810	879354	230.80
3811	879275	230.72
3812	876705	229.99
3813	882598	231.47
3814	896440	235.04
3815	882378	231.29
3816	886817	232.39
3817	889796	233.11
3818	881542	230.89
3819	881384	230.79
3820	1095818	286.86
3821	880912	230.54
3822	877905	229.70
3823	879796	230.13
3824	883931	231.15
3825	887216	231.95
3826	882251	230.59
3827	882048	230.48
3828	883273	230.74
3829	889144	232.21
3830	880969	230.02
3831	886976	231.53
3832	884838	230.91
3833	882201	230.16
3834	883884	230.54
3835	892633	232.76
3836	887534	231.37
3837	883363	230.22
3838	886842	231.07
3839	887436	231.16
3840	886199	230.78
3841	888256	231.26
3842	887662	231.04
3843	891696	232.03
3844	893141	232.35
3845	887643	230.86
3846	900589	234.16
3847	891400	231.71
3848	889235	231.09
3849	892526	231.89
3850	894282	232.28
3851	892580	231.78
3852	895024	232.35
3853	899753	233.52
3854	896733	232.68
3855	891565	231.27
3856	898867	233.11
3857	899438	233.20
3858	897147	232.54
3859	894526	231.80
3860	900744	233.35
3861	898258	232.65
3862	908772	235.31
3863	909481	235.43
3864	902444	233.55
3865	906100	234.44
3866	899263	232.61
3867	899414	232.59
3868	904836	233.93
3869	899447	232.48
3870	901058	232.83
3871	903985	233.53
3872	902631	233.12
3873	921571	237.95
3874	917815	236.92
3875	912604	235.51
3876	905902	233.72
3877	907018	233.95
3878	924820	238.48
3879	908470	234.20
3880	910113	234.57
3881	908777	234.16
3882	907710	233.83
3883	909352	234.19
3884	912475	234.93
3885	910945	234.48
3886	913738	235.14
3887	915565	235.55
3888	914049	235.09
3889	914871	235.25
3890	914770	235.16
3891	913288	234.72
3892	918436	235.98
3893	915836	235.25
3894	914204	234.77
3895	914129	234.69
3896	931421	239.07
3897	919152	235.86
3898	912889	234.19
3899	989614	253.81
3900	929809	238.41
3901	920959	236.08
3902	924434	236.91
3903	1025780	262.82
3904	933054	239.00
3905	935345	239.52
3906	922946	236.29
3907	931104	238.32
3908	920226	235.47
3909	920847	235.57
3910	923307	236.14
3911	921228	235.55
3912	918586	234.81
3913	921371	235.46
3914	919085	234.82
3915	924097	236.04
3916	920590	235.08
3917	922283	235.46
3918	926987	236.60
3919	922695	235.44
3920	925484	236.09
3921	928487	236.80
3922	924414	235.70
3923	926105	236.07
3924	923802	235.42
3925	925936	235.91
3926	930883	237.11
3927	925772	235.75
3928	923670	235.15
3929	928022	236.20
3930	926015	235.63
3931	932409	237.19
3932	928336	236.10
3933	929546	236.35
3934	930908	236.63
3935	934710	237.54
3936	929668	236.20
3937	958825	243.54
3938	934894	237.40
3939	952504	241.81
3940	944002	239.59
3941	950223	241.11
3942	939892	238.43
3943	949647	240.84
3944	942829	239.05
3945	933494	236.63
3946	937981	237.70
3947	937483	237.52
3948	936884	237.31
3949	937855	237.49
3950	935924	236.94
3951	938870	237.63
3952	942329	238.44
3953	937048	237.05
3954	941586	238.14
3955	936110	236.69
3956	937836	237.07
3957	946701	239.25
3958	938155	237.03
3959	938797	237.13
3960	950133	239.93
3961	941448	237.68
3962	941175	237.55
3963	943326	238.03
3964	943939	238.13
3965	941735	237.51
3966	943771	237.97
3967	943459	237.83
3968	945997	238.41
3969	950908	239.58
3970	944683	237.96
3971	953348	240.08
3972	949917	239.15
3973	949679	239.03
3974	960726	241.75
3975	947146	238.28
3976	945636	237.84
3977	967447	243.26
3978	981460	246.72
3979	992195	249.36
3980	959920	241.19
3981	956909	240.37
3982	962635	241.75
3983	954208	239.57
3984	950321	238.53
3985	970064	243.43
3986	957355	240.18
3987	956670	239.95
3988	954865	239.43
3989	962288	241.24
3990	965727	242.04
3991	956051	239.55
3992	965900	241.96
3993	958828	240.13
3994	956925	239.59
3995	962405	240.90
3996	957673	239.66
3997	967091	241.95
3998	962015	240.62
3999	980070	245.08
4000	973436	243.36
