N	Total Time	Average CPE
1	226	226.00
2	196	98.00
3	212	70.67
4	312	78.00
5	485	97.00
6	555	92.50
7	601	85.86
8	836	104.50
9	754	83.78
10	912	91.20
11	1108	100.73
12	1077	89.75
13	1203	92.54
14	1249	89.21
15	1453	96.87
16	1606	100.38
17	1553	91.35
18	1886	104.78
19	2794	147.05
20	1972	98.60
21	1358	64.67
22	1394	63.36
23	1505	65.43
24	1838	76.58
25	1502	60.08
26	1643	63.19
27	1673	61.96
28	1974	70.50
29	2579	88.93
30	2751	91.70
31	2822	91.03
32	5531	172.84
33	3502	106.12
34	3013	88.62
35	948	27.09
36	709	19.69
37	705	19.05
38	719	18.92
39	772	19.79
40	949	23.73
41	1577	38.46
42	2464	58.67
43	2483	57.74
44	2526	57.41
45	3140	69.78
46	4818	104.74
47	5503	117.09
48	3623	75.48
49	3157	64.43
50	927	18.54
51	1010	19.80
52	925	17.79
53	994	18.75
54	1029	19.06
55	1089	19.80
56	1332	23.79
57	1040	18.25
58	1016	17.52
59	1044	17.69
60	1338	22.30
61	3124	51.21
62	3596	58.00
63	3865	61.35
64	3963	61.92
65	4068	62.58
66	3575	54.17
67	1177	17.57
68	1227	18.04
69	1263	18.30
70	1378	19.69
71	1340	18.87
72	1273	17.68
73	1259	17.25
74	1525	20.61
75	1367	18.23
76	1398	18.39
77	1436	18.65
78	1354	17.36
79	1423	18.01
80	1631	20.39
81	4668	57.63
82	4884	59.56
83	5627	67.80
84	5150	61.31
85	4765	56.06
86	1495	17.38
87	3164	36.37
88	1718	19.52
89	2339	26.28
90	2466	27.40
91	2964	32.57
92	1967	21.38
93	1652	17.76
94	1838	19.55
95	1631	17.17
96	1674	17.44
97	1689	17.41
98	1692	17.27
99	1732	17.49
100	2365	23.65
101	5852	57.94
102	6199	60.77
103	6408	62.21
104	4160	40.00
105	1840	17.52
106	1903	17.95
107	1932	18.06
108	1889	17.49
109	1873	17.18
110	2021	18.37
111	2179	19.63
112	3442	30.73
113	4290	37.96
114	3487	30.59
115	3617	31.45
116	3248	28.00
117	2073	17.72
118	2418	20.49
119	2040	17.14
120	3125	26.04
121	6931	57.28
122	7708	63.18
123	6496	52.81
124	2154	17.37
125	3868	30.94
126	12160	96.51
127	8062	63.48
128	5843	45.65
129	2269	17.59
130	2463	18.95
131	2328	17.77
132	5175	39.20
133	3721	27.98
134	3214	23.99
135	2987	22.13
136	2385	17.54
137	2374	17.33
138	2399	17.38
139	2422	17.42
140	4114	29.39
141	9055	64.22
142	8393	59.11
143	5742	40.15
144	2692	18.69
145	4233	29.19
146	2683	18.38
147	2588	17.61
148	2589	17.49
149	2568	17.23
150	2659	17.73
151	2666	17.66
152	2668	17.55
153	2641	17.26
154	2644	17.17
155	2716	17.52
156	2713	17.39
157	2757	17.56
158	3049	19.30
159	2754	17.32
160	5299	33.12
161	9530	59.19
162	11005	67.93
163	2835	17.39
164	2898	17.67
165	2907	17.62
166	4718	28.42
167	4924	29.49
168	3592	21.38
169	2977	17.62
170	2959	17.41
171	2944	17.22
172	3098	18.01
173	2990	17.28
174	3310	19.02
175	3024	17.28
176	8694	49.40
177	13299	75.14
178	7200	40.45
179	3300	18.44
180	5569	30.94
181	11021	60.89
182	8511	46.76
183	3153	17.23
184	3237	17.59
185	3159	17.08
186	3217	17.30
187	3234	17.29
188	3308	17.60
189	3284	17.38
190	3262	17.17
191	3312	17.34
192	3566	18.57
193	3347	17.34
194	3398	17.52
195	3503	17.96
196	3588	18.31
197	3730	18.93
198	3453	17.44
199	3440	17.29
200	6119	30.59
201	11983	59.62
202	7683	38.03
203	3778	18.61
204	3568	17.49
205	3529	17.21
206	3523	17.10
207	3809	18.40
208	3896	18.73
209	3627	17.35
210	3804	18.11
211	3692	17.50
212	4003	18.88
213	3709	17.41
214	3641	17.01
215	3960	18.42
216	3706	17.16
217	3764	17.35
218	3958	18.16
219	3822	17.45
220	7320	33.27
221	13437	60.80
222	6782	30.55
223	3912	17.54
224	4711	21.03
225	16378	72.79
226	11408	50.48
227	3960	17.44
228	3978	17.45
229	3960	17.29
230	3965	17.24
231	4309	18.65
232	4015	17.31
233	4052	17.39
234	4085	17.46
235	4144	17.63
236	5174	21.92
237	4572	19.29
238	4196	17.63
239	4152	17.37
240	7825	32.60
241	15771	65.44
242	5811	24.01
243	4248	17.48
244	5498	22.53
245	7430	30.33
246	6017	24.46
247	4318	17.48
248	5043	20.33
249	4338	17.42
250	10594	42.38
251	14077	56.08
252	4402	17.47
253	4360	17.23
254	4791	18.86
255	4648	18.23
256	4462	17.43
257	4439	17.27
258	4625	17.93
259	4478	17.29
260	8758	33.68
261	24011	92.00
262	6254	23.87
263	4745	18.04
264	4793	18.16
265	4803	18.12
266	5149	19.36
267	4635	17.36
268	4811	17.95
269	4648	17.28
270	5590	20.70
271	4662	17.20
272	5007	18.41
273	4740	17.36
274	4943	18.04
275	4720	17.16
276	6852	24.83
277	7496	27.06
278	4799	17.26
279	5365	19.23
280	9436	33.70
281	17917	63.76
282	5011	17.77
283	4897	17.30
284	5194	18.29
285	4923	17.27
286	4903	17.14
287	5424	18.90
288	7765	26.96
289	5004	17.31
290	5033	17.36
291	5051	17.36
292	6497	22.25
293	5078	17.33
294	5104	17.36
295	5088	17.25
296	5417	18.30
297	5391	18.15
298	5163	17.33
299	5465	18.28
300	9982	33.27
301	16932	56.25
302	5989	19.83
303	5550	18.32
304	5229	17.20
305	5548	18.19
306	9334	30.50
307	6852	22.32
308	5839	18.96
309	5454	17.65
310	5587	18.02
311	5617	18.06
312	5710	18.30
313	5951	19.01
314	6264	19.95
315	5485	17.41
316	5501	17.41
317	5547	17.50
318	5481	17.24
319	6057	18.99
320	10688	33.40
321	18350	57.17
322	7090	22.02
323	8869	27.46
324	5654	17.45
325	5681	17.48
326	6431	19.73
327	5944	18.18
328	6071	18.51
329	5817	17.68
330	5930	17.97
331	5705	17.24
332	5749	17.32
333	9862	29.62
334	5770	17.28
335	5769	17.22
336	8062	23.99
337	9250	27.45
338	6085	18.00
339	6258	18.46
340	11583	34.07
341	16322	47.87
342	6014	17.58
343	5932	17.29
344	6184	17.98
345	5903	17.11
346	5979	17.28
347	5929	17.09
348	6417	18.44
349	6024	17.26
350	6097	17.42
351	6039	17.21
352	6099	17.33
353	6113	17.32
354	6419	18.13
355	6073	17.11
356	6374	17.90
357	6154	17.24
358	6431	17.96
359	6210	17.30
360	12500	34.72
361	15984	44.28
362	6261	17.30
363	6479	17.85
364	6258	17.19
365	6831	18.72
366	6285	17.17
367	6544	17.83
368	6330	17.20
369	6593	17.87
370	6668	18.02
371	6342	17.09
372	6662	17.91
373	7258	19.46
374	6754	18.06
375	18144	48.38
376	11114	29.56
377	7175	19.03
378	6517	17.24
379	6568	17.33
380	13711	36.08
381	16016	42.04
382	6637	17.37
383	6622	17.29
384	7151	18.62
385	7304	18.97
386	7005	18.15
387	6678	17.26
388	6670	17.19
389	6677	17.16
390	6738	17.28
391	6714	17.17
392	6963	17.76
393	6823	17.36
394	7289	18.50
395	6827	17.28
396	8306	20.97
397	7771	19.57
398	7581	19.05
399	7141	17.90
400	14433	36.08
401	16019	39.95
402	7008	17.43
403	6907	17.14
404	7192	17.80
405	6967	17.20
406	6966	17.16
407	7005	17.21
408	7016	17.20
409	7042	17.22
410	7555	18.43
411	7048	17.15
412	7036	17.08
413	7343	17.78
414	7111	17.18
415	7451	17.95
416	7160	17.21
417	7164	17.18
418	7112	17.01
419	7393	17.64
420	15136	36.04
421	15823	37.58
422	7242	17.16
423	7908	18.70
424	7511	17.71
425	8009	18.84
426	7549	17.72
427	7643	17.90
428	7332	17.13
429	7664	17.86
430	7405	17.22
431	7429	17.24
432	8220	19.03
433	7477	17.27
434	7459	17.19
435	7734	17.78
436	7465	17.12
437	7540	17.25
438	7725	17.64
439	7854	17.89
440	15714	35.71
441	15817	35.87
442	7593	17.18
443	8130	18.35
444	7902	17.80
445	7920	17.80
446	7989	17.91
447	7862	17.59
448	7750	17.30
449	9155	20.39
450	8097	17.99
451	8188	18.16
452	7831	17.33
453	7822	17.27
454	7867	17.33
455	8222	18.07
456	7815	17.14
457	8080	17.68
458	7834	17.10
459	8336	18.16
460	17864	38.83
461	15733	34.13
462	8187	17.72
463	8044	17.37
464	8301	17.89
465	7929	17.05
466	7962	17.09
467	8180	17.52
468	8101	17.31
469	8097	17.26
470	8513	18.11
471	8338	17.70
472	8117	17.20
473	8380	17.72
474	8107	17.10
475	8354	17.59
476	8106	17.03
477	8428	17.67
478	8220	17.20
479	9645	20.14
480	17649	36.77
481	15650	32.54
482	8228	17.07
483	8760	18.14
484	8726	18.03
485	8709	17.96
486	8276	17.03
487	8571	17.60
488	8341	17.09
489	8386	17.15
490	8888	18.14
491	8425	17.16
492	8891	18.07
493	8652	17.55
494	8470	17.15
495	8684	17.54
496	8524	17.19
497	8718	17.54
498	8589	17.25
499	8795	17.63
500	16537	33.07
501	17854	35.64
502	8913	17.75
503	8924	17.74
504	9307	18.47
505	8924	17.67
506	8720	17.23
507	9359	18.46
508	8706	17.14
509	9035	17.75
510	8814	17.28
511	8794	17.21
512	8776	17.14
513	8847	17.25
514	9526	18.53
515	8962	17.40
516	8798	17.05
517	9124	17.65
518	8930	17.24
519	9154	17.64
520	19517	37.53
521	15397	29.55
522	8934	17.11
523	9298	17.78
524	9238	17.63
525	8925	17.00
526	9516	18.09
527	9284	17.62
528	9636	18.25
529	9567	18.09
530	9100	17.17
531	9127	17.19
532	9127	17.16
533	9170	17.20
534	9720	18.20
535	9484	17.73
536	9212	17.19
537	9426	17.55
538	9482	17.62
539	9347	17.34
540	20648	38.24
541	15716	29.05
542	9281	17.12
543	9333	17.19
544	9396	17.27
545	9362	17.18
546	9417	17.25
547	9479	17.33
548	10150	18.52
549	9432	17.18
550	9824	17.86
551	9768	17.73
552	9560	17.32
553	9783	17.69
554	10495	18.94
555	9809	17.67
556	9795	17.62
557	9873	17.73
558	9737	17.45
559	9926	17.76
560	21718	38.78
561	16439	29.30
562	10298	18.32
563	9744	17.31
564	10055	17.83
565	10045	17.78
566	10060	17.77
567	9755	17.20
568	10406	18.32
569	10035	17.64
570	10773	18.90
571	9863	17.27
572	10058	17.58
573	10128	17.68
574	10069	17.54
575	10478	18.22
576	27410	47.59
577	10315	17.88
578	10180	17.61
579	10720	18.51
580	22134	38.16
581	15082	25.96
582	10042	17.25
583	10029	17.20
584	10701	18.32
585	10422	17.82
586	10075	17.19
587	17095	29.12
588	11249	19.13
589	10193	17.31
590	10668	18.08
591	10656	18.03
592	10269	17.35
593	10140	17.10
594	10493	17.66
595	15334	25.77
596	10748	18.03
597	10880	18.22
598	10564	17.67
599	10280	17.16
600	26655	44.42
601	16210	26.97
602	10310	17.13
603	13365	22.16
604	10426	17.26
605	10738	17.75
606	10956	18.08
607	13574	22.36
608	11018	18.12
609	12445	20.44
610	10776	17.67
611	10467	17.13
612	10699	17.48
613	10588	17.27
614	14042	22.87
615	14257	23.18
616	10922	17.73
617	10878	17.63
618	10586	17.13
619	12186	19.69
620	25871	41.73
621	17551	28.26
622	10742	17.27
623	10861	17.43
624	10904	17.47
625	17983	28.77
626	20159	32.20
627	11101	17.70
628	10826	17.24
629	10930	17.38
630	11212	17.80
631	10948	17.35
632	11461	18.13
633	10930	17.27
634	12592	19.86
635	11253	17.72
636	12271	19.29
637	11194	17.57
638	11299	17.71
639	15702	24.57
640	24651	38.52
641	15176	23.68
642	11093	17.28
643	11140	17.33
644	11441	17.77
645	11405	17.68
646	11072	17.14
647	11253	17.39
648	11370	17.55
649	11175	17.22
650	11464	17.64
651	11206	17.21
652	11382	17.46
653	11684	17.89
654	11597	17.73
655	11510	17.57
656	11886	18.12
657	11321	17.23
658	11520	17.51
659	11312	17.17
660	26295	39.84
661	14661	22.18
662	11688	17.66
663	11442	17.26
664	12243	18.44
665	11782	17.72
666	11492	17.26
667	11819	17.72
668	11910	17.83
669	11729	17.53
670	12197	18.20
671	12851	19.15
672	11610	17.28
673	12457	18.51
674	12269	18.20
675	11611	17.20
676	11644	17.22
677	12245	18.09
678	12409	18.30
679	11970	17.63
680	26450	38.90
681	15732	23.10
682	12379	18.15
683	12089	17.70
684	12076	17.65
685	12826	18.72
686	12352	18.01
687	12538	18.25
688	12345	17.94
689	11832	17.17
690	11899	17.24
691	12204	17.66
692	11874	17.16
693	12185	17.58
694	12279	17.69
695	12248	17.62
696	12252	17.60
697	12212	17.52
698	12014	17.21
699	12269	17.55
700	27295	38.99
701	14732	21.02
702	12936	18.43
703	12840	18.26
704	12762	18.13
705	12285	17.43
706	16747	23.72
707	12531	17.72
708	12194	17.22
709	12368	17.44
710	12284	17.30
711	12291	17.29
712	12883	18.09
713	18033	25.29
714	13616	19.07
715	12717	17.79
716	12653	17.67
717	12700	17.71
718	12919	17.99
719	12877	17.91
720	27848	38.68
721	15024	20.84
722	12803	17.73
723	12495	17.28
724	12524	17.30
725	13442	18.54
726	12756	17.57
727	12578	17.30
728	12514	17.19
729	13642	18.71
730	12592	17.25
731	12870	17.61
732	12560	17.16
733	13633	18.60
734	12602	17.17
735	13760	18.72
736	12703	17.26
737	12700	17.23
738	12648	17.14
739	12706	17.19
740	30657	41.43
741	14477	19.54
742	13227	17.83
743	12704	17.10
744	13054	17.55
745	13172	17.68
746	13116	17.58
747	13137	17.59
748	12976	17.35
749	12991	17.34
750	22167	29.56
751	21383	28.47
752	14758	19.62
753	15327	20.35
754	13440	17.82
755	17782	23.55
756	17148	22.68
757	13453	17.77
758	13474	17.78
759	13174	17.36
760	29592	38.94
761	15064	19.80
762	15631	20.51
763	14129	18.52
764	17166	22.47
765	13932	18.21
766	13625	17.79
767	16649	21.71
768	14088	18.34
769	13973	18.17
770	13419	17.43
771	16980	22.02
772	14001	18.14
773	14323	18.53
774	13967	18.05
775	13545	17.48
776	13727	17.69
777	13529	17.41
778	19047	24.48
779	13737	17.63
780	33794	43.33
781	14332	18.35
782	13876	17.74
783	13840	17.68
784	13497	17.22
785	13855	17.65
786	14002	17.81
787	13756	17.48
788	13756	17.46
789	13861	17.57
790	14181	17.95
791	13650	17.26
792	14152	17.87
793	13654	17.22
794	14435	18.18
795	14050	17.67
796	14545	18.27
797	14894	18.69
798	14025	17.58
799	14138	17.69
800	48150	60.19
801	29767	37.16
802	14465	18.04
803	13876	17.28
804	13928	17.32
805	13821	17.17
806	14131	17.53
807	14053	17.41
808	14371	17.79
809	14024	17.33
810	14595	18.02
811	14405	17.76
812	14462	17.81
813	14458	17.78
814	14633	17.98
815	14566	17.87
816	14283	17.50
817	24550	30.05
818	14169	17.32
819	14570	17.79
820	31801	38.78
821	14533	17.70
822	14860	18.08
823	14617	17.76
824	14402	17.48
825	14565	17.65
826	15211	18.42
827	14368	17.37
828	14717	17.77
829	17340	20.92
830	14685	17.69
831	14567	17.53
832	14549	17.49
833	14649	17.59
834	14564	17.46
835	14802	17.73
836	14812	17.72
837	14471	17.29
838	14423	17.21
839	14904	17.76
840	32990	39.27
841	14777	17.57
842	14867	17.66
843	14982	17.77
844	14486	17.16
845	14924	17.66
846	14938	17.66
847	15427	18.21
848	14771	17.42
849	15155	17.85
850	14891	17.52
851	14937	17.55
852	14767	17.33
853	15278	17.91
854	14754	17.28
855	14937	17.47
856	14666	17.13
857	15614	18.22
858	15013	17.50
859	14851	17.29
860	32792	38.13
861	15381	17.86
862	15263	17.71
863	15067	17.46
864	14933	17.28
865	14801	17.11
866	14868	17.17
867	20134	23.22
868	14981	17.26
869	15017	17.28
870	15359	17.65
871	15470	17.76
872	15263	17.50
873	14984	17.16
874	15213	17.41
875	15403	17.60
876	15828	18.07
877	15408	17.57
878	15124	17.23
879	15064	17.14
880	32348	36.76
881	15326	17.40
882	15673	17.77
883	15274	17.30
884	15595	17.64
885	15466	17.48
886	16050	18.12
887	15250	17.19
888	15209	17.13
889	15223	17.12
890	15659	17.59
891	15754	17.68
892	15334	17.19
893	15369	17.21
894	15608	17.46
895	15635	17.47
896	15576	17.38
897	15786	17.60
898	15459	17.21
899	15576	17.33
900	32848	36.50
901	15660	17.38
902	15793	17.51
903	19297	21.37
904	16413	18.16
905	16199	17.90
906	16176	17.85
907	16072	17.72
908	15931	17.55
909	16458	18.11
910	15829	17.39
911	15935	17.49
912	16295	17.87
913	15979	17.50
914	15785	17.27
915	15957	17.44
916	15728	17.17
917	16065	17.52
918	16308	17.76
919	15881	17.28
920	34446	37.44
921	16148	17.53
922	16147	17.51
923	16022	17.36
924	16089	17.41
925	16123	17.43
926	16035	17.32
927	16273	17.55
928	15974	17.21
929	17023	18.32
930	18105	19.47
931	16650	17.88
932	16444	17.64
933	16655	17.85
934	17121	18.33
935	16966	18.15
936	16479	17.61
937	16412	17.52
938	16474	17.56
939	16551	17.63
940	34645	36.86
941	16422	17.45
942	16443	17.46
943	16471	17.47
944	16285	17.25
945	16242	17.19
946	16921	17.89
947	17563	18.55
948	16673	17.59
949	16352	17.23
950	16724	17.60
951	16385	17.23
952	16347	17.17
953	17540	18.41
954	18945	19.86
955	17677	18.51
956	19629	20.53
957	16917	17.68
958	17080	17.83
959	21094	22.00
960	34332	35.76
961	17930	18.66
962	17171	17.85
963	16506	17.14
964	16695	17.32
965	19497	20.20
966	16864	17.46
967	17839	18.45
968	17859	18.45
969	16729	17.26
970	16763	17.28
971	17061	17.57
972	17035	17.53
973	16784	17.25
974	16920	17.37
975	16772	17.20
976	34050	34.89
977	17127	17.53
978	17027	17.41
979	17263	17.63
980	34497	35.20
981	17906	18.25
982	17245	17.56
983	17036	17.33
984	17621	17.91
985	16917	17.17
986	17537	17.79
987	17117	17.34
988	17672	17.89
989	17420	17.61
990	17545	17.72
991	17456	17.61
992	17338	17.48
993	16934	17.05
994	17438	17.54
995	17073	17.16
996	17931	18.00
997	17002	17.05
998	23289	23.34
999	17980	18.00
1000	25107	25.11
1001	27491	27.46
1002	17397	17.36
1003	17425	17.37
1004	18274	18.20
1005	17473	17.39
1006	17672	17.57
1007	17380	17.26
1008	17770	17.63
1009	17408	17.25
1010	17645	17.47
1011	18170	17.97
1012	17535	17.33
1013	17677	17.45
1014	17630	17.39
1015	18010	17.74
1016	18027	17.74
1017	17856	17.56
1018	17474	17.17
1019	17663	17.33
1020	36124	35.42
1021	18501	18.12
1022	18616	18.22
1023	17718	17.32
1024	17697	17.28
1025	35173	34.32
1026	18390	17.92
1027	17868	17.40
1028	18203	17.71
1029	17912	17.41
1030	18413	17.88
1031	18072	17.53
1032	18326	17.76
1033	18146	17.57
1034	17879	17.29
1035	18738	18.10
1036	18328	17.69
1037	17820	17.18
1038	18721	18.04
1039	18041	17.36
1040	36031	34.65
1041	18405	17.68
1042	18771	18.01
1043	18175	17.43
1044	18459	17.68
1045	18152	17.37
1046	18246	17.44
1047	18468	17.64
1048	18145	17.31
1049	18363	17.51
1050	18511	17.63
1051	18239	17.35
1052	18452	17.54
1053	18094	17.18
1054	18026	17.10
1055	20103	19.05
1056	18026	17.07
1057	18589	17.59
1058	18616	17.60
1059	18128	17.12
1060	35855	33.83
1061	18171	17.13
1062	18972	17.86
1063	19939	18.76
1064	18311	17.21
1065	18603	17.47
1066	18509	17.36
1067	18755	17.58
1068	18776	17.58
1069	18792	17.58
1070	18741	17.51
1071	18534	17.31
1072	18898	17.63
1073	20514	19.12
1074	18748	17.46
1075	18667	17.36
1076	18461	17.16
1077	18523	17.20
1078	18974	17.60
1079	18935	17.55
1080	35962	33.30
1081	19039	17.61
1082	18488	17.09
1083	19534	18.04
1084	19772	18.24
1085	18519	17.07
1086	19984	18.40
1087	19091	17.56
1088	19452	17.88
1089	18872	17.33
1090	19212	17.63
1091	19348	17.73
1092	18655	17.08
1093	19376	17.73
1094	18821	17.20
1095	18902	17.26
1096	19482	17.78
1097	19523	17.80
1098	19688	17.93
1099	18926	17.22
1100	36713	33.38
1101	19525	17.73
1102	19343	17.55
1103	19305	17.50
1104	19836	17.97
1105	19160	17.34
1106	19278	17.43
1107	20054	18.12
1108	19285	17.41
1109	19605	17.68
1110	19327	17.41
1111	18991	17.09
1112	20017	18.00
1113	19578	17.59
1114	19161	17.20
1115	19276	17.29
1116	19403	17.39
1117	19196	17.19
1118	19179	17.15
1119	19478	17.41
1120	40545	36.20
1121	19718	17.59
1122	22077	19.68
1123	20542	18.29
1124	25323	22.53
1125	19473	17.31
1126	19579	17.39
1127	21813	19.35
1128	19699	17.46
1129	21420	18.97
1130	19543	17.29
1131	21357	18.88
1132	20658	18.25
1133	20994	18.53
1134	20878	18.41
1135	21028	18.53
1136	20395	17.95
1137	20005	17.59
1138	20276	17.82
1139	21482	18.86
1140	38105	33.43
1141	20931	18.34
1142	19952	17.47
1143	20485	17.92
1144	20082	17.55
1145	20127	17.58
1146	19805	17.28
1147	19997	17.43
1148	20295	17.68
1149	19927	17.34
1150	20080	17.46
1151	20697	17.98
1152	20509	17.80
1153	20446	17.73
1154	20105	17.42
1155	20354	17.62
1156	20066	17.36
1157	19833	17.14
1158	20171	17.42
1159	20002	17.26
1160	37223	32.09
1161	20263	17.45
1162	20986	18.06
1163	21322	18.33
1164	20441	17.56
1165	20953	17.99
1166	20784	17.83
1167	20108	17.23
1168	20685	17.71
1169	20725	17.73
1170	20317	17.36
1171	20612	17.60
1172	21257	18.14
1173	22458	19.15
1174	29257	24.92
1175	20473	17.42
1176	21058	17.91
1177	20453	17.38
1178	20995	17.82
1179	20881	17.71
1180	37787	32.02
1181	21028	17.81
1182	20837	17.63
1183	21137	17.87
1184	21931	18.52
1185	20418	17.23
1186	21115	17.80
1187	21022	17.71
1188	21228	17.87
1189	25184	21.18
1190	21329	17.92
1191	21300	17.88
1192	20838	17.48
1193	21350	17.90
1194	21273	17.82
1195	21407	17.91
1196	21131	17.67
1197	21152	17.67
1198	21713	18.12
1199	21101	17.60
1200	55131	45.94
1201	36999	30.81
1202	21795	18.13
1203	20806	17.30
1204	21688	18.01
1205	21422	17.78
1206	21038	17.44
1207	21849	18.10
1208	21734	17.99
1209	22005	18.20
1210	21206	17.53
1211	22485	18.57
1212	21107	17.42
1213	22216	18.31
1214	20928	17.24
1215	21231	17.47
1216	21379	17.58
1217	21850	17.95
1218	21415	17.58
1219	21753	17.84
1220	39563	32.43
1221	21239	17.39
1222	21482	17.58
1223	21685	17.73
1224	21799	17.81
1225	21936	17.91
1226	21969	17.92
1227	22867	18.64
1228	21955	17.88
1229	21463	17.46
1230	21531	17.50
1231	21622	17.56
1232	21922	17.79
1233	22118	17.94
1234	21493	17.42
1235	21382	17.31
1236	22365	18.09
1237	21288	17.21
1238	22018	17.79
1239	21543	17.39
1240	41081	33.13
1241	21845	17.60
1242	22019	17.73
1243	22947	18.46
1244	21440	17.23
1245	23288	18.71
1246	21816	17.51
1247	21588	17.31
1248	21472	17.21
1249	21668	17.35
1250	29666	23.73
1251	31578	25.24
1252	21754	17.38
1253	21718	17.33
1254	22128	17.65
1255	21888	17.44
1256	22750	18.11
1257	21700	17.26
1258	22287	17.72
1259	22269	17.69
1260	40387	32.05
1261	25954	20.58
1262	23022	18.24
1263	22361	17.70
1264	22181	17.55
1265	21810	17.24
1266	22095	17.45
1267	22576	17.82
1268	22734	17.93
1269	22352	17.61
1270	22179	17.46
1271	22887	18.01
1272	22747	17.88
1273	23413	18.39
1274	22531	17.69
1275	23207	18.20
1276	22116	17.33
1277	28612	22.41
1278	22617	17.70
1279	22072	17.26
1280	40673	31.78
1281	22167	17.30
1282	22710	17.71
1283	22634	17.64
1284	22905	17.84
1285	22267	17.33
1286	23354	18.16
1287	22592	17.55
1288	22973	17.84
1289	22180	17.21
1290	23312	18.07
1291	23149	17.93
1292	22220	17.20
1293	22448	17.36
1294	22392	17.30
1295	22979	17.74
1296	26590	20.52
1297	24997	19.27
1298	22883	17.63
1299	23206	17.86
1300	39620	30.48
1301	22849	17.56
1302	23430	18.00
1303	23232	17.83
1304	23163	17.76
1305	23198	17.78
1306	22604	17.31
1307	22991	17.59
1308	23133	17.69
1309	22838	17.45
1310	23225	17.73
1311	22830	17.41
1312	23310	17.77
1313	22716	17.30
1314	24137	18.37
1315	23731	18.05
1316	22932	17.43
1317	23726	18.02
1318	24363	18.48
1319	22894	17.36
1320	41416	31.38
1321	22916	17.35
1322	25034	18.94
1323	23170	17.51
1324	24191	18.27
1325	24006	18.12
1326	23381	17.63
1327	23031	17.36
1328	24236	18.25
1329	23920	18.00
1330	24479	18.41
1331	23723	17.82
1332	23567	17.69
1333	23959	17.97
1334	23949	17.95
1335	24115	18.06
1336	23376	17.50
1337	25087	18.76
1338	24167	18.06
1339	23913	17.86
1340	40594	30.29
1341	23687	17.66
1342	23789	17.73
1343	24159	17.99
1344	23233	17.29
1345	26006	19.34
1346	23560	17.50
1347	25028	18.58
1348	23839	17.68
1349	23425	17.36
1350	24404	18.08
1351	23504	17.40
1352	23554	17.42
1353	24470	18.09
1354	23951	17.69
1355	24778	18.29
1356	24280	17.91
1357	23590	17.38
1358	23357	17.20
1359	23853	17.55
1360	41604	30.59
1361	24961	18.34
1362	24522	18.00
1363	26250	19.26
1364	23916	17.53
1365	24233	17.75
1366	24344	17.82
1367	24066	17.60
1368	24185	17.68
1369	24607	17.97
1370	24154	17.63
1371	24876	18.14
1372	24147	17.60
1373	23837	17.36
1374	24762	18.02
1375	24170	17.58
1376	42937	31.20
1377	24407	17.72
1378	24091	17.48
1379	25727	18.66
1380	41827	30.31
1381	24857	18.00
1382	24695	17.87
1383	24523	17.73
1384	24041	17.37
1385	24904	17.98
1386	23973	17.30
1387	24913	17.96
1388	24496	17.65
1389	24551	17.68
1390	24519	17.64
1391	24590	17.68
1392	24941	17.92
1393	25250	18.13
1394	28659	20.56
1395	25192	18.06
1396	24568	17.60
1397	24456	17.51
1398	24424	17.47
1399	24732	17.68
1400	41884	29.92
1401	25216	18.00
1402	25743	18.36
1403	25309	18.04
1404	24985	17.80
1405	24758	17.62
1406	26324	18.72
1407	24649	17.52
1408	25264	17.94
1409	25134	17.84
1410	25020	17.74
1411	27521	19.50
1412	25410	18.00
1413	24980	17.68
1414	24949	17.64
1415	35304	24.95
1416	28404	20.06
1417	26534	18.73
1418	27642	19.49
1419	25452	17.94
1420	45467	32.02
1421	25124	17.68
1422	25166	17.70
1423	26461	18.60
1424	25066	17.60
1425	43300	30.39
1426	28003	19.64
1427	25213	17.67
1428	27220	19.06
1429	26196	18.33
1430	25169	17.60
1431	24923	17.42
1432	25511	17.81
1433	26581	18.55
1434	24852	17.33
1435	25821	17.99
1436	25307	17.62
1437	25422	17.69
1438	25678	17.86
1439	25875	17.98
1440	42943	29.82
1441	24864	17.25
1442	25417	17.63
1443	26410	18.30
1444	25945	17.97
1445	26481	18.33
1446	25101	17.36
1447	26773	18.50
1448	25394	17.54
1449	26176	18.06
1450	25730	17.74
1451	25207	17.37
1452	26587	18.31
1453	26496	18.24
1454	25462	17.51
1455	25518	17.54
1456	26081	17.91
1457	25346	17.40
1458	25635	17.58
1459	29806	20.43
1460	44234	30.30
1461	25550	17.49
1462	25492	17.44
1463	25350	17.33
1464	25693	17.55
1465	25384	17.33
1466	25500	17.39
1467	27114	18.48
1468	25476	17.35
1469	25655	17.46
1470	25497	17.34
1471	25601	17.40
1472	25358	17.23
1473	26087	17.71
1474	30016	20.36
1475	26505	17.97
1476	26353	17.85
1477	32818	22.22
1478	27478	18.59
1479	27126	18.34
1480	42938	29.01
1481	26873	18.15
1482	26639	17.98
1483	26576	17.92
1484	26941	18.15
1485	26148	17.61
1486	25921	17.44
1487	26446	17.78
1488	26395	17.74
1489	26009	17.47
1490	26947	18.09
1491	26376	17.69
1492	26416	17.71
1493	26144	17.51
1494	26023	17.42
1495	26835	17.95
1496	26481	17.70
1497	26809	17.91
1498	26503	17.69
1499	26288	17.54
1500	64800	43.20
1501	38062	25.36
1502	26757	17.81
1503	29346	19.52
1504	29812	19.82
1505	26674	17.72
1506	27077	17.98
1507	26622	17.67
1508	26681	17.69
1509	26871	17.81
1510	26664	17.66
1511	27200	18.00
1512	26365	17.44
1513	27173	17.96
1514	28226	18.64
1515	26745	17.65
1516	26763	17.65
1517	26613	17.54
1518	26753	17.62
1519	26759	17.62
1520	45072	29.65
1521	26768	17.60
1522	26647	17.51
1523	26510	17.41
1524	27151	17.82
1525	26669	17.49
1526	27154	17.79
1527	27521	18.02
1528	29052	19.01
1529	26478	17.32
1530	26666	17.43
1531	27496	17.96
1532	31314	20.44
1533	27796	18.13
1534	27606	18.00
1535	27084	17.64
1536	26826	17.46
1537	27062	17.61
1538	27170	17.67
1539	27009	17.55
1540	44351	28.80
1541	27639	17.94
1542	27853	18.06
1543	27329	17.71
1544	27092	17.55
1545	26981	17.46
1546	26826	17.35
1547	27105	17.52
1548	26901	17.38
1549	27547	17.78
1550	27117	17.49
1551	27465	17.71
1552	27759	17.89
1553	27978	18.02
1554	26868	17.29
1555	27526	17.70
1556	27665	17.78
1557	28670	18.41
1558	27085	17.38
1559	27840	17.86
1560	44717	28.66
1561	27535	17.64
1562	27516	17.62
1563	27774	17.77
1564	27041	17.29
1565	27775	17.75
1566	27282	17.42
1567	27737	17.70
1568	27485	17.53
1569	28071	17.89
1570	27459	17.49
1571	27575	17.55
1572	27860	17.72
1573	27089	17.22
1574	28073	17.84
1575	27789	17.64
1576	28315	17.97
1577	27755	17.60
1578	28254	17.90
1579	27303	17.29
1580	44879	28.40
1581	28616	18.10
1582	27944	17.66
1583	27911	17.63
1584	29519	18.64
1585	28681	18.10
1586	28964	18.26
1587	27994	17.64
1588	27435	17.28
1589	32201	20.26
1590	27888	17.54
1591	28132	17.68
1592	27862	17.50
1593	27959	17.55
1594	28152	17.66
1595	28359	17.78
1596	28169	17.65
1597	28358	17.76
1598	29147	18.24
1599	27774	17.37
1600	62647	39.15
1601	44127	27.56
1602	27700	17.29
1603	28581	17.83
1604	28018	17.47
1605	28352	17.66
1606	28266	17.60
1607	28193	17.54
1608	28306	17.60
1609	27962	17.38
1610	28648	17.79
1611	28542	17.72
1612	28628	17.76
1613	28468	17.65
1614	29070	18.01
1615	28376	17.57
1616	28485	17.63
1617	28813	17.82
1618	28667	17.72
1619	28642	17.69
1620	45824	28.29
1621	28635	17.67
1622	28483	17.56
1623	28427	17.52
1624	28541	17.57
1625	42207	25.97
1626	32350	19.90
1627	28537	17.54
1628	28505	17.51
1629	29193	17.92
1630	28821	17.68
1631	28469	17.45
1632	28746	17.61
1633	28919	17.71
1634	28411	17.39
1635	28960	17.71
1636	28849	17.63
1637	28589	17.46
1638	29068	17.75
1639	29179	17.80
1640	46737	28.50
1641	28376	17.29
1642	29839	18.17
1643	33251	20.24
1644	29000	17.64
1645	28688	17.44
1646	29185	17.73
1647	28748	17.45
1648	29094	17.65
1649	29031	17.61
1650	28909	17.52
1651	29245	17.71
1652	29250	17.71
1653	28895	17.48
1654	29349	17.74
1655	28999	17.52
1656	29812	18.00
1657	29219	17.63
1658	29244	17.64
1659	29178	17.59
1660	46388	27.94
1661	29510	17.77
1662	29030	17.47
1663	28771	17.30
1664	29812	17.92
1665	28829	17.31
1666	29365	17.63
1667	29730	17.83
1668	29045	17.41
1669	30133	18.05
1670	33836	20.26
1671	30027	17.97
1672	29279	17.51
1673	29117	17.40
1674	28859	17.24
1675	28822	17.21
1676	29504	17.60
1677	29321	17.48
1678	29080	17.33
1679	29367	17.49
1680	47227	28.11
1681	29301	17.43
1682	29573	17.58
1683	29903	17.77
1684	29279	17.39
1685	29785	17.68
1686	29257	17.35
1687	29675	17.59
1688	29303	17.36
1689	29581	17.51
1690	30135	17.83
1691	29793	17.62
1692	32022	18.93
1693	30791	18.19
1694	29994	17.71
1695	31652	18.67
1696	30693	18.10
1697	29687	17.49
1698	29897	17.61
1699	30198	17.77
1700	47071	27.69
1701	29928	17.59
1702	30223	17.76
1703	29923	17.57
1704	29494	17.31
1705	29976	17.58
1706	29962	17.56
1707	30209	17.70
1708	30080	17.61
1709	29825	17.45
1710	30997	18.13
1711	30609	17.89
1712	30439	17.78
1713	30905	18.04
1714	30460	17.77
1715	30216	17.62
1716	29912	17.43
1717	32488	18.92
1718	30040	17.49
1719	30377	17.67
1720	47577	27.66
1721	30229	17.56
1722	30395	17.65
1723	31994	18.57
1724	30135	17.48
1725	30443	17.65
1726	30504	17.67
1727	30639	17.74
1728	30538	17.67
1729	29853	17.27
1730	30805	17.81
1731	30490	17.61
1732	30549	17.64
1733	30626	17.67
1734	30724	17.72
1735	30661	17.67
1736	31669	18.24
1737	30862	17.77
1738	30512	17.56
1739	32083	18.45
1740	50566	29.06
1741	30757	17.67
1742	30762	17.66
1743	30749	17.64
1744	30600	17.55
1745	30799	17.65
1746	30715	17.59
1747	30533	17.48
1748	31816	18.20
1749	31909	18.24
1750	48212	27.55
1751	31688	18.10
1752	30540	17.43
1753	31501	17.97
1754	31485	17.95
1755	30639	17.46
1756	31390	17.88
1757	31037	17.66
1758	31396	17.86
1759	30682	17.44
1760	48811	27.73
1761	30705	17.44
1762	31700	17.99
1763	31338	17.78
1764	30725	17.42
1765	30998	17.56
1766	31376	17.77
1767	31220	17.67
1768	30840	17.44
1769	31016	17.53
1770	31153	17.60
1771	31360	17.71
1772	31797	17.94
1773	31020	17.50
1774	31365	17.68
1775	32380	18.24
1776	48324	27.21
1777	32275	18.16
1778	32054	18.03
1779	31868	17.91
1780	48042	26.99
1781	31855	17.89
1782	31601	17.73
1783	32873	18.44
1784	31874	17.87
1785	31206	17.48
1786	31444	17.61
1787	31659	17.72
1788	32077	17.94
1789	31439	17.57
1790	31413	17.55
1791	31674	17.69
1792	31591	17.63
1793	33079	18.45
1794	31814	17.73
1795	31491	17.54
1796	31967	17.80
1797	32040	17.83
1798	31319	17.42
1799	31302	17.40
1800	49961	27.76
1801	31735	17.62
1802	31676	17.58
1803	31100	17.25
1804	32136	17.81
1805	31967	17.71
1806	31726	17.57
1807	32637	18.06
1808	31636	17.50
1809	32014	17.70
1810	33309	18.40
1811	32293	17.83
1812	32040	17.68
1813	32267	17.80
1814	32012	17.65
1815	32008	17.64
1816	33647	18.53
1817	32079	17.65
1818	31848	17.52
1819	31973	17.58
1820	49171	27.02
1821	36211	19.89
1822	31489	17.28
1823	32444	17.80
1824	32508	17.82
1825	49627	27.19
1826	34580	18.94
1827	32856	17.98
1828	32809	17.95
1829	32817	17.94
1830	33290	18.19
1831	32690	17.85
1832	33777	18.44
1833	32194	17.56
1834	32281	17.60
1835	32672	17.80
1836	32387	17.64
1837	34307	18.68
1838	32848	17.87
1839	32718	17.79
1840	50517	27.45
1841	32665	17.74
1842	33528	18.20
1843	32011	17.37
1844	33015	17.90
1845	32979	17.87
1846	32106	17.39
1847	34106	18.47
1848	32498	17.59
1849	35966	19.45
1850	32873	17.77
1851	33207	17.94
1852	32426	17.51
1853	33329	17.99
1854	32634	17.60
1855	32866	17.72
1856	32897	17.72
1857	32864	17.70
1858	32165	17.31
1859	32290	17.37
1860	49484	26.60
1861	33139	17.81
1862	32940	17.69
1863	32507	17.45
1864	32669	17.53
1865	33320	17.87
1866	33078	17.73
1867	32604	17.46
1868	32715	17.51
1869	33480	17.91
1870	32639	17.45
1871	32812	17.54
1872	33466	17.88
1873	37791	20.18
1874	32776	17.49
1875	70511	37.61
1876	45047	24.01
1877	32355	17.24
1878	32929	17.53
1879	33678	17.92
1880	48918	26.02
1881	33154	17.63
1882	33773	17.95
1883	32985	17.52
1884	33775	17.93
1885	34052	18.06
1886	34677	18.39
1887	33353	17.68
1888	34127	18.08
1889	34817	18.43
1890	33527	17.74
1891	33265	17.59
1892	34499	18.23
1893	35445	18.72
1894	34197	18.06
1895	40521	21.38
1896	36909	19.47
1897	33979	17.91
1898	33823	17.82
1899	35705	18.80
1900	54192	28.52
1901	34166	17.97
1902	34299	18.03
1903	33735	17.73
1904	33628	17.66
1905	34809	18.27
1906	33248	17.44
1907	34285	17.98
1908	33719	17.67
1909	33999	17.81
1910	33765	17.68
1911	33830	17.70
1912	33505	17.52
1913	33254	17.38
1914	34437	17.99
1915	33652	17.57
1916	34607	18.06
1917	33666	17.56
1918	34093	17.78
1919	34612	18.04
1920	51277	26.71
1921	35090	18.27
1922	34427	17.91
1923	34135	17.75
1924	34724	18.05
1925	34353	17.85
1926	33712	17.50
1927	34222	17.76
1928	34244	17.76
1929	35264	18.28
1930	33823	17.52
1931	33483	17.34
1932	34690	17.96
1933	35254	18.24
1934	34799	17.99
1935	35081	18.13
1936	33756	17.44
1937	33697	17.40
1938	34090	17.59
1939	34735	17.91
1940	52358	26.99
1941	33593	17.31
1942	33620	17.31
1943	38113	19.62
1944	34731	17.87
1945	39692	20.41
1946	35947	18.47
1947	34699	17.82
1948	34261	17.59
1949	35675	18.30
1950	34625	17.76
1951	34162	17.51
1952	34152	17.50
1953	34601	17.72
1954	34114	17.46
1955	34709	17.75
1956	35538	18.17
1957	34294	17.52
1958	34253	17.49
1959	34390	17.55
1960	52410	26.74
1961	34409	17.55
1962	34250	17.46
1963	34248	17.45
1964	34986	17.81
1965	34489	17.55
1966	35152	17.88
1967	35916	18.26
1968	34663	17.61
1969	34363	17.45
1970	34755	17.64
1971	34735	17.62
1972	34837	17.67
1973	34582	17.53
1974	34600	17.53
1975	34598	17.52
1976	35119	17.77
1977	36889	18.66
1978	41229	20.84
1979	36633	18.51
1980	53956	27.25
1981	36633	18.49
1982	36985	18.66
1983	35409	17.86
1984	34861	17.57
1985	35710	17.99
1986	35221	17.73
1987	35172	17.70
1988	35891	18.05
1989	35645	17.92
1990	35348	17.76
1991	35018	17.59
1992	36445	18.30
1993	35520	17.82
1994	35202	17.65
1995	36135	18.11
1996	35984	18.03
1997	35852	17.95
1998	35339	17.69
1999	42367	21.19
2000	42579	21.29
2001	45386	22.68
2002	35289	17.63
2003	36404	18.17
2004	35106	17.52
2005	36144	18.03
2006	35889	17.89
2007	36415	18.14
2008	36426	18.14
2009	35748	17.79
2010	36063	17.94
2011	36612	18.21
2012	36242	18.01
2013	35589	17.68
2014	35937	17.84
2015	36825	18.28
2016	37095	18.40
2017	37230	18.46
2018	37563	18.61
2019	37712	18.68
2020	61999	30.69
2021	41104	20.34
2022	38082	18.83
2023	36809	18.20
2024	36749	18.16
2025	36507	18.03
2026	36953	18.24
2027	38892	19.19
2028	38907	19.18
2029	35871	17.68
2030	35704	17.59
2031	35445	17.45
2032	36672	18.05
2033	36806	18.10
2034	36686	18.04
2035	38003	18.67
2036	38114	18.72
2037	36486	17.91
2038	37196	18.25
2039	37074	18.18
2040	54945	26.93
2041	37217	18.23
2042	36500	17.87
2043	38857	19.02
2044	36608	17.91
2045	36864	18.03
2046	36099	17.64
2047	37118	18.13
2048	42701	20.85
2049	36744	17.93
2050	37283	18.19
2051	36518	17.80
2052	36681	17.88
2053	36104	17.59
2054	36811	17.92
2055	36396	17.71
2056	37721	18.35
2057	36232	17.61
2058	37029	17.99
2059	37698	18.31
2060	54027	26.23
2061	37723	18.30
2062	36115	17.51
2063	36127	17.51
2064	36752	17.81
2065	38108	18.45
2066	37138	17.98
2067	36792	17.80
2068	37538	18.15
2069	41808	20.21
2070	37308	18.02
2071	38628	18.65
2072	37381	18.04
2073	37395	18.04
2074	37456	18.06
2075	40019	19.29
2076	38721	18.65
2077	36521	17.58
2078	37860	18.22
2079	36970	17.78
2080	55671	26.76
2081	39078	18.78
2082	37435	17.98
2083	37148	17.83
2084	38514	18.48
2085	37576	18.02
2086	37301	17.88
2087	37287	17.87
2088	36378	17.42
2089	37267	17.84
2090	38772	18.55
2091	38365	18.35
2092	37570	17.96
2093	38672	18.48
2094	37684	18.00
2095	37626	17.96
2096	37979	18.12
2097	37459	17.86
2098	37497	17.87
2099	37591	17.91
2100	56441	26.88
2101	38640	18.39
2102	37371	17.78
2103	37549	17.85
2104	37591	17.87
2105	39489	18.76
2106	36895	17.52
2107	37524	17.81
2108	37425	17.75
2109	39144	18.56
2110	37537	17.79
2111	42724	20.24
2112	37993	17.99
2113	39155	18.53
2114	37162	17.58
2115	37591	17.77
2116	39007	18.43
2117	37918	17.91
2118	38874	18.35
2119	37593	17.74
2120	55122	26.00
2121	38161	17.99
2122	37288	17.57
2123	37672	17.74
2124	38016	17.90
2125	55477	26.11
2126	38082	17.91
2127	37655	17.70
2128	38083	17.90
2129	38310	17.99
2130	39317	18.46
2131	38383	18.01
2132	38375	18.00
2133	38743	18.16
2134	38473	18.03
2135	38395	17.98
2136	38120	17.85
2137	37620	17.60
2138	37967	17.76
2139	39266	18.36
2140	56858	26.57
2141	37891	17.70
2142	49983	23.33
2143	42178	19.68
2144	40616	18.94
2145	38493	17.95
2146	38485	17.93
2147	38004	17.70
2148	40588	18.90
2149	38029	17.70
2150	38042	17.69
2151	37722	17.54
2152	38050	17.68
2153	39283	18.25
2154	38186	17.73
2155	37978	17.62
2156	39329	18.24
2157	39070	18.11
2158	39710	18.40
2159	39460	18.28
2160	56388	26.11
2161	37568	17.38
2162	38660	17.88
2163	45212	20.90
2164	39078	18.06
2165	38141	17.62
2166	38321	17.69
2167	38430	17.73
2168	39693	18.31
2169	39962	18.42
2170	38882	17.92
2171	39414	18.15
2172	40011	18.42
2173	39259	18.07
2174	39139	18.00
2175	38169	17.55
2176	57532	26.44
2177	39426	18.11
2178	39370	18.08
2179	39280	18.03
2180	56748	26.03
2181	39604	18.16
2182	38523	17.65
2183	45000	20.61
2184	41038	18.79
2185	39008	17.85
2186	39397	18.02
2187	38180	17.46
2188	40337	18.44
2189	39583	18.08
2190	38764	17.70
2191	39472	18.02
2192	38665	17.64
2193	39126	17.84
2194	39715	18.10
2195	39209	17.86
2196	39034	17.78
2197	39112	17.80
2198	39197	17.83
2199	39196	17.82
2200	58082	26.40
2201	38544	17.51
2202	39807	18.08
2203	39568	17.96
2204	39262	17.81
2205	40726	18.47
2206	39423	17.87
2207	39084	17.71
2208	39610	17.94
2209	39889	18.06
2210	38755	17.54
2211	39416	17.83
2212	39594	17.90
2213	39823	18.00
2214	40474	18.28
2215	40400	18.24
2216	44185	19.94
2217	42669	19.25
2218	40237	18.14
2219	42435	19.12
2220	57953	26.10
2221	39660	17.86
2222	39025	17.56
2223	39685	17.85
2224	40579	18.25
2225	56808	25.53
2226	40647	18.26
2227	39548	17.76
2228	39096	17.55
2229	39162	17.57
2230	39584	17.75
2231	48348	21.67
2232	40056	17.95
2233	40791	18.27
2234	40949	18.33
2235	39338	17.60
2236	39236	17.55
2237	40344	18.03
2238	41384	18.49
2239	39729	17.74
2240	57269	25.57
2241	39207	17.50
2242	40927	18.25
2243	39477	17.60
2244	39697	17.69
2245	40040	17.84
2246	39869	17.75
2247	39983	17.79
2248	40962	18.22
2249	39986	17.78
2250	57686	25.64
2251	40042	17.79
2252	39786	17.67
2253	40655	18.04
2254	41828	18.56
2255	40891	18.13
2256	40523	17.96
2257	40036	17.74
2258	39157	17.34
2259	40060	17.73
2260	58732	25.99
2261	41757	18.47
2262	40577	17.94
2263	40964	18.10
2264	40530	17.90
2265	40180	17.74
2266	41009	18.10
2267	40600	17.91
2268	40359	17.79
2269	40540	17.87
2270	40255	17.73
2271	44989	19.81
2272	42009	18.49
2273	40117	17.65
2274	40210	17.68
2275	40537	17.82
2276	40853	17.95
2277	40788	17.91
2278	41414	18.18
2279	44275	19.43
2280	58052	25.46
2281	40286	17.66
2282	42213	18.50
2283	40645	17.80
2284	41525	18.18
2285	39975	17.49
2286	40354	17.65
2287	40666	17.78
2288	41278	18.04
2289	40582	17.73
2290	42026	18.35
2291	40385	17.63
2292	40793	17.80
2293	40543	17.68
2294	40671	17.73
2295	41405	18.04
2296	40296	17.55
2297	42167	18.36
2298	41213	17.93
2299	41819	18.19
2300	59121	25.70
2301	41541	18.05
2302	41603	18.07
2303	41072	17.83
2304	41735	18.11
2305	41677	18.08
2306	40801	17.69
2307	40350	17.49
2308	40236	17.43
2309	41073	17.79
2310	42036	18.20
2311	41409	17.92
2312	40937	17.71
2313	44906	19.41
2314	42552	18.39
2315	41784	18.05
2316	41902	18.09
2317	46634	20.13
2318	41879	18.07
2319	41300	17.81
2320	60338	26.01
2321	41248	17.77
2322	42200	18.17
2323	41413	17.83
2324	42442	18.26
2325	40643	17.48
2326	41457	17.82
2327	42213	18.14
2328	40729	17.50
2329	42449	18.23
2330	41633	17.87
2331	41486	17.80
2332	41970	18.00
2333	41089	17.61
2334	42074	18.03
2335	42099	18.03
2336	46639	19.97
2337	40998	17.54
2338	43609	18.65
2339	42654	18.24
2340	58679	25.08
2341	40998	17.51
2342	42250	18.04
2343	42264	18.04
2344	42473	18.12
2345	41268	17.60
2346	42069	17.93
2347	42403	18.07
2348	42656	18.17
2349	42391	18.05
2350	41799	17.79
2351	40805	17.36
2352	41826	17.78
2353	41772	17.75
2354	42453	18.03
2355	41951	17.81
2356	41369	17.56
2357	41752	17.71
2358	42819	18.16
2359	42349	17.95
2360	60405	25.60
2361	41850	17.73
2362	41381	17.52
2363	41486	17.56
2364	41662	17.62
2365	41638	17.61
2366	42895	18.13
2367	42413	17.92
2368	42548	17.97
2369	41785	17.64
2370	41656	17.58
2371	42245	17.82
2372	41852	17.64
2373	46877	19.75
2374	41855	17.63
2375	59603	25.10
2376	43286	18.22
2377	42117	17.72
2378	43256	18.19
2379	42848	18.01
2380	59644	25.06
2381	42105	17.68
2382	42122	17.68
2383	42249	17.73
2384	42366	17.77
2385	42617	17.87
2386	42582	17.85
2387	42216	17.69
2388	42308	17.72
2389	43302	18.13
2390	42831	17.92
2391	44094	18.44
2392	43016	17.98
2393	43133	18.02
2394	44304	18.51
2395	42139	17.59
2396	42842	17.88
2397	42567	17.76
2398	42296	17.64
2399	42552	17.74
2400	77663	32.36
2401	60507	25.20
2402	43162	17.97
2403	44129	18.36
2404	42866	17.83
2405	42994	17.88
2406	42558	17.69
2407	42709	17.74
2408	42580	17.68
2409	45044	18.70
2410	42572	17.66
2411	44640	18.52
2412	43690	18.11
2413	42715	17.70
2414	43136	17.87
2415	42422	17.57
2416	43253	17.90
2417	43454	17.98
2418	43058	17.81
2419	43484	17.98
2420	59992	24.79
2421	43463	17.95
2422	42812	17.68
2423	43390	17.91
2424	42358	17.47
2425	42993	17.73
2426	43333	17.86
2427	47074	19.40
2428	43004	17.71
2429	43353	17.85
2430	45188	18.60
2431	43272	17.80
2432	43173	17.75
2433	42738	17.57
2434	43248	17.77
2435	43375	17.81
2436	43179	17.73
2437	42628	17.49
2438	42946	17.62
2439	43962	18.02
2440	61214	25.09
2441	43987	18.02
2442	43668	17.88
2443	43067	17.63
2444	42619	17.44
2445	43877	17.95
2446	43171	17.65
2447	43263	17.68
2448	46373	18.94
2449	43687	17.84
2450	44333	18.10
2451	42884	17.50
2452	43148	17.60
2453	43069	17.56
2454	44511	18.14
2455	42881	17.47
2456	43037	17.52
2457	43897	17.87
2458	43547	17.72
2459	44419	18.06
2460	60614	24.64
2461	42863	17.42
2462	43831	17.80
2463	43752	17.76
2464	44863	18.21
2465	44494	18.05
2466	44913	18.21
2467	43781	17.75
2468	43616	17.67
2469	43251	17.52
2470	43993	17.81
2471	50554	20.46
2472	45041	18.22
2473	43779	17.70
2474	45798	18.51
2475	45465	18.37
2476	44594	18.01
2477	43655	17.62
2478	45644	18.42
2479	43661	17.61
2480	61433	24.77
2481	44623	17.99
2482	46891	18.89
2483	44861	18.07
2484	44826	18.05
2485	44589	17.94
2486	43726	17.59
2487	44071	17.72
2488	43987	17.68
2489	43688	17.55
2490	44609	17.92
2491	44770	17.97
2492	50961	20.45
2493	45980	18.44
2494	44366	17.79
2495	44216	17.72
2496	44726	17.92
2497	44908	17.98
2498	44857	17.96
2499	44343	17.74
2500	51764	20.71
2501	58147	23.25
2502	46043	18.40
2503	44478	17.77
2504	46335	18.50
2505	47134	18.82
2506	46067	18.38
2507	46137	18.40
2508	44388	17.70
2509	45597	18.17
2510	50242	20.02
2511	47437	18.89
2512	45756	18.21
2513	44838	17.84
2514	45053	17.92
2515	46154	18.35
2516	51040	20.29
2517	45585	18.11
2518	45893	18.23
2519	45033	17.88
2520	63215	25.09
2521	45812	18.17
2522	45436	18.02
2523	44773	17.75
2524	47608	18.86
2525	44643	17.68
2526	45586	18.05
2527	45424	17.98
2528	45415	17.96
2529	45625	18.04
2530	44773	17.70
2531	44837	17.72
2532	45533	17.98
2533	45159	17.83
2534	45396	17.91
2535	45948	18.13
2536	45954	18.12
2537	45096	17.78
2538	45874	18.07
2539	45818	18.05
2540	62976	24.79
2541	45156	17.77
2542	46039	18.11
2543	45408	17.86
2544	48105	18.91
2545	45358	17.82
2546	47371	18.61
2547	49444	19.41
2548	45114	17.71
2549	45468	17.84
2550	45820	17.97
2551	44950	17.62
2552	46048	18.04
2553	46702	18.29
2554	46132	18.06
2555	45875	17.95
2556	46027	18.01
2557	46165	18.05
2558	46015	17.99
2559	46050	18.00
2560	63948	24.98
2561	46213	18.04
2562	46373	18.10
2563	44649	17.42
2564	44918	17.52
2565	45503	17.74
2566	46281	18.04
2567	45198	17.61
2568	45764	17.82
2569	46163	17.97
2570	46853	18.23
2571	45728	17.79
2572	46345	18.02
2573	46034	17.89
2574	45232	17.57
2575	46377	18.01
2576	63157	24.52
2577	45206	17.54
2578	47071	18.26
2579	45894	17.80
2580	63147	24.48
2581	45539	17.64
2582	45633	17.67
2583	45841	17.75
2584	46915	18.16
2585	46157	17.86
2586	46745	18.08
2587	46134	17.83
2588	46916	18.13
2589	45736	17.67
2590	45751	17.66
2591	46492	17.94
2592	51293	19.79
2593	45751	17.64
2594	45552	17.56
2595	47198	18.19
2596	46305	17.84
2597	46388	17.86
2598	46456	17.88
2599	46652	17.95
2600	64798	24.92
2601	45955	17.67
2602	47586	18.29
2603	47503	18.25
2604	46739	17.95
2605	46148	17.72
2606	46292	17.76
2607	46177	17.71
2608	46393	17.79
2609	51682	19.81
2610	49139	18.83
2611	46209	17.70
2612	51570	19.74
2613	51034	19.53
2614	46268	17.70
2615	46253	17.69
2616	47753	18.25
2617	46520	17.78
2618	46435	17.74
2619	48067	18.35
2620	64332	24.55
2621	46228	17.64
2622	46395	17.69
2623	47100	17.96
2624	46404	17.68
2625	64583	24.60
2626	46550	17.73
2627	46237	17.60
2628	47146	17.94
2629	46967	17.86
2630	46957	17.85
2631	46449	17.65
2632	46123	17.52
2633	47756	18.14
2634	46632	17.70
2635	47580	18.06
2636	46807	17.76
2637	47399	17.97
2638	48946	18.55
2639	46338	17.56
2640	65187	24.69
2641	48863	18.50
2642	48080	18.20
2643	48479	18.34
2644	47254	17.87
2645	49605	18.75
2646	48330	18.27
2647	47208	17.83
2648	47314	17.87
2649	46501	17.55
2650	46761	17.65
2651	47282	17.84
2652	48705	18.37
2653	48596	18.32
2654	46678	17.59
2655	46631	17.56
2656	46562	17.53
2657	46357	17.45
2658	46736	17.58
2659	52709	19.82
2660	65466	24.61
2661	48559	18.25
2662	47590	17.88
2663	47589	17.87
2664	48590	18.24
2665	47415	17.79
2666	48422	18.16
2667	48482	18.18
2668	48300	18.10
2669	48877	18.31
2670	48245	18.07
2671	47762	17.88
2672	48036	17.98
2673	48608	18.18
2674	47997	17.95
2675	52894	19.77
2676	47618	17.79
2677	48996	18.30
2678	49641	18.54
2679	48386	18.06
2680	66018	24.63
2681	48095	17.94
2682	48776	18.19
2683	49896	18.60
2684	49779	18.55
2685	49172	18.31
2686	49468	18.42
2687	49406	18.39
2688	48806	18.16
2689	49535	18.42
2690	47726	17.74
2691	52770	19.61
2692	47845	17.77
2693	48936	18.17
2694	50332	18.68
2695	48428	17.97
2696	48236	17.89
2697	48473	17.97
2698	47999	17.79
2699	48429	17.94
2700	68552	25.39
2701	48515	17.96
2702	48622	17.99
2703	48467	17.93
2704	48393	17.90
2705	48167	17.81
2706	48476	17.91
2707	48866	18.05
2708	49109	18.13
2709	48141	17.77
2710	49645	18.32
2711	49036	18.09
2712	48837	18.01
2713	49316	18.18
2714	49102	18.09
2715	49433	18.21
2716	48886	18.00
2717	48831	17.97
2718	48688	17.91
2719	48616	17.88
2720	66409	24.42
2721	48659	17.88
2722	49397	18.15
2723	48751	17.90
2724	48916	17.96
2725	49267	18.08
2726	51005	18.71
2727	49230	18.05
2728	48707	17.85
2729	49449	18.12
2730	49681	18.20
2731	50325	18.43
2732	49986	18.30
2733	49375	18.07
2734	48205	17.63
2735	49524	18.11
2736	48856	17.86
2737	49056	17.92
2738	49127	17.94
2739	50616	18.48
2740	66021	24.10
2741	48687	17.76
2742	50138	18.29
2743	48011	17.50
2744	48802	17.78
2745	48814	17.78
2746	50233	18.29
2747	48917	17.81
2748	49217	17.91
2749	49963	18.17
2750	68540	24.92
2751	49041	17.83
2752	49560	18.01
2753	49133	17.85
2754	48561	17.63
2755	53415	19.39
2756	49774	18.06
2757	49979	18.13
2758	49179	17.83
2759	49404	17.91
2760	66004	23.91
2761	50079	18.14
2762	49832	18.04
2763	48477	17.55
2764	49387	17.87
2765	50404	18.23
2766	49458	17.88
2767	49487	17.88
2768	48845	17.65
2769	50166	18.12
2770	48979	17.68
2771	54565	19.69
2772	48733	17.58
2773	52630	18.98
2774	51174	18.45
2775	49744	17.93
2776	49788	17.94
2777	50593	18.22
2778	50049	18.02
2779	49379	17.77
2780	70487	25.36
2781	50062	18.00
2782	50159	18.03
2783	49712	17.86
2784	49030	17.61
2785	49545	17.79
2786	49660	17.82
2787	49391	17.72
2788	55662	19.96
2789	48982	17.56
2790	50341	18.04
2791	49624	17.78
2792	50936	18.24
2793	49354	17.67
2794	50193	17.96
2795	50467	18.06
2796	50422	18.03
2797	50076	17.90
2798	49355	17.64
2799	50759	18.13
2800	87165	31.13
2801	66950	23.90
2802	50557	18.04
2803	56300	20.09
2804	50309	17.94
2805	50172	17.89
2806	49936	17.80
2807	49846	17.76
2808	50334	17.93
2809	51196	18.23
2810	50409	17.94
2811	52608	18.72
2812	50499	17.96
2813	51431	18.28
2814	49482	17.58
2815	50371	17.89
2816	50365	17.89
2817	49356	17.52
2818	49739	17.65
2819	52241	18.53
2820	69750	24.73
2821	49769	17.64
2822	51284	18.17
2823	49761	17.63
2824	50340	17.83
2825	49749	17.61
2826	50279	17.79
2827	51474	18.21
2828	49973	17.67
2829	51141	18.08
2830	50100	17.70
2831	50063	17.68
2832	51106	18.05
2833	50633	17.87
2834	56438	19.91
2835	50613	17.85
2836	50677	17.87
2837	51231	18.06
2838	49740	17.53
2839	49981	17.61
2840	68940	24.27
2841	51117	17.99
2842	51305	18.05
2843	51786	18.22
2844	50906	17.90
2845	50643	17.80
2846	51759	18.19
2847	51240	18.00
2848	51105	17.94
2849	51034	17.91
2850	52616	18.46
2851	50096	17.57
2852	50690	17.77
2853	49962	17.51
2854	51155	17.92
2855	50916	17.83
2856	51021	17.86
2857	52186	18.27
2858	52126	18.24
2859	51614	18.05
2860	69766	24.39
2861	51636	18.05
2862	50676	17.71
2863	50759	17.73
2864	49953	17.44
2865	51465	17.96
2866	51424	17.94
2867	50851	17.74
2868	51529	17.97
2869	51559	17.97
2870	51932	18.09
2871	51568	17.96
2872	51320	17.87
2873	51330	17.87
2874	52120	18.14
2875	51033	17.75
2876	51087	17.76
2877	51849	18.02
2878	51954	18.05
2879	50356	17.49
2880	74253	25.78
2881	50962	17.69
2882	51553	17.89
2883	52382	18.17
2884	51641	17.91
2885	51954	18.01
2886	50508	17.50
2887	51989	18.01
2888	50747	17.57
2889	52076	18.03
2890	51580	17.85
2891	51091	17.67
2892	52926	18.30
2893	51141	17.68
2894	51726	17.87
2895	56972	19.68
2896	51230	17.69
2897	52007	17.95
2898	51698	17.84
2899	51926	17.91
2900	72671	25.06
2901	52117	17.97
2902	52283	18.02
2903	53615	18.47
2904	54227	18.67
2905	53582	18.44
2906	51492	17.72
2907	53529	18.41
2908	52024	17.89
2909	53338	18.34
2910	54239	18.64
2911	52455	18.02
2912	52989	18.20
2913	52631	18.07
2914	51726	17.75
2915	52573	18.04
2916	52679	18.07
2917	52880	18.13
2918	53575	18.36
2919	53281	18.25
2920	70169	24.03
2921	51753	17.72
2922	52754	18.05
2923	51575	17.64
2924	52107	17.82
2925	53372	18.25
2926	52007	17.77
2927	51983	17.76
2928	52334	17.87
2929	51754	17.67
2930	51917	17.72
2931	52153	17.79
2932	52138	17.78
2933	53325	18.18
2934	53138	18.11
2935	52351	17.84
2936	52480	17.87
2937	52638	17.92
2938	52470	17.86
2939	52724	17.94
2940	71159	24.20
2941	52323	17.79
2942	52793	17.94
2943	51877	17.63
2944	51707	17.56
2945	52027	17.67
2946	53045	18.01
2947	52984	17.98
2948	52923	17.95
2949	52632	17.85
2950	52529	17.81
2951	52134	17.67
2952	52974	17.95
2953	51624	17.48
2954	52500	17.77
2955	53733	18.18
2956	52191	17.66
2957	53509	18.10
2958	53576	18.11
2959	53202	17.98
2960	71459	24.14
2961	53127	17.94
2962	53883	18.19
2963	53752	18.14
2964	52562	17.73
2965	52846	17.82
2966	52901	17.84
2967	53222	17.94
2968	57801	19.47
2969	55500	18.69
2970	53814	18.12
2971	54025	18.18
2972	54786	18.43
2973	54250	18.25
2974	52705	17.72
2975	53696	18.05
2976	71760	24.11
2977	53469	17.96
2978	53735	18.04
2979	53257	17.88
2980	73834	24.78
2981	54384	18.24
2982	52958	17.76
2983	53438	17.91
2984	56309	18.87
2985	53880	18.05
2986	54433	18.23
2987	54849	18.36
2988	54895	18.37
2989	53972	18.06
2990	54257	18.15
2991	54648	18.27
2992	55927	18.69
2993	54375	18.17
2994	57400	19.17
2995	53726	17.94
2996	54381	18.15
2997	53711	17.92
2998	57241	19.09
2999	52967	17.66
3000	132207	44.07
3001	58702	19.56
3002	54082	18.02
3003	53718	17.89
3004	54867	18.26
3005	59121	19.67
3006	64179	21.35
3007	54026	17.97
3008	53717	17.86
3009	54497	18.11
3010	54708	18.18
3011	54296	18.03
3012	53447	17.74
3013	53524	17.76
3014	53202	17.65
3015	53816	17.85
3016	54343	18.02
3017	55215	18.30
3018	54996	18.22
3019	54136	17.93
3020	71794	23.77
3021	56045	18.55
3022	53981	17.86
3023	53552	17.71
3024	53493	17.69
3025	73934	24.44
3026	53789	17.78
3027	53679	17.73
3028	54492	18.00
3029	53954	17.81
3030	54209	17.89
3031	54544	18.00
3032	57198	18.86
3033	54200	17.87
3034	55060	18.15
3035	54140	17.84
3036	54714	18.02
3037	53854	17.73
3038	55530	18.28
3039	54911	18.07
3040	73126	24.05
3041	54637	17.97
3042	55028	18.09
3043	54714	17.98
3044	55209	18.14
3045	54324	17.84
3046	54735	17.97
3047	57613	18.91
3048	56587	18.57
3049	56336	18.48
3050	54328	17.81
3051	54973	18.02
3052	53906	17.66
3053	54421	17.83
3054	55944	18.32
3055	54792	17.94
3056	54746	17.91
3057	56137	18.36
3058	54994	17.98
3059	54441	17.80
3060	72074	23.55
3061	59366	19.39
3062	56660	18.50
3063	56129	18.32
3064	55919	18.25
3065	55035	17.96
3066	55980	18.26
3067	54927	17.91
3068	56100	18.29
3069	54689	17.82
3070	55476	18.07
3071	54809	17.85
3072	54653	17.79
3073	55868	18.18
3074	55077	17.92
3075	56359	18.33
3076	54416	17.69
3077	57790	18.78
3078	54202	17.61
3079	55439	18.01
3080	72286	23.47
3081	56271	18.26
3082	57642	18.70
3083	54229	17.59
3084	55042	17.85
3085	55070	17.85
3086	56036	18.16
3087	65180	21.11
3088	55117	17.85
3089	55953	18.11
3090	58060	18.79
3091	55766	18.04
3092	55094	17.82
3093	56027	18.11
3094	55594	17.97
3095	55725	18.00
3096	59277	19.15
3097	54718	17.67
3098	55055	17.77
3099	54506	17.59
3100	73298	23.64
3101	55226	17.81
3102	54729	17.64
3103	61072	19.68
3104	56377	18.16
3105	56295	18.13
3106	54980	17.70
3107	54780	17.63
3108	55173	17.75
3109	56665	18.23
3110	58063	18.67
3111	57920	18.62
3112	65473	21.04
3113	54853	17.62
3114	55061	17.68
3115	55328	17.76
3116	54759	17.57
3117	56882	18.25
3118	56044	17.97
3119	55148	17.68
3120	72411	23.21
3121	55045	17.64
3122	54650	17.50
3123	54638	17.50
3124	55966	17.91
3125	105537	33.77
3126	57129	18.28
3127	58228	18.62
3128	58295	18.64
3129	56309	18.00
3130	55553	17.75
3131	57402	18.33
3132	56782	18.13
3133	56677	18.09
3134	57330	18.29
3135	55307	17.64
3136	55191	17.60
3137	58074	18.51
3138	56065	17.87
3139	58326	18.58
3140	74572	23.75
3141	57980	18.46
3142	56114	17.86
3143	57881	18.42
3144	62508	19.88
3145	57535	18.29
3146	56327	17.90
3147	55334	17.58
3148	58568	18.60
3149	55815	17.72
3150	58396	18.54
3151	56717	18.00
3152	56701	17.99
3153	57606	18.27
3154	56092	17.78
3155	56149	17.80
3156	57525	18.23
3157	55727	17.65
3158	59397	18.81
3159	57860	18.32
3160	75290	23.83
3161	57282	18.12
3162	57931	18.32
3163	56623	17.90
3164	57065	18.04
3165	57734	18.24
3166	58098	18.35
3167	57816	18.26
3168	56597	17.87
3169	57752	18.22
3170	56404	17.79
3171	57547	18.15
3172	57269	18.05
3173	56729	17.88
3174	57229	18.03
3175	57035	17.96
3176	57112	17.98
3177	57213	18.01
3178	56959	17.92
3179	57303	18.03
3180	75069	23.61
3181	57149	17.97
3182	56905	17.88
3183	57126	17.95
3184	57449	18.04
3185	56683	17.80
3186	70478	22.12
3187	58460	18.34
3188	58398	18.32
3189	58072	18.21
3190	57718	18.09
3191	58243	18.25
3192	57901	18.14
3193	58148	18.21
3194	56673	17.74
3195	56723	17.75
3196	56492	17.68
3197	56939	17.81
3198	59131	18.49
3199	58778	18.37
3200	94566	29.55
3201	74213	23.18
3202	57950	18.10
3203	57286	17.89
3204	58581	18.28
3205	58112	18.13
3206	57858	18.05
3207	57492	17.93
3208	59484	18.54
3209	58374	18.19
3210	57509	17.92
3211	57140	17.80
3212	57262	17.83
3213	58368	18.17
3214	57369	17.85
3215	63467	19.74
3216	57547	17.89
3217	57628	17.91
3218	60062	18.66
3219	59506	18.49
3220	75885	23.57
3221	56925	17.67
3222	58423	18.13
3223	57699	17.90
3224	59134	18.34
3225	59202	18.36
3226	58924	18.27
3227	58564	18.15
3228	57825	17.91
3229	57466	17.80
3230	58208	18.02
3231	57535	17.81
3232	58578	18.12
3233	58270	18.02
3234	58135	17.98
3235	58840	18.19
3236	58598	18.11
3237	57922	17.89
3238	59628	18.42
3239	59530	18.38
3240	75433	23.28
3241	58356	18.01
3242	57868	17.85
3243	58803	18.13
3244	58344	17.99
3245	58137	17.92
3246	59943	18.47
3247	58057	17.88
3248	57680	17.76
3249	57788	17.79
3250	77764	23.93
3251	57478	17.68
3252	58239	17.91
3253	68613	21.09
3254	60481	18.59
3255	59759	18.36
3256	59466	18.26
3257	59019	18.12
3258	59153	18.16
3259	58781	18.04
3260	77246	23.70
3261	58990	18.09
3262	58490	17.93
3263	59967	18.38
3264	58656	17.97
3265	64494	19.75
3266	58347	17.86
3267	58968	18.05
3268	57841	17.70
3269	59210	18.11
3270	59958	18.34
3271	59910	18.32
3272	63782	19.49
3273	60884	18.60
3274	63962	19.54
3275	59091	18.04
3276	61580	18.80
3277	61612	18.80
3278	60467	18.45
3279	67257	20.51
3280	77835	23.73
3281	58300	17.77
3282	58921	17.95
3283	59109	18.00
3284	58475	17.81
3285	59711	18.18
3286	59497	18.11
3287	59650	18.15
3288	59076	17.97
3289	58777	17.87
3290	59479	18.08
3291	60380	18.35
3292	65358	19.85
3293	59661	18.12
3294	57757	17.53
3295	59345	18.01
3296	59850	18.16
3297	58675	17.80
3298	59691	18.10
3299	58405	17.70
3300	79079	23.96
3301	60433	18.31
3302	59141	17.91
3303	59254	17.94
3304	58952	17.84
3305	65085	19.69
3306	60725	18.37
3307	61172	18.50
3308	60132	18.18
3309	62250	18.81
3310	62258	18.81
3311	61617	18.61
3312	62609	18.90
3313	61705	18.63
3314	59331	17.90
3315	58803	17.74
3316	60718	18.31
3317	60176	18.14
3318	64117	19.32
3319	59166	17.83
3320	77418	23.32
3321	60394	18.19
3322	60319	18.16
3323	59854	18.01
3324	59856	18.01
3325	59361	17.85
3326	59192	17.80
3327	60808	18.28
3328	61171	18.38
3329	59839	17.98
3330	60209	18.08
3331	62512	18.77
3332	59538	17.87
3333	59542	17.86
3334	60497	18.15
3335	60429	18.12
3336	60482	18.13
3337	60781	18.21
3338	60109	18.01
3339	61104	18.30
3340	78765	23.58
3341	59804	17.90
3342	63704	19.06
3343	60747	18.17
3344	67282	20.12
3345	61048	18.25
3346	61283	18.32
3347	60638	18.12
3348	63924	19.09
3349	60550	18.08
3350	61744	18.43
3351	60784	18.14
3352	60365	18.01
3353	64636	19.28
3354	60259	17.97
3355	59653	17.78
3356	59296	17.67
3357	65038	19.37
3358	58795	17.51
3359	64064	19.07
3360	79653	23.71
3361	63208	18.81
3362	64178	19.09
3363	64351	19.13
3364	64082	19.05
3365	60282	17.91
3366	63325	18.81
3367	60482	17.96
3368	61640	18.30
3369	65283	19.38
3370	60925	18.08
3371	60046	17.81
3372	60641	17.98
3373	60127	17.83
3374	59727	17.70
3375	61214	18.14
3376	81593	24.17
3377	62537	18.52
3378	65166	19.29
3379	63682	18.85
3380	78887	23.34
3381	64280	19.01
3382	69085	20.43
3383	63706	18.83
3384	60421	17.85
3385	61625	18.21
3386	63936	18.88
3387	61528	18.17
3388	63709	18.80
3389	64361	18.99
3390	63042	18.60
3391	65438	19.30
3392	62089	18.30
3393	63476	18.71
3394	60147	17.72
3395	61586	18.14
3396	62374	18.37
3397	61481	18.10
3398	60493	17.80
3399	61876	18.20
3400	81116	23.86
3401	61099	17.97
3402	61257	18.01
3403	59532	17.49
3404	61441	18.05
3405	61991	18.21
3406	60827	17.86
3407	67025	19.67
3408	65681	19.27
3409	61398	18.01
3410	59603	17.48
3411	61108	17.91
3412	60968	17.87
3413	62959	18.45
3414	60292	17.66
3415	61323	17.96
3416	60721	17.78
3417	62313	18.24
3418	62705	18.35
3419	61660	18.03
3420	81467	23.82
3421	60947	17.82
3422	60576	17.70
3423	62133	18.15
3424	63748	18.62
3425	79880	23.32
3426	64715	18.89
3427	64211	18.74
3428	60209	17.56
3429	60159	17.54
3430	61985	18.07
3431	61220	17.84
3432	60584	17.65
3433	60151	17.52
3434	59820	17.42
3435	60363	17.57
3436	61546	17.91
3437	64060	18.64
3438	62049	18.05
3439	62644	18.22
3440	81924	23.82
3441	60971	17.72
3442	60895	17.69
3443	61231	17.78
3444	66876	19.42
3445	62238	18.07
3446	63054	18.30
3447	61594	17.87
3448	61585	17.86
3449	61918	17.95
3450	60882	17.65
3451	69909	20.26
3452	62483	18.10
3453	61549	17.82
3454	60798	17.60
3455	63931	18.50
3456	61773	17.87
3457	62314	18.03
3458	64934	18.78
3459	64122	18.54
3460	79416	22.95
3461	63102	18.23
3462	62584	18.08
3463	68357	19.74
3464	63655	18.38
3465	63416	18.30
3466	63675	18.37
3467	62917	18.15
3468	62977	18.16
3469	62622	18.05
3470	62323	17.96
3471	64337	18.54
3472	60678	17.48
3473	63559	18.30
3474	61525	17.71
3475	62480	17.98
3476	67609	19.45
3477	62336	17.93
3478	63054	18.13
3479	64120	18.43
3480	81741	23.49
3481	62568	17.97
3482	65146	18.71
3483	62328	17.89
3484	61955	17.78
3485	61591	17.67
3486	62901	18.04
3487	61943	17.76
3488	62071	17.80
3489	62673	17.96
3490	63183	18.10
3491	62372	17.87
3492	62431	17.88
3493	61701	17.66
3494	62775	17.97
3495	77040	22.04
3496	64496	18.45
3497	64314	18.39
3498	63950	18.28
3499	63569	18.17
3500	114291	32.65
3501	66051	18.87
3502	64788	18.50
3503	63143	18.03
3504	65638	18.73
3505	63830	18.21
3506	62268	17.76
3507	65779	18.76
3508	63506	18.10
3509	63232	18.02
3510	64623	18.41
3511	63357	18.05
3512	63843	18.18
3513	67297	19.16
3514	65576	18.66
3515	64712	18.41
3516	64302	18.29
3517	63523	18.06
3518	63251	17.98
3519	68703	19.52
3520	81012	23.01
3521	63296	17.98
3522	63039	17.90
3523	63854	18.12
3524	64317	18.25
3525	64099	18.18
3526	64665	18.34
3527	64032	18.15
3528	63054	17.87
3529	63230	17.92
3530	64039	18.14
3531	68333	19.35
3532	67250	19.04
3533	65715	18.60
3534	63692	18.02
3535	63742	18.03
3536	63862	18.06
3537	64147	18.14
3538	65977	18.65
3539	63885	18.05
3540	83894	23.70
3541	64011	18.08
3542	65698	18.55
3543	65430	18.47
3544	69788	19.69
3545	65435	18.46
3546	62980	17.76
3547	64549	18.20
3548	64474	18.17
3549	63947	18.02
3550	65798	18.53
3551	66626	18.76
3552	65606	18.47
3553	64405	18.13
3554	63844	17.96
3555	65621	18.46
3556	65148	18.32
3557	65211	18.33
3558	66383	18.66
3559	66366	18.65
3560	83717	23.52
3561	65170	18.30
3562	66293	18.61
3563	64280	18.04
3564	64549	18.11
3565	64056	17.97
3566	65227	18.29
3567	66694	18.70
3568	65098	18.24
3569	64559	18.09
3570	63902	17.90
3571	66326	18.57
3572	65362	18.30
3573	66443	18.60
3574	64538	18.06
3575	65686	18.37
3576	66603	18.62
3577	64686	18.08
3578	65372	18.27
3579	65967	18.43
3580	83585	23.35
3581	71346	19.92
3582	66227	18.49
3583	65180	18.19
3584	67231	18.76
3585	65200	18.19
3586	66348	18.50
3587	66225	18.46
3588	65054	18.13
3589	66645	18.57
3590	67956	18.93
3591	64145	17.86
3592	67124	18.69
3593	64161	17.86
3594	65115	18.12
3595	64656	17.98
3596	66031	18.36
3597	65636	18.25
3598	65735	18.27
3599	68151	18.94
3600	115092	31.97
3601	81197	22.55
3602	64910	18.02
3603	65116	18.07
3604	65804	18.26
3605	65024	18.04
3606	67244	18.65
3607	65894	18.27
3608	65844	18.25
3609	65317	18.10
3610	66707	18.48
3611	69897	19.36
3612	64779	17.93
3613	65373	18.09
3614	65608	18.15
3615	67509	18.67
3616	66250	18.32
3617	65941	18.23
3618	67323	18.61
3619	64553	17.84
3620	83169	22.97
3621	65683	18.14
3622	64747	17.88
3623	65112	17.97
3624	65797	18.16
3625	82841	22.85
3626	66880	18.44
3627	65786	18.14
3628	64679	17.83
3629	66065	18.20
3630	66136	18.22
3631	65578	18.06
3632	67059	18.46
3633	64494	17.75
3634	66601	18.33
3635	67246	18.50
3636	67429	18.54
3637	64676	17.78
3638	66821	18.37
3639	64996	17.86
3640	83282	22.88
3641	64639	17.75
3642	65270	17.92
3643	69716	19.14
3644	65903	18.09
3645	65930	18.09
3646	65765	18.04
3647	65690	18.01
3648	65862	18.05
3649	66621	18.26
3650	71555	19.60
3651	65631	17.98
3652	66361	18.17
3653	65378	17.90
3654	64659	17.70
3655	66648	18.23
3656	64637	17.68
3657	66002	18.05
3658	65311	17.85
3659	66398	18.15
3660	84012	22.95
3661	65887	18.00
3662	66666	18.20
3663	65651	17.92
3664	65965	18.00
3665	65601	17.90
3666	68410	18.66
3667	66417	18.11
3668	66137	18.03
3669	66110	18.02
3670	65904	17.96
3671	66959	18.24
3672	67264	18.32
3673	67926	18.49
3674	67543	18.38
3675	67385	18.34
3676	65778	17.89
3677	66257	18.02
3678	65491	17.81
3679	66868	18.18
3680	83308	22.64
3681	69496	18.88
3682	65104	17.68
3683	66142	17.96
3684	65573	17.80
3685	67160	18.23
3686	67578	18.33
3687	66837	18.13
3688	67503	18.30
3689	66053	17.91
3690	66439	18.01
3691	66451	18.00
3692	65786	17.82
3693	66381	17.97
3694	68232	18.47
3695	66806	18.08
3696	66682	18.04
3697	67669	18.30
3698	71358	19.30
3699	67612	18.28
3700	95439	25.79
3701	68392	18.48
3702	66687	18.01
3703	66353	17.92
3704	65577	17.70
3705	67674	18.27
3706	66438	17.93
3707	66648	17.98
3708	65898	17.77
3709	65916	17.77
3710	66632	17.96
3711	68309	18.41
3712	67702	18.24
3713	65994	17.77
3714	66563	17.92
3715	66777	17.97
3716	66228	17.82
3717	66506	17.89
3718	67535	18.16
3719	66502	17.88
3720	85021	22.86
3721	66413	17.85
3722	67344	18.09
3723	69181	18.58
3724	66646	17.90
3725	66199	17.77
3726	67256	18.05
3727	66855	17.94
3728	67350	18.07
3729	68884	18.47
3730	66962	17.95
3731	67287	18.03
3732	67611	18.12
3733	66915	17.93
3734	69355	18.57
3735	66808	17.89
3736	67258	18.00
3737	67489	18.06
3738	66497	17.79
3739	68011	18.19
3740	85464	22.85
3741	72122	19.28
3742	66278	17.71
3743	68739	18.36
3744	67703	18.08
3745	67689	18.07
3746	66863	17.85
3747	67601	18.04
3748	66127	17.64
3749	66885	17.84
3750	166637	44.44
3751	67063	17.88
3752	68290	18.20
3753	66968	17.84
3754	65904	17.56
3755	67327	17.93
3756	68112	18.13
3757	67283	17.91
3758	66747	17.76
3759	68391	18.19
3760	86844	23.10
3761	71879	19.11
3762	67325	17.90
3763	74027	19.67
3764	68137	18.10
3765	67524	17.93
3766	67876	18.02
3767	66937	17.77
3768	67748	17.98
3769	69791	18.52
3770	68901	18.28
3771	69841	18.52
3772	71083	18.84
3773	68866	18.25
3774	66469	17.61
3775	66789	17.69
3776	85767	22.71
3777	75971	20.11
3778	67154	17.78
3779	66955	17.72
3780	88797	23.49
3781	68555	18.13
3782	67465	17.84
3783	69561	18.39
3784	69363	18.33
3785	69366	18.33
3786	68550	18.11
3787	69058	18.24
3788	69595	18.37
3789	72237	19.06
3790	69034	18.21
3791	250984	66.21
3792	68958	18.19
3793	68640	18.10
3794	68829	18.14
3795	75871	19.99
3796	69603	18.34
3797	67515	17.78
3798	67881	17.87
3799	70762	18.63
3800	89681	23.60
3801	71158	18.72
3802	68926	18.13
3803	70830	18.62
3804	69107	18.17
3805	67920	17.85
3806	70397	18.50
3807	67815	17.81
3808	66808	17.54
3809	68807	18.06
3810	69930	18.35
3811	68882	18.07
3812	68692	18.02
3813	70116	18.39
3814	68357	17.92
3815	67239	17.62
3816	69250	18.15
3817	68611	17.98
3818	69752	18.27
3819	70055	18.34
3820	86572	22.66
3821	69224	18.12
3822	67553	17.67
3823	73407	19.20
3824	69910	18.28
3825	88413	23.11
3826	68451	17.89
3827	68295	17.85
3828	67702	17.69
3829	74680	19.50
3830	69388	18.12
3831	68200	17.80
3832	70030	18.28
3833	69519	18.14
3834	69820	18.21
3835	70194	18.30
3836	69678	18.16
3837	69475	18.11
3838	68479	17.84
3839	70220	18.29
3840	85657	22.31
3841	70709	18.41
3842	69017	17.96
3843	69438	18.07
3844	70028	18.22
3845	70494	18.33
3846	68783	17.88
3847	69293	18.01
3848	69212	17.99
3849	70417	18.29
3850	67880	17.63
3851	70203	18.23
3852	69960	18.16
3853	70087	18.19
3854	69714	18.09
3855	69234	17.96
3856	69263	17.96
3857	68860	17.85
3858	70762	18.34
3859	76541	19.83
3860	88804	23.01
3861	72125	18.68
3862	70501	18.26
3863	71912	18.62
3864	70113	18.15
3865	69288	17.93
3866	70788	18.31
3867	70141	18.14
3868	70733	18.29
3869	78395	20.26
3870	73177	18.91
3871	73032	18.87
3872	70039	18.09
3873	69697	18.00
3874	69977	18.06
3875	89412	23.07
3876	69006	17.80
3877	70305	18.13
3878	69909	18.03
3879	71076	18.32
3880	87486	22.55
3881	69839	18.00
3882	71007	18.29
3883	70228	18.09
3884	69812	17.97
3885	69914	18.00
3886	71107	18.30
3887	70354	18.10
3888	69366	17.84
3889	71082	18.28
3890	70259	18.06
3891	72178	18.55
3892	70183	18.03
3893	70272	18.05
3894	70900	18.21
3895	71981	18.48
3896	71489	18.35
3897	71878	18.44
3898	70499	18.09
3899	71464	18.33
3900	89611	22.98
3901	70529	18.08
3902	70249	18.00
3903	70855	18.15
3904	70472	18.05
3905	70112	17.95
3906	70627	18.08
3907	70073	17.94
3908	74505	19.06
3909	71890	18.39
3910	71759	18.35
3911	72050	18.42
3912	69320	17.72
3913	70394	17.99
3914	73960	18.90
3915	69399	17.73
3916	71852	18.35
3917	71286	18.20
3918	71813	18.33
3919	70910	18.09
3920	89657	22.87
3921	70261	17.92
3922	71436	18.21
3923	70622	18.00
3924	72126	18.38
3925	70167	17.88
3926	70726	18.01
3927	71072	18.10
3928	71186	18.12
3929	70176	17.86
3930	72335	18.41
3931	69638	17.72
3932	70788	18.00
3933	71756	18.24
3934	70645	17.96
3935	71145	18.08
3936	71429	18.15
3937	70212	17.83
3938	71422	18.14
3939	70635	17.93
3940	88695	22.51
3941	78785	19.99
3942	72233	18.32
3943	71994	18.26
3944	73678	18.68
3945	71812	18.20
3946	72009	18.25
3947	70157	17.77
3948	85737	21.72
3949	71954	18.22
3950	72512	18.36
3951	72533	18.36
3952	73481	18.59
3953	72254	18.28
3954	71993	18.21
3955	72768	18.40
3956	73724	18.64
3957	75773	19.15
3958	77422	19.56
3959	72709	18.37
3960	89353	22.56
3961	72418	18.28
3962	73305	18.50
3963	71393	18.01
3964	72214	18.22
3965	74771	18.86
3966	73078	18.43
3967	71764	18.09
3968	72059	18.16
3969	75740	19.08
3970	73150	18.43
3971	71255	17.94
3972	72198	18.18
3973	71383	17.97
3974	70620	17.77
3975	73407	18.47
3976	71137	17.89
3977	71969	18.10
3978	71758	18.04
3979	76408	19.20
3980	93556	23.51
3981	73043	18.35
3982	71300	17.91
3983	71592	17.97
3984	71904	18.05
3985	73432	18.43
3986	71144	17.85
3987	71361	17.90
3988	71474	17.92
3989	72189	18.10
3990	72130	18.08
3991	71691	17.96
3992	72598	18.19
3993	72531	18.16
3994	70704	17.70
3995	73416	18.38
3996	70675	17.69
3997	70569	17.66
3998	70921	17.74
3999	70592	17.65
4000	243253	60.81
