N	Total Time	Average CPE
1	67	67.00
2	70	35.00
3	86	28.67
4	99	24.75
5	120	24.00
6	140	23.33
7	157	22.43
8	178	22.25
9	199	22.11
10	218	21.80
11	249	22.64
12	270	22.50
13	307	23.62
14	342	24.43
15	385	25.67
16	413	25.81
17	524	30.82
18	541	30.06
19	565	29.74
20	604	30.20
21	644	30.67
22	691	31.41
23	834	36.26
24	771	32.12
25	852	34.08
26	912	35.08
27	3531	130.78
28	1226	43.79
29	1677	57.83
30	1512	50.40
31	1196	38.58
32	1271	39.72
33	1364	41.33
34	1417	41.68
35	1992	56.91
36	1632	45.33
37	1702	46.00
38	1959	51.55
39	1836	47.08
40	2093	52.33
41	1973	48.12
42	2034	48.43
43	2157	50.16
44	2212	50.27
45	2284	50.76
46	2354	51.17
47	2409	51.26
48	2541	52.94
49	3233	65.98
50	2681	53.62
51	3135	61.47
52	2887	55.52
53	2979	56.21
54	3369	62.39
55	3310	60.18
56	3276	58.50
57	3325	58.33
58	3663	63.16
59	4030	68.31
60	3605	60.08
61	3959	64.90
62	4143	66.82
63	3958	62.83
64	4197	65.58
65	4288	65.97
66	4340	65.76
67	4927	73.54
68	4727	69.51
69	4919	71.29
70	4801	68.59
71	5939	83.65
72	5008	69.56
73	5287	72.42
74	5640	76.22
75	5504	73.39
76	5486	72.18
77	5676	73.71
78	5887	75.47
79	5792	73.32
80	6127	76.59
81	6032	74.47
82	6126	74.71
83	6657	80.20
84	6374	75.88
85	6879	80.93
86	6970	81.05
87	6609	75.97
88	6993	79.47
89	6923	77.79
90	7470	83.00
91	7330	80.55
92	7976	86.70
93	7523	80.89
94	8011	85.22
95	7897	83.13
96	8163	85.03
97	8363	86.22
98	8082	82.47
99	8787	88.76
100	8374	83.74
101	8852	87.64
102	9006	88.29
103	9854	95.67
104	8877	85.36
105	9061	86.30
106	9548	90.08
107	9433	88.16
108	10475	96.99
109	9520	87.34
110	10445	94.95
111	9780	88.11
112	9956	88.89
113	9393	83.12
114	9384	82.32
115	9411	81.83
116	9899	85.34
117	10060	85.98
118	9566	81.07
119	9700	81.51
120	10364	86.37
121	10341	85.46
122	10705	87.75
123	10133	82.38
124	10806	87.15
125	10429	83.43
126	10607	84.18
127	11433	90.02
128	10955	85.59
129	11347	87.96
130	11481	88.32
131	11410	87.10
132	11839	89.69
133	12009	90.29
134	11860	88.51
135	12872	95.35
136	12256	90.12
137	12096	88.29
138	12947	93.82
139	12999	93.52
140	12498	89.27
141	12780	90.64
142	13512	95.15
143	13076	91.44
144	13518	93.88
145	13395	92.38
146	13976	95.73
147	13917	94.67
148	13775	93.07
149	14069	94.42
150	14149	94.33
151	14169	93.83
152	14864	97.79
153	14514	94.86
154	14986	97.31
155	15926	102.75
156	14948	95.82
157	15568	99.16
158	15284	96.73
159	15924	100.15
160	15581	97.38
161	16337	101.47
162	15797	97.51
163	16358	100.36
164	16716	101.93
165	16695	101.18
166	16591	99.95
167	16706	100.04
168	17284	102.88
169	17256	102.11
170	17609	103.58
171	17371	101.58
172	18022	104.78
173	18828	108.83
174	18396	105.72
175	18133	103.62
176	18962	107.74
177	18912	106.85
178	18698	105.04
179	19106	106.74
180	19762	109.79
181	19320	106.74
182	19304	106.07
183	20831	113.83
184	19726	107.21
185	20084	108.56
186	19834	106.63
187	21142	113.06
188	20885	111.09
189	21040	111.32
190	21127	111.19
191	20703	108.39
192	23202	120.84
193	21748	112.68
194	22027	113.54
195	21994	112.79
196	21607	110.24
197	22386	113.63
198	22589	114.09
199	22324	112.18
200	22548	112.74
201	23268	115.76
202	22976	113.74
203	24498	120.68
204	23620	115.78
205	23454	114.41
206	24068	116.83
207	24589	118.79
208	24242	116.55
209	29052	139.00
210	24698	117.61
211	24368	115.49
212	24699	116.50
213	25451	119.49
214	25363	118.52
215	29543	137.41
216	27871	129.03
217	26904	123.98
218	28105	128.92
219	26765	122.21
220	26570	120.77
221	27179	122.98
222	27039	121.80
223	27546	123.52
224	27716	123.73
225	27783	123.48
226	27901	123.46
227	28183	124.15
228	29476	129.28
229	28929	126.33
230	28956	125.90
231	28827	124.79
232	32979	142.15
233	31741	136.23
234	29470	125.94
235	30189	128.46
236	30111	127.59
237	30276	127.75
238	30555	128.38
239	30718	128.53
240	30683	127.85
241	31290	129.83
242	31003	128.11
243	32250	132.72
244	31144	127.64
245	31627	129.09
246	32236	131.04
247	33059	133.84
248	32588	131.40
249	32960	132.37
250	33189	132.76
251	33318	132.74
252	34499	136.90
253	36765	145.32
254	34039	134.01
255	34113	133.78
256	34985	136.66
257	35831	139.42
258	35127	136.15
259	35134	135.65
260	35681	137.23
261	35829	137.28
262	36248	138.35
263	36578	139.08
264	36955	139.98
265	48882	184.46
266	37023	139.18
267	36835	137.96
268	38683	144.34
269	37835	140.65
270	44988	166.62
271	41182	151.96
272	41833	153.80
273	39046	143.03
274	38910	142.01
275	40792	148.33
276	39733	143.96
277	40390	145.81
278	40963	147.35
279	41281	147.96
280	40896	146.06
281	40950	145.73
282	42990	152.45
283	41371	146.19
284	42121	148.31
285	42016	147.42
286	42380	148.18
287	42543	148.23
288	41888	145.44
289	43206	149.50
290	42626	146.99
291	43522	149.56
292	42933	147.03
293	44108	150.54
294	43692	148.61
295	44006	149.17
296	45112	152.41
297	44706	150.53
298	45013	151.05
299	46269	154.75
300	45609	152.03
301	46275	153.74
302	45988	152.28
303	46773	154.37
304	46745	153.77
305	46851	153.61
306	47198	154.24
307	47242	153.88
308	47859	155.39
309	48472	156.87
310	47914	154.56
311	48537	156.07
312	49112	157.41
313	48960	156.42
314	49575	157.88
315	49865	158.30
316	49676	157.20
317	50208	158.38
318	50995	160.36
319	50431	158.09
320	50899	159.06
321	50922	158.64
322	53368	165.74
323	55898	173.06
324	53117	163.94
325	52840	162.58
326	53818	165.09
327	52792	161.44
328	52990	161.55
329	54289	165.01
330	53455	161.98
331	53791	162.51
332	54960	165.54
333	54382	163.31
334	55294	165.55
335	55584	165.92
336	55774	165.99
337	56190	166.74
338	56144	166.11
339	56591	166.94
340	57141	168.06
341	56754	166.43
342	58789	171.90
343	57615	167.97
344	58898	171.22
345	58845	170.57
346	58455	168.95
347	58624	168.95
348	59188	170.08
349	59935	171.73
350	65576	187.36
351	61106	174.09
352	60408	171.61
353	61806	175.09
354	60642	171.31
355	61535	173.34
356	61591	173.01
357	62368	174.70
358	62028	173.26
359	62420	173.87
360	62854	174.59
361	62960	174.40
362	64426	177.97
363	68272	188.08
364	65496	179.93
365	64200	175.89
366	64614	176.54
367	65009	177.14
368	65315	177.49
369	65852	178.46
370	65759	177.73
371	68095	183.54
372	66434	178.59
373	66702	178.83
374	67645	180.87
375	67303	179.47
376	67816	180.36
377	67919	180.16
378	68699	181.74
379	68741	181.37
380	69643	183.27
381	68958	180.99
382	71265	186.56
383	69860	182.40
384	70841	184.48
385	70672	183.56
386	70993	183.92
387	72134	186.39
388	72062	185.73
389	71999	185.09
390	71884	184.32
391	74677	190.99
392	73006	186.24
393	73969	188.22
394	73553	186.68
395	74449	188.48
396	74253	187.51
397	76690	193.17
398	79554	199.88
399	76448	191.60
400	75978	189.94
401	76620	191.07
402	76250	189.68
403	77171	191.49
404	77078	190.79
405	77249	190.74
406	77566	191.05
407	79201	194.60
408	79858	195.73
409	78691	192.40
410	81817	199.55
411	79583	193.63
412	79667	193.37
413	81546	197.45
414	80338	194.05
415	80358	193.63
416	82212	197.62
417	81740	196.02
418	82708	197.87
419	82409	196.68
420	82894	197.37
421	83325	197.92
422	83233	197.23
423	83868	198.27
424	83906	197.89
425	85008	200.02
426	84717	198.87
427	85722	200.75
428	89987	210.25
429	87138	203.12
430	86822	201.91
431	86698	201.16
432	87942	203.57
433	87670	202.47
434	86964	200.38
435	88159	202.66
436	88510	203.00
437	88963	203.58
438	89494	204.32
439	89784	204.52
440	89908	204.34
441	90462	205.13
442	92818	210.00
443	91072	205.58
444	92260	207.79
445	93750	210.67
446	92225	206.78
447	97337	217.76
448	95804	213.85
449	94872	211.30
450	94399	209.78
451	95232	211.16
452	94513	209.10
453	94835	209.35
454	94446	208.03
455	95645	210.21
456	95998	210.52
457	96470	211.09
458	97327	212.50
459	97286	211.95
460	99813	216.98
461	99254	215.30
462	97723	211.52
463	99041	213.91
464	99642	214.75
465	98905	212.70
466	99806	214.18
467	99974	214.08
468	100367	214.46
469	101099	215.56
470	104929	223.25
471	105381	223.74
472	104070	220.49
473	105900	223.89
474	103343	218.02
475	102983	216.81
476	104042	218.58
477	104345	218.75
478	104919	219.50
479	104906	219.01
480	105677	220.16
481	105642	219.63
482	106117	220.16
483	107452	222.47
484	106057	219.13
485	107947	222.57
486	107926	222.07
487	107799	221.35
488	108652	222.65
489	109137	223.18
490	108654	221.74
491	115705	235.65
492	111274	226.17
493	110915	224.98
494	111534	225.78
495	111405	225.06
496	113678	229.19
497	112639	226.64
498	113092	227.09
499	112973	226.40
500	118999	238.00
501	113352	226.25
502	114438	227.96
503	114380	227.40
504	115595	229.36
505	115749	229.21
506	115937	229.12
507	115792	228.39
508	116986	230.29
509	117931	231.69
510	122985	241.15
511	120264	235.35
512	118226	230.91
513	119855	233.64
514	119346	232.19
515	120533	234.04
516	120279	233.10
517	121777	235.55
518	120979	233.55
519	121828	234.74
520	123199	236.92
521	123803	237.63
522	124856	239.19
523	123775	236.66
524	124562	237.71
525	125170	238.42
526	124800	237.26
527	125107	237.39
528	128207	242.82
529	126135	238.44
530	130758	246.71
531	128641	242.26
532	128606	241.74
533	128204	240.53
534	127867	239.45
535	128705	240.57
536	129570	241.74
537	129151	240.50
538	130677	242.89
539	130351	241.84
540	132136	244.70
541	131446	242.97
542	133931	247.11
543	132487	243.99
544	132774	244.07
545	133213	244.43
546	133527	244.55
547	133973	244.92
548	138363	252.49
549	136485	248.61
550	135314	246.03
551	135536	245.98
552	136625	247.51
553	147570	266.85
554	139989	252.69
555	138467	249.49
556	138132	248.44
557	138703	249.02
558	140520	251.83
559	139406	249.38
560	139645	249.37
561	140584	250.60
562	142180	252.99
563	140907	250.28
564	141753	251.34
565	142910	252.94
566	146231	258.36
567	144155	254.24
568	143738	253.06
569	146211	256.96
570	144706	253.87
571	144816	253.62
572	145592	254.53
573	145983	254.77
574	146359	254.98
575	147813	257.07
576	147542	256.15
577	148459	257.29
578	148289	256.56
579	150123	259.28
580	149217	257.27
581	149770	257.78
582	150300	258.25
583	155346	266.46
584	151201	258.91
585	151578	259.11
586	152028	259.43
587	152544	259.87
588	154537	262.82
589	153382	260.41
590	153922	260.88
591	174150	294.67
592	164915	278.57
593	157071	264.88
594	159508	268.53
595	157135	264.09
596	160108	268.64
597	160554	268.93
598	159808	267.24
599	158830	265.16
600	164472	274.12
601	160977	267.85
602	160426	266.49
603	161241	267.40
604	161340	267.12
605	162546	268.67
606	169711	280.05
607	162675	268.00
608	162862	267.87
609	163821	269.00
610	164608	269.85
611	165218	270.41
612	165028	269.65
613	168402	274.72
614	167481	272.77
615	168198	273.49
616	169069	274.46
617	167163	270.93
618	168306	272.34
619	168356	271.98
620	168682	272.07
621	178084	286.77
622	170172	273.59
623	171735	275.66
624	172002	275.64
625	171423	274.28
626	171515	273.99
627	174012	277.53
628	175114	278.84
629	176245	280.20
630	175289	278.24
631	175074	277.45
632	175507	277.70
633	175256	276.87
634	177596	280.12
635	181778	286.26
636	176956	278.23
637	177822	279.16
638	177468	278.16
639	178287	279.01
640	180462	281.97
641	179547	280.10
642	182612	284.44
643	180783	281.16
644	182935	284.06
645	181540	281.46
646	181824	281.46
647	183534	283.67
648	186669	288.07
649	185574	285.94
650	184550	283.92
651	184879	283.99
652	187726	287.92
653	186311	285.32
654	186535	285.22
655	187437	286.16
656	187077	285.18
657	188277	286.57
658	189990	288.74
659	193741	293.99
660	189687	287.40
661	191278	289.38
662	196139	296.28
663	191744	289.21
664	192072	289.27
665	192689	289.76
666	194605	292.20
667	194332	291.35
668	196029	293.46
669	194824	291.22
670	194986	291.02
671	195864	291.90
672	197902	294.50
673	198066	294.30
674	206172	305.89
675	199851	296.08
676	202157	299.05
677	199351	294.46
678	198861	293.31
679	200413	295.16
680	202039	297.12
681	200726	294.75
682	202912	297.52
683	202664	296.73
684	202934	296.69
685	203559	297.17
686	223274	325.47
687	206989	301.29
688	205932	299.32
689	207071	300.54
690	400240	580.06
691	216276	312.99
692	225004	325.15
693	209374	302.13
694	208865	300.96
695	210953	303.53
696	210608	302.60
697	211205	303.02
698	211412	302.88
699	210907	301.73
700	219419	313.46
701	213485	304.54
702	219716	312.99
703	214585	305.24
704	214470	304.64
705	215620	305.84
706	219047	310.26
707	217499	307.64
708	220229	311.06
709	219723	309.91
710	221597	312.11
711	220362	309.93
712	221410	310.97
713	226228	317.29
714	227816	319.07
715	226091	316.21
716	222336	310.53
717	225588	314.63
718	221527	308.53
719	222778	309.84
720	223710	310.71
721	224602	311.51
722	227457	315.04
723	226160	312.81
724	226018	312.18
725	232851	321.17
726	226931	312.58
727	227428	312.83
728	231465	317.95
729	229536	314.86
730	228310	312.75
731	230022	314.67
732	231464	316.21
733	239709	327.02
734	233684	318.37
735	234575	319.15
736	234183	318.18
737	233745	317.16
738	235630	319.28
739	235245	318.33
740	237230	320.58
741	239766	323.57
742	236046	318.12
743	240397	323.55
744	237206	318.83
745	238289	319.85
746	239567	321.14
747	242324	324.40
748	240166	321.08
749	241598	322.56
750	241056	321.41
751	241550	321.64
752	244848	325.60
753	242867	322.53
754	243507	322.95
755	244948	324.43
756	243809	322.50
757	247258	326.63
758	245294	323.61
759	247376	325.92
760	247150	325.20
761	248445	326.47
762	250375	328.58
763	251242	329.28
764	277713	363.50
765	265579	347.16
766	251824	328.75
767	253468	330.47
768	252578	328.88
769	252671	328.57
770	254356	330.33
771	253880	329.29
772	255797	331.34
773	261360	338.11
774	255706	330.37
775	257638	332.44
776	259690	334.65
777	259776	334.33
778	258888	332.76
779	259834	333.55
780	260070	333.42
781	260471	333.51
782	265616	339.66
783	267443	341.56
784	261787	333.91
785	261689	333.36
786	264242	336.19
787	265017	336.74
788	263665	334.60
789	265689	336.74
790	265358	335.90
791	266950	337.48
792	272667	344.28
793	268162	338.16
794	270199	340.30
795	268582	337.84
796	270970	340.41
797	271462	340.60
798	270767	339.31
799	271001	339.18
800	274616	343.27
801	279928	349.47
802	275360	343.34
803	274204	341.47
804	274174	341.01
805	275555	342.30
806	277147	343.85
807	277912	344.38
808	276906	342.71
809	279093	344.99
810	284464	351.19
811	278768	343.73
812	281013	346.08
813	280540	345.07
814	280683	344.82
815	282448	346.56
816	282119	345.73
817	282634	345.94
818	284524	347.83
819	290168	354.30
820	284979	347.54
821	285292	347.49
822	286156	348.12
823	288050	350.00
824	289298	351.09
825	288285	349.44
826	289411	350.38
827	292694	353.92
828	292029	352.69
829	290773	350.75
830	291256	350.91
831	292436	351.91
832	294550	354.03
833	293532	352.38
834	294821	353.50
835	295598	354.01
836	476152	569.56
837	300835	359.42
838	297916	355.51
839	304971	363.49
840	299859	356.98
841	302314	359.47
842	300985	357.46
843	300737	356.75
844	306741	363.44
845	301569	356.89
846	303268	358.47
847	316283	373.42
848	308718	364.05
849	309137	364.12
850	308822	363.32
851	309841	364.09
852	312297	366.55
853	307158	360.09
854	308037	360.70
855	308603	360.94
856	314631	367.56
857	310515	362.33
858	311172	362.67
859	320852	373.52
860	316775	368.34
861	319747	371.37
862	320156	371.41
863	335259	388.48
864	325275	376.48
865	326870	377.88
866	321600	371.36
867	319602	368.63
868	318233	366.63
869	320017	368.26
870	319560	367.31
871	322224	369.95
872	320089	367.07
873	325386	372.72
874	321169	367.47
875	323652	369.89
876	322376	368.01
877	324917	370.49
878	325015	370.18
879	326542	371.49
880	326009	370.46
881	331041	375.76
882	327330	371.12
883	330125	373.87
884	328264	371.34
885	329639	372.47
886	332970	375.81
887	333445	375.92
888	336833	379.32
889	332577	374.10
890	333949	375.22
891	333880	374.73
892	335356	375.96
893	335095	375.25
894	336189	376.05
895	337543	377.14
896	340685	380.23
897	339107	378.05
898	342061	380.91
899	340328	378.56
900	342650	380.72
901	341250	378.75
902	344106	381.49
903	347426	384.75
904	344436	381.01
905	356835	394.29
906	345860	381.74
907	347608	383.25
908	349729	385.16
909	349148	384.10
910	349791	384.39
911	347311	381.24
912	356275	390.65
913	353899	387.62
914	352097	385.23
915	352348	385.08
916	351220	383.43
917	353915	385.95
918	353295	384.85
919	355430	386.76
920	359007	390.23
921	357353	388.01
922	359562	389.98
923	358024	387.89
924	364296	394.26
925	358186	387.23
926	362509	391.48
927	373475	402.89
928	363982	392.22
929	360628	388.19
930	362173	389.43
931	371818	399.37
932	369286	396.23
933	365328	391.56
934	370968	397.18
935	374408	400.44
936	367109	392.21
937	368107	392.86
938	370104	394.57
939	368967	392.94
940	374468	398.37
941	371576	394.87
942	372540	395.48
943	383304	406.47
944	373772	395.94
945	378496	400.52
946	376030	397.49
947	382651	404.07
948	378176	398.92
949	378253	398.58
950	376958	396.80
951	388755	408.79
952	383886	403.24
953	380620	399.39
954	380547	398.90
955	381117	399.08
956	383888	401.56
957	388309	405.76
958	384555	401.41
959	382522	398.88
960	384020	400.02
961	386804	402.50
962	387271	402.57
963	386721	401.58
964	394359	409.09
965	389973	404.12
966	389113	402.81
967	399227	412.85
968	397897	411.05
969	409817	422.93
970	398333	410.65
971	403737	415.80
972	439037	451.68
973	426576	438.41
974	426033	437.41
975	396566	406.73
976	399467	409.29
977	403170	412.66
978	402717	411.78
979	401001	409.60
980	401600	409.80
981	401597	409.38
982	402084	409.45
983	405151	412.16
984	408125	414.76
985	405376	411.55
986	408582	414.38
987	406065	411.41
988	406982	411.93
989	407256	411.79
990	413687	417.87
991	408913	412.63
992	411115	414.43
993	411963	414.87
994	411603	414.09
995	411299	413.37
996	417967	419.65
997	413006	414.25
998	414259	415.09
999	415592	416.01
1000	420121	420.12
1001	416955	416.54
1002	422770	421.93
1003	421275	420.01
1004	418920	417.25
1005	422395	420.29
1006	422509	419.99
1007	424155	421.21
1008	426239	422.86
1009	424391	420.61
1010	425269	421.06
1011	439074	434.30
1012	426306	421.25
1013	426293	420.82
1014	431513	425.56
1015	428953	422.61
1016	434988	428.14
1017	430272	423.08
1018	430411	422.80
1019	432085	424.03
1020	433933	425.42
1021	433365	424.45
1022	437761	428.34
1023	438472	428.61
1024	435003	424.81
1025	441062	430.30
1026	437592	426.50
1027	438341	426.82
1028	444975	432.86
1029	438834	426.47
1030	441650	428.79
1031	442764	429.45
1032	442572	428.85
1033	444813	430.60
1034	446166	431.50
1035	444307	429.28
1036	446132	430.63
1037	447308	431.35
1038	445882	429.56
1039	450001	433.11
1040	448599	431.35
1041	448348	430.69
1042	449437	431.32
1043	453082	434.40
1044	461416	441.97
1045	453629	434.09
1046	454215	434.24
1047	462705	441.93
1048	455506	434.64
1049	457269	435.91
1050	457085	435.32
1051	456556	434.40
1052	463027	440.14
1053	457910	434.86
1054	462478	438.78
1055	460550	436.54
1056	463721	439.13
1057	467656	442.44
1058	464216	438.77
1059	465895	439.94
1060	467146	440.70
1061	730859	688.84
1062	531990	500.93
1063	529526	498.14
1064	528359	496.58
1065	535843	503.14
1066	532135	499.19
1067	533467	499.97
1068	532949	499.02
1069	538028	503.30
1070	538018	502.82
1071	536132	500.59
1072	536599	500.56
1073	536917	500.39
1074	541384	504.08
1075	541955	504.14
1076	544062	505.63
1077	541901	503.16
1078	543555	504.23
1079	547050	507.00
1080	543641	503.37
1081	545963	505.05
1082	561443	518.89
1083	547598	505.63
1084	546556	504.20
1085	551864	508.63
1086	551955	508.25
1087	553116	508.85
1088	490998	451.28
1089	491260	451.11
1090	494558	453.72
1091	495479	454.15
1092	500321	458.17
1093	497126	454.83
1094	496286	453.64
1095	501247	457.76
1096	497229	453.68
1097	498337	454.27
1098	500270	455.62
1099	500091	455.04
1100	503240	457.49
1101	502346	456.26
1102	508237	461.20
1103	502178	455.28
1104	502724	455.37
1105	506320	458.21
1106	505297	456.87
1107	511831	462.36
1108	506340	456.99
1109	507366	457.50
1110	509503	459.01
1111	511022	459.97
1112	514285	462.49
1113	514592	462.35
1114	513831	461.25
1115	513649	460.67
1116	512950	459.63
1117	518935	464.58
1118	520128	465.23
1119	517421	462.40
1120	519487	463.83
1121	519389	463.33
1122	533327	475.34
1123	527350	469.59
1124	523517	465.76
1125	523048	464.93
1126	526473	467.56
1127	523896	464.86
1128	526743	466.97
1129	533077	472.17
1130	528586	467.78
1131	537741	475.46
1132	532307	470.24
1133	537566	474.46
1134	533515	470.47
1135	538267	474.24
1136	541448	476.63
1137	535170	470.69
1138	534152	469.38
1139	538236	472.55
1140	543442	476.70
1141	536628	470.31
1142	540439	473.24
1143	538263	470.92
1144	542257	474.00
1145	546366	477.18
1146	541419	472.44
1147	544716	474.90
1148	544634	474.42
1149	545693	474.93
1150	548327	476.81
1151	548318	476.38
1152	547062	474.88
1153	547825	475.13
1154	555504	481.37
1155	550212	476.37
1156	550498	476.21
1157	551038	476.26
1158	554993	479.27
1159	552452	476.66
1160	553246	476.94
1161	555339	478.33
1162	559509	481.51
1163	566675	487.25
1164	561866	482.70
1165	558574	479.46
1166	559178	479.57
1167	566100	485.09
1168	562970	481.99
1169	562807	481.44
1170	563368	481.51
1171	568468	485.46
1172	567410	484.14
1173	567322	483.65
1174	567651	483.52
1175	569135	484.37
1176	571439	485.92
1177	570858	485.01
1178	569087	483.10
1179	573693	486.59
1180	576264	488.36
1181	575206	487.05
1182	575291	486.71
1183	573291	484.61
1184	577240	487.53
1185	581450	490.68
1186	578299	487.60
1187	580101	488.71
1188	580566	488.69
1189	585174	492.16
1190	585833	492.30
1191	589747	495.17
1192	583639	489.63
1193	587583	492.53
1194	584165	489.25
1195	587982	492.04
1196	586144	490.09
1197	588559	491.70
1198	592286	494.40
1199	588893	491.15
1200	590807	492.34
1201	592261	493.14
1202	617408	513.65
1203	599383	498.24
1204	597967	496.65
1205	608814	505.24
1206	597146	495.15
1207	600617	497.61
1208	597265	494.42
1209	605043	500.45
1210	600070	495.93
1211	605018	499.60
1212	601819	496.55
1213	610732	503.49
1214	603335	496.98
1215	607574	500.06
1216	604770	497.34
1217	608787	500.24
1218	606664	498.08
1219	610597	500.90
1220	609881	499.90
1221	614892	503.60
1222	616374	504.40
1223	614741	502.65
1224	613870	501.53
1225	618569	504.95
1226	616209	502.62
1227	616057	502.08
1228	627975	511.38
1229	620813	505.14
1230	621222	505.06
1231	621139	504.58
1232	622787	505.51
1233	625823	507.56
1234	622696	504.62
1235	626107	506.97
1236	624775	505.48
1237	634710	513.10
1238	627368	506.76
1239	627255	506.26
1240	627012	505.65
1241	661626	533.14
1242	652037	524.99
1243	648080	521.38
1244	629040	505.66
1245	643636	516.98
1246	637729	511.82
1247	637426	511.17
1248	634844	508.69
1249	643627	515.31
1250	637093	509.67
1251	646205	516.55
1252	665176	531.29
1253	681538	543.92
1254	640850	511.04
1255	643646	512.87
1256	843800	671.82
1257	652740	519.28
1258	651664	518.02
1259	654830	520.12
1260	647615	513.98
1261	656460	520.59
1262	664635	526.65
1263	655019	518.62
1264	653396	516.93
1265	662250	523.52
1266	664162	524.61
1267	660632	521.41
1268	657099	518.22
1269	655820	516.80
1270	661814	521.11
1271	656572	516.58
1272	661284	519.88
1273	658723	517.46
1274	667027	523.57
1275	661114	518.52
1276	664042	520.41
1277	662269	518.61
1278	670533	524.67
1279	664499	519.55
1280	666532	520.73
1281	672537	525.01
1282	668786	521.67
1283	671220	523.16
1284	669172	521.16
1285	676180	526.21
1286	670754	521.58
1287	673580	523.37
1288	672564	522.18
1289	678026	526.01
1290	675653	523.76
1291	682798	528.89
1292	677425	524.32
1293	685278	529.99
1294	679830	525.37
1295	679501	524.71
1296	684646	528.28
1297	682550	526.25
1298	684002	526.97
1299	685089	527.40
1300	691295	531.77
1301	685233	526.70
1302	691062	530.77
1303	690872	530.22
1304	711808	545.87
1305	696858	533.99
1306	703396	538.59
1307	705241	539.59
1308	696252	532.30
1309	711199	543.31
1310	698859	533.48
1311	700676	534.46
1312	707644	539.36
1313	709802	540.60
1314	707758	538.63
1315	701903	533.77
1316	708563	538.42
1317	704469	534.90
1318	709086	538.00
1319	707967	536.75
1320	714776	541.50
1321	710946	538.19
1322	711354	538.09
1323	712404	538.48
1324	774932	585.30
1325	723861	546.31
1326	712790	537.55
1327	714434	538.38
1328	719199	541.57
1329	713695	537.02
1330	719945	541.31
1331	717405	539.00
1332	721845	541.93
1333	720684	540.65
1334	719740	539.54
1335	724284	542.53
1336	722055	540.46
1337	724879	542.17
1338	724645	541.59
1339	728077	543.75
1340	728585	543.72
1341	726836	542.01
1342	731398	545.01
1343	738904	550.19
1344	735802	547.47
1345	731380	543.78
1346	735806	546.66
1347	740308	549.60
1348	734624	544.97
1349	738914	547.75
1350	740416	548.46
1351	739283	547.21
1352	739168	546.72
1353	740308	547.16
1354	745933	550.91
1355	741851	547.49
1356	744250	548.86
1357	749223	552.12
1358	744500	548.23
1359	748481	550.76
1360	746754	549.08
1361	753519	553.65
1362	753896	553.52
1363	751548	551.39
1364	753565	552.47
1365	752709	551.44
1366	754937	552.66
1367	759639	555.70
1368	759367	555.09
1369	765794	559.38
1370	768959	561.28
1371	758695	553.39
1372	765506	557.95
1373	767158	558.75
1374	766316	557.73
1375	769379	559.55
1376	764900	555.89
1377	785520	570.46
1378	794966	576.90
1379	771653	559.57
1380	771578	559.11
1381	778165	563.48
1382	773749	559.88
1383	775290	560.59
1384	774278	559.45
1385	777237	561.18
1386	776103	559.96
1387	780372	562.63
1388	781572	563.09
1389	802489	577.75
1390	791050	569.10
1391	786898	565.71
1392	800623	575.16
1393	792782	569.12
1394	785165	563.25
1395	799954	573.44
1396	806841	577.97
1397	801164	573.49
1398	796491	569.74
1399	796894	569.62
1400	810439	578.88
1401	802331	572.68
1402	802451	572.36
1403	806588	574.90
1404	799765	569.63
1405	802313	571.04
1406	807449	574.29
1407	805644	572.60
1408	798224	566.92
1409	811828	576.17
1410	808019	573.06
1411	817655	579.49
1412	812333	575.31
1413	804881	569.63
1414	820151	580.02
1415	817258	577.57
1416	810354	572.28
1417	813269	573.94
1418	818625	577.31
1419	820003	577.87
1420	812773	572.38
1421	821453	578.08
1422	816487	574.18
1423	820640	576.70
1424	817437	574.04
1425	822340	577.08
1426	825445	578.85
1427	823367	576.99
1428	829428	580.83
1429	828999	580.13
1430	826515	577.98
1431	828325	578.84
1432	837467	584.82
1433	827061	577.15
1434	832761	580.73
1435	836881	583.19
1436	833160	580.19
1437	836218	581.92
1438	839629	583.89
1439	836418	581.25
1440	836603	580.97
1441	840613	583.35
1442	848070	588.12
1443	838335	580.97
1444	850036	588.67
1445	842233	582.86
1446	845158	584.48
1447	853849	590.08
1448	846565	584.64
1449	849645	586.37
1450	857267	591.22
1451	848381	584.69
1452	848884	584.63
1453	855469	588.76
1454	855721	588.53
1455	854853	587.53
1456	860355	590.90
1457	874088	599.92
1458	857749	588.31
1459	866948	594.21
1460	863107	591.17
1461	862754	590.52
1462	869659	594.84
1463	866008	591.94
1464	1028198	702.32
1465	867972	592.47
1466	1011379	689.89
1467	876721	597.63
1468	871527	593.68
1469	878532	598.05
1470	885893	602.65
1471	876731	596.01
1472	888203	603.40
1473	876789	595.24
1474	887771	602.29
1475	886077	600.73
1476	885640	600.03
1477	902450	611.00
1478	892075	603.57
1479	886775	599.58
1480	896325	605.62
1481	891988	602.29
1482	890913	601.16
1483	887515	598.46
1484	894051	602.46
1485	898165	604.82
1486	892675	600.72
1487	904371	608.18
1488	906037	608.90
1489	898972	603.74
1490	903824	606.59
1491	897746	602.11
1492	910868	610.50
1493	900400	603.08
1494	903406	604.69
1495	906841	606.58
1496	903481	603.93
1497	907883	606.47
1498	913356	609.72
1499	907872	605.65
1500	913858	609.24
1501	909154	605.70
1502	915025	609.20
1503	916496	609.78
1504	913131	607.13
1505	917790	609.83
1506	919738	610.72
1507	919901	610.42
1508	919538	609.77
1509	935858	620.18
1510	935756	619.71
1511	925966	612.82
1512	927022	613.11
1513	928194	613.48
1514	928548	613.31
1515	930069	613.91
1516	946700	624.47
1517	926753	610.91
1518	924365	608.94
1519	930708	612.71
1520	927927	610.48
1521	929303	610.98
1522	932536	612.70
1523	931395	611.55
1524	934905	613.45
1525	931632	610.91
1526	936273	613.55
1527	938200	614.41
1528	935773	612.42
1529	939170	614.24
1530	971454	634.94
1531	981337	640.98
1532	954761	623.21
1533	955995	623.61
1534	958481	624.82
1535	968798	631.14
1536	960524	625.34
1537	963469	626.85
1538	960292	624.38
1539	975218	633.67
1540	967089	627.98
1541	971241	630.27
1542	968419	628.03
1543	956457	619.87
1544	959050	621.15
1545	965135	624.68
1546	963134	622.98
1547	966879	625.00
1548	965958	624.00
1549	965129	623.07
1550	967567	624.24
1551	971293	626.24
1552	973872	627.49
1553	973689	626.97
1554	984439	633.49
1555	974779	626.87
1556	983356	631.98
1557	979159	628.88
1558	981903	630.23
1559	979184	628.08
1560	979198	627.69
1561	979410	627.42
1562	976270	625.01
1563	981945	628.24
1564	980803	627.11
1565	981312	627.04
1566	983285	627.90
1567	986959	629.84
1568	991589	632.39
1569	995217	634.30
1570	996651	634.81
1571	995419	633.62
1572	1000371	636.37
1573	1001862	636.91
1574	998088	634.11
1575	996641	632.79
1576	994359	630.94
1577	996724	632.04
1578	1002896	635.55
1579	998651	632.46
1580	1002134	634.26
1581	999281	632.06
1582	1003550	634.36
1583	1017206	642.58
1584	1007786	636.23
1585	1013020	639.13
1586	1006614	634.69
1587	1011936	637.64
1588	1021225	643.09
1589	1026132	645.77
1590	1018302	640.44
1591	1110211	697.81
1592	1087424	683.06
1593	1057791	664.02
1594	1043714	654.78
1595	1035791	649.40
1596	1027041	643.51
1597	1022259	640.11
1598	1024852	641.33
1599	1025377	641.26
1600	1031454	644.66
1601	1029914	643.29
1602	1028899	642.26
1603	1034197	645.16
1604	1029910	642.09
1605	1033916	644.18
1606	1031207	642.10
1607	1034533	643.77
1608	1043623	649.02
1609	1051680	653.62
1610	1044943	649.03
1611	1041756	646.65
1612	1045639	648.66
1613	1047078	649.15
1614	1046303	648.27
1615	1042904	645.76
1616	1048222	648.65
1617	1049245	648.88
1618	1049266	648.50
1619	1057237	653.02
1620	1052862	649.91
1621	1051726	648.81
1622	1057526	651.99
1623	1055672	650.44
1624	1058092	651.53
1625	1087281	669.10
1626	1108803	681.92
1627	1062291	652.91
1628	1213333	745.29
1629	1068311	655.81
1630	1088943	668.06
1631	1070532	656.37
1632	1095397	671.20
1633	1069312	654.81
1634	1076655	658.91
1635	1080252	660.70
1636	1077810	658.81
1637	1091815	666.96
1638	1128202	688.77
1639	1080458	659.22
1640	1077629	657.09
1641	1086737	662.24
1642	1080675	658.15
1643	1087621	661.97
1644	1080436	657.20
1645	1084672	659.38
1646	1086987	660.38
1647	1090587	662.17
1648	1092835	663.13
1649	1090679	661.42
1650	1093365	662.65
1651	1091236	660.95
1652	1099293	665.43
1653	1094949	662.40
1654	1096970	663.22
1655	1098511	663.75
1656	1098253	663.20
1657	1104743	666.71
1658	1098729	662.68
1659	1105884	666.60
1660	1317033	793.39
1661	1107654	666.86
1662	1116140	671.56
1663	1108224	666.40
1664	1114200	669.59
1665	1117843	671.38
1666	1118113	671.14
1667	1118618	671.04
1668	1131743	678.50
1669	1118654	670.25
1670	1118591	669.81
1671	1124926	673.21
1672	1120598	670.21
1673	1120045	669.48
1674	1119201	668.58
1675	1121085	669.30
1676	1126662	672.23
1677	1126007	671.44
1678	1129495	673.12
1679	1128320	672.02
1680	1141032	679.19
1681	1128833	671.52
1682	1135632	675.17
1683	1133479	673.49
1684	1132605	672.57
1685	1136962	674.75
1686	1135089	673.24
1687	1139787	675.63
1688	1136843	673.49
1689	1142608	676.50
1690	1140733	674.99
1691	1146859	678.21
1692	1143785	676.00
1693	1157134	683.48
1694	1156357	682.62
1695	1151850	679.56
1696	1347069	794.26
1697	1154952	680.58
1698	1161194	683.86
1699	1165863	686.21
1700	1171433	689.08
1701	1165969	685.46
1702	1162572	683.06
1703	1166657	685.06
1704	1210000	710.09
1705	1187777	696.64
1706	1166330	683.66
1707	1164427	682.15
1708	1172378	686.40
1709	1168276	683.60
1710	1171558	685.12
1711	1173859	686.07
1712	1178333	688.28
1713	1173513	685.06
1714	1178806	687.75
1715	1177402	686.53
1716	1182285	688.98
1717	1180596	687.59
1718	1184186	689.28
1719	1182443	687.87
1720	1187710	690.53
1721	1183451	687.65
1722	1183685	687.39
1723	1187860	689.41
1724	1190441	690.51
1725	1194101	692.23
1726	1192543	690.93
1727	1194929	691.91
1728	1195050	691.58
1729	1211309	700.58
1730	1198830	692.97
1731	1216391	702.71
1732	1221366	705.18
1733	1205923	695.86
1734	1201128	692.69
1735	1205515	694.82
1736	1217529	701.34
1737	1205583	694.06
1738	1211398	697.01
1739	1205289	693.09
1740	1210888	695.91
1741	1210246	695.14
1742	1214603	697.25
1743	1210227	694.34
1744	1214429	696.35
1745	1233168	706.69
1746	1219502	698.45
1747	1228682	703.31
1748	1224129	700.30
1749	1234690	705.94
1750	1234918	705.67
1751	1224708	699.43
1752	1229100	701.54
1753	1235931	705.04
1754	1231450	702.08
1755	1235792	704.15
1756	1243597	708.20
1757	1259454	716.82
1758	1237458	703.90
1759	1235182	702.21
1760	1234923	701.66
1761	1240019	704.16
1762	1267726	719.48
1763	1239724	703.19
1764	1247185	707.02
1765	1253511	710.20
1766	1249050	707.28
1767	1260476	713.34
1768	1250225	707.14
1769	1255672	709.82
1770	1251940	707.31
1771	1257552	710.08
1772	1251657	706.35
1773	1257572	709.29
1774	1257444	708.82
1775	1258901	709.24
1776	1256603	707.55
1777	1262842	710.66
1778	1273276	716.13
1779	1322154	743.20
1780	1271199	714.16
1781	1273633	715.12
1782	1267985	711.55
1783	1271630	713.20
1784	1270543	712.19
1785	1273945	713.69
1786	1272156	712.29
1787	1277798	715.05
1788	1274503	712.81
1789	1281197	716.15
1790	1276451	713.10
1791	1283481	716.63
1792	1280123	714.35
1793	1293667	721.51
1794	1290439	719.31
1795	1297933	723.08
1796	1288639	717.51
1797	1301099	724.04
1798	1290764	717.89
1799	1302262	723.88
1800	1299336	721.85
1801	1299001	721.27
1802	1297661	720.12
1803	1301501	721.85
1804	1300120	720.69
1805	1301018	720.79
1806	1309290	724.97
1807	1300496	719.70
1808	1305730	722.20
1809	1330845	735.68
1810	1309035	723.22
1811	1312082	724.51
1812	1308917	722.36
1813	1313107	724.27
1814	1309427	721.85
1815	1315331	724.70
1816	1313075	723.06
1817	1317836	725.28
1818	1316724	724.27
1819	1319041	725.15
1820	1317884	724.11
1821	1321706	725.81
1822	1439075	789.83
1823	1319785	723.96
1824	1325458	726.68
1825	1326465	726.83
1826	1335514	731.39
1827	1361340	745.12
1828	1370702	749.84
1829	1351653	739.01
1830	1340804	732.68
1831	1342535	733.23
1832	1346310	734.89
1833	1343283	732.83
1834	1347369	734.66
1835	1347440	734.30
1836	1348957	734.73
1837	1360906	740.83
1838	1346272	732.47
1839	1358051	738.47
1840	1356333	737.14
1841	1355080	736.06
1842	1354507	735.35
1843	1361513	738.75
1844	1367817	741.77
1845	1404192	761.08
1846	1422438	770.55
1847	1367202	740.23
1848	1366826	739.62
1849	1362382	736.82
1850	1374016	742.71
1851	1374589	742.62
1852	1384606	747.63
1853	1392924	751.71
1854	1376176	742.27
1855	1374038	740.72
1856	1376764	741.79
1857	1381332	743.85
1858	1384976	745.41
1859	1385453	745.27
1860	1405618	755.71
1861	1400021	752.30
1862	1385740	744.22
1863	1381577	741.59
1864	1384763	742.90
1865	1383759	741.96
1866	1390306	745.07
1867	1401083	750.45
1868	1391219	744.76
1869	1392880	745.25
1870	1390590	743.63
1871	1393300	744.68
1872	1392425	743.82
1873	1396047	745.35
1874	1393118	743.39
1875	1457246	777.20
1876	1403360	748.06
1877	1407032	749.62
1878	1402930	747.03
1879	1408579	749.64
1880	1406412	748.09
1881	1415182	752.36
1882	1427381	758.44
1883	1424644	756.58
1884	1438108	763.33
1885	1425693	756.34
1886	1421200	753.55
1887	1420401	752.73
1888	1423953	754.21
1889	1422415	753.00
1890	1423086	752.96
1891	1424733	753.43
1892	1424423	752.87
1893	1429094	754.94
1894	1429391	754.69
1895	1429832	754.53
1896	1430279	754.37
1897	1436604	757.30
1898	1432193	754.58
1899	1441487	759.08
1900	1445536	760.81
1901	1443106	759.13
1902	1447476	761.03
1903	1440704	757.07
1904	1442939	757.85
1905	1439406	755.59
1906	1449352	760.42
1907	1477594	774.83
1908	1454037	762.07
1909	1479598	775.06
1910	1459463	764.12
1911	1460671	764.35
1912	1468554	768.07
1913	1451306	758.65
1914	1458633	762.09
1915	1459228	762.00
1916	1454881	759.33
1917	1463609	763.49
1918	1460408	761.42
1919	1463885	762.84
1920	1461393	761.14
1921	1473987	767.30
1922	1480974	770.54
1923	1466391	762.55
1924	1472494	765.33
1925	1469469	763.36
1926	1483105	770.04
1927	1476382	766.16
1928	1478346	766.78
1929	1480712	767.61
1930	1477197	765.39
1931	1482121	767.54
1932	1481197	766.67
1933	1488966	770.29
1934	1689066	873.35
1935	1487647	768.81
1936	1498472	774.00
1937	1520121	784.78
1938	1524812	786.80
1939	1496524	771.80
1940	1512041	779.40
1941	1512480	779.23
1942	1502252	773.56
1943	1497332	770.63
1944	1501862	772.56
1945	1503917	773.22
1946	1505016	773.39
1947	1506105	773.55
1948	1507068	773.65
1949	1512202	775.89
1950	1506451	772.54
1951	1513849	775.93
1952	1516685	776.99
1953	1512042	774.22
1954	1517546	776.64
1955	1513146	773.99
1956	1519096	776.63
1957	1521462	777.45
1958	1518901	775.74
1959	1533218	782.65
1960	1542121	786.80
1961	1543330	787.01
1962	1541101	785.47
1963	1538321	783.66
1964	1535126	781.63
1965	1558247	793.00
1966	1542120	784.39
1967	1581833	804.19
1968	1541186	783.12
1969	1538545	781.38
1970	1546271	784.91
1971	1542424	782.56
1972	1539050	780.45
1973	1545432	783.29
1974	1562591	791.59
1975	1542058	780.79
1976	1555134	787.01
1977	1550509	784.27
1978	1553927	785.61
1979	1553302	784.89
1980	1553606	784.65
1981	1563205	789.10
1982	1558670	786.41
1983	1562437	787.92
1984	1561833	787.21
1985	1564081	787.95
1986	1577093	794.11
1987	1568812	789.54
1988	1571054	790.27
1989	1594471	801.64
1990	1589375	798.68
1991	1575286	791.20
1992	1579644	792.99
1993	1583068	794.31
1994	1576734	790.74
1995	1581305	792.63
1996	1582573	792.87
1997	1585825	794.10
1998	1586435	794.01
1999	1589456	795.13
2000	1600241	800.12
2001	1592608	795.91
2002	1596673	797.54
2003	1601236	799.42
2004	1596126	796.47
2005	1594669	795.35
2006	1599991	797.60
2007	1598256	796.34
2008	1603683	798.65
2009	1617408	805.08
2010	1622359	807.14
2011	1652928	821.94
2012	1625029	807.67
2013	1623898	806.71
2014	1646141	817.35
2015	1663985	825.80
2016	1624201	805.66
2017	1624288	805.30
2018	1628889	807.18
2019	1618972	801.87
2020	1617487	800.74
2021	1619712	801.44
2022	1624058	803.19
2023	1636639	809.02
2024	1628788	804.74
2025	1630159	805.02
2026	1635360	807.19
2027	1635774	806.99
2028	1631966	804.72
2029	1635312	805.97
2030	1639137	807.46
2031	1646197	810.54
2032	1636509	805.37
2033	1641355	807.36
2034	1651782	812.09
2035	1643349	807.54
2036	1640615	805.80
2037	1655071	812.50
2038	1706932	837.55
2039	1661409	814.82
2040	1663422	815.40
2041	1654287	810.53
2042	1658318	812.10
2043	1669187	817.03
2044	1666946	815.53
2045	1670224	816.74
2046	1670229	816.34
2047	1665396	813.58
2048	1668024	814.46
2049	1672740	816.37
2050	1672964	816.08
2051	1676883	817.59
2052	1708524	832.61
2053	1712803	834.29
2054	1679162	817.51
2055	1684888	819.90
2056	1694786	824.31
2057	1682272	817.83
2058	1723880	837.65
2059	1722157	836.40
2060	1724245	837.01
2061	1695465	822.64
2062	1694850	821.94
2063	1702876	825.44
2064	1692805	820.16
2065	1689222	818.03
2066	1693104	819.51
2067	1695429	820.24
2068	1691719	818.05
2069	1696864	820.14
2070	1702376	822.40
2071	1714290	827.76
2072	1705205	822.98
2073	1709395	824.60
2074	1708877	823.95
2075	1706558	822.44
2076	1705301	821.44
2077	1709528	823.08
2078	1711274	823.52
2079	1712623	823.77
2080	1725742	829.68
2081	1721562	827.28
2082	1720636	826.43
2083	1727000	829.09
2084	1726200	828.31
2085	1730814	830.13
2086	1820137	872.55
2087	1735405	831.53
2088	1729132	828.13
2089	1729543	827.93
2090	1734095	829.71
2091	1734173	829.35
2092	1735859	829.76
2093	1735678	829.28
2094	1733390	827.79
2095	1739779	830.44
2096	1739256	829.80
2097	1737084	828.37
2098	1745465	831.97
2099	1744846	831.27
2100	1750271	833.46
2101	1749757	832.82
2102	1753295	834.11
2103	1760441	837.11
2104	1769743	841.13
2105	1769376	840.56
2106	1758188	834.85
2107	1826066	866.67
2108	1784642	846.60
2109	1766371	837.54
2110	1765390	836.68
2111	1770692	838.79
2112	1771220	838.65
2113	1772623	838.91
2114	1773900	839.12
2115	1774446	838.98
2116	1805696	853.35
2117	1797842	849.24
2118	1797467	848.66
2119	1783136	841.50
2120	1783558	841.30
2121	1788795	843.37
2122	1796953	846.82
2123	1782910	839.81
2124	1794213	844.73
2125	1799184	846.67
2126	1804726	848.88
2127	1797551	845.11
2128	1803516	847.52
2129	1801132	846.00
2130	1810606	850.05
2131	1801579	845.41
2132	1804594	846.43
2133	1797450	842.69
2134	1802285	844.56
2135	1799651	842.93
2136	1803108	844.15
2137	1805469	844.86
2138	1805985	844.71
2139	1817740	849.81
2140	1810997	846.26
2141	1813312	846.95
2142	1815324	847.49
2143	1811564	845.34
2144	1819225	848.52
2145	1818069	847.58
2146	1820648	848.39
2147	1821723	848.50
2148	1836819	855.13
2149	1828570	850.89
2150	1841702	856.61
2151	1885552	876.59
2152	1837990	854.08
2153	1832244	851.02
2154	1837429	853.03
2155	1838826	853.28
2156	1836493	851.81
2157	1841248	853.62
2158	1836399	850.97
2159	1852064	857.83
2160	1843679	853.56
2161	1850200	856.18
2162	1849124	855.28
2163	1849608	855.11
2164	1849545	854.69
2165	1847958	853.56
2166	1857594	857.61
2167	1855838	856.41
2168	1859132	857.53
2169	2047018	943.76
2170	1864819	859.36
2171	1868205	860.53
2172	1871666	861.72
2173	1864688	858.12
2174	1878336	864.00
2175	1871575	860.49
2176	1871626	860.12
2177	1870909	859.40
2178	1875290	861.01
2179	1874996	860.48
2180	1876208	860.65
2181	1876079	860.19
2182	1886887	864.75
2183	1884044	863.05
2184	1884832	863.02
2185	1885623	862.99
2186	1886442	862.97
2187	1888095	863.33
2188	1892149	864.78
2189	1892391	864.50
2190	2121135	968.55
2191	2142556	977.89
2192	1904474	868.83
2193	1958059	892.87
2194	2144704	977.53
2195	1922164	875.70
2196	1911806	870.59
2197	1916923	872.52
2198	1921730	874.31
2199	1922348	874.19
2200	1915437	870.65
2201	1951811	886.78
2202	1922865	873.24
2203	1934492	878.12
2204	1924242	873.07
2205	1932093	876.23
2206	1936449	877.81
2207	1933016	875.86
2208	1939288	878.30
2209	1935557	876.21
2210	1938326	877.07
2211	2042845	923.95
2212	2023325	914.70
2213	1941400	877.27
2214	1944860	878.44
2215	1943114	877.25
2216	1946510	878.39
2217	1941283	875.64
2218	1951307	879.76
2219	1949500	878.55
2220	1951500	879.05
2221	1954009	879.79
2222	1947753	876.58
2223	1952442	878.29
2224	1955304	879.18
2225	1964075	882.73
2226	1962078	881.44
2227	1957734	879.09
2228	1959673	879.57
2229	1964116	881.16
2230	1963678	880.57
2231	2167846	971.69
2232	1978652	886.49
2233	1971701	882.98
2234	2002080	896.19
2235	1974185	883.30
2236	1977854	884.55
2237	1969880	880.59
2238	1982212	885.71
2239	1981042	884.79
2240	1983182	885.35
2241	1991998	888.89
2242	1981873	883.98
2243	1988534	886.55
2244	1993030	888.16
2245	2007410	894.17
2246	1988457	885.33
2247	1993615	887.23
2248	2000148	889.75
2249	1998735	888.72
2250	2015935	895.97
2251	2001950	889.36
2252	2009409	892.28
2253	2012184	893.11
2254	2011730	892.52
2255	2010821	891.72
2256	2007211	889.72
2257	2010714	890.88
2258	2008522	889.51
2259	2015839	892.36
2260	2014208	891.24
2261	2015782	891.54
2262	2028764	896.89
2263	2018629	892.01
2264	2021490	892.88
2265	2024321	893.74
2266	2020926	891.85
2267	2029612	895.29
2268	2029698	894.93
2269	2037206	897.84
2270	2049096	902.69
2271	2071066	911.96
2272	2067359	909.93
2273	2054428	903.84
2274	2046343	899.89
2275	2050961	901.52
2276	2041779	897.09
2277	2052722	901.50
2278	2049855	899.85
2279	2050676	899.81
2280	2069034	907.47
2281	2059604	902.94
2282	2060203	902.81
2283	2051635	898.66
2284	2059219	901.58
2285	2059071	901.13
2286	2063548	902.69
2287	2061733	901.50
2288	2060821	900.71
2289	2088472	912.39
2290	2073607	905.51
2291	2135483	932.12
2292	2079802	907.42
2293	2095561	913.89
2294	2096105	913.73
2295	2081531	906.99
2296	2085998	908.54
2297	2081407	906.14
2298	2083632	906.72
2299	2089345	908.81
2300	2128126	925.27
2301	2113088	918.33
2302	2095931	910.48
2303	2094964	909.67
2304	2099787	911.37
2305	2097442	909.95
2306	2102231	911.64
2307	2290438	992.82
2308	2113216	915.60
2309	2105920	912.05
2310	2125968	920.33
2311	2167570	937.94
2312	2114649	914.64
2313	2112779	913.44
2314	2115035	914.02
2315	2122504	916.85
2316	2117294	914.20
2317	2119463	914.74
2318	2134527	920.85
2319	2125538	916.58
2320	2123482	915.29
2321	2126211	916.08
2322	2124391	914.90
2323	2127045	915.65
2324	2138246	920.07
2325	2134937	918.25
2326	2315380	995.43
2327	2141293	920.19
2328	2139187	918.89
2329	2170870	932.10
2330	2156101	925.37
2331	2155326	924.64
2332	2150323	922.09
2333	2145891	919.80
2334	2154476	923.08
2335	2152184	921.71
2336	2145764	918.56
2337	2153746	921.59
2338	2154355	921.45
2339	2156497	921.97
2340	2157563	922.04
2341	2159522	922.48
2342	2159708	922.16
2343	2158432	921.23
2344	2166983	924.48
2345	2176442	928.12
2346	2173948	926.66
2347	2173629	926.13
2348	2215785	943.69
2349	2186960	931.02
2350	2188374	931.22
2351	2182223	928.21
2352	2186701	929.72
2353	2191393	931.32
2354	2207841	937.91
2355	2188465	929.28
2356	2191466	930.16
2357	2185258	927.14
2358	2190948	929.16
2359	2193581	929.88
2360	2192498	929.02
2361	2196580	930.36
2362	2399372	1015.82
2363	2201952	931.85
2364	2218045	938.26
2365	2210589	934.71
2366	2208437	933.41
2367	2211605	934.35
2368	2209616	933.11
2369	2211071	933.34
2370	2209445	932.26
2371	2214434	933.97
2372	2214884	933.76
2373	2225797	937.97
2374	2218807	934.63
2375	2218971	934.30
2376	2223833	935.96
2377	2223518	935.43
2378	2226521	936.30
2379	2227398	936.27
2380	2236122	939.55
2381	2235152	938.75
2382	2232183	937.10
2383	2239759	939.89
2384	2237444	938.53
2385	2239879	939.15
2386	2232872	935.82
2387	2241242	938.94
2388	2242443	939.05
2389	2245319	939.86
2390	2272331	950.77
2391	2256251	943.64
2392	2252079	941.50
2393	2255092	942.37
2394	2255111	941.98
2395	2261939	944.44
2396	2266051	945.76
2397	2259612	942.68
2398	2278585	950.20
2399	2270910	946.61
2400	2294893	956.21
2401	2290548	954.00
2402	2292648	954.47
2403	2285024	950.90
2404	2282638	949.52
2405	2288575	951.59
2406	2301761	956.68
2407	2297851	954.65
2408	2291244	951.51
2409	2294718	952.56
2410	2297336	953.25
2411	2295651	952.16
2412	2308260	956.99
2413	2297388	952.09
2414	2290791	948.96
2415	2304793	954.37
2416	2657970	1100.15
2417	2489151	1029.85
2418	2311311	955.88
2419	2326802	961.89
2420	2309178	954.21
2421	2323962	959.92
2422	2311700	954.46
2423	2312345	954.33
2424	2333909	962.83
2425	2317877	955.83
2426	2316176	954.73
2427	2325201	958.06
2428	2319976	955.51
2429	2321472	955.73
2430	2316501	953.29
2431	2324857	956.34
2432	2372520	975.54
2433	2350498	966.09
2434	2340118	961.43
2435	2360206	969.28
2436	2356156	967.22
2437	2344860	962.19
2438	2349910	963.87
2439	2354406	965.32
2440	2343511	960.46
2441	2340921	959.00
2442	2353379	963.71
2443	2351145	962.40
2444	2354570	963.41
2445	2357796	964.33
2446	2357302	963.74
2447	2359709	964.33
2448	2376388	970.75
2449	2366937	966.49
2450	2375555	969.61
2451	2699626	1101.44
2452	2385300	972.80
2453	2384034	971.89
2454	2381373	970.40
2455	2386319	972.02
2456	2387503	972.11
2457	2392960	973.94
2458	2391269	972.85
2459	2385328	970.04
2460	2395712	973.87
2461	2397704	974.28
2462	2389406	970.51
2463	2402615	975.48
2464	2396557	972.63
2465	2402354	974.59
2466	2407426	976.25
2467	2413236	978.21
2468	2427398	983.55
2469	2400540	972.27
2470	2403718	973.17
2471	2402302	972.20
2472	2401303	971.40
2473	2403528	971.91
2474	2405965	972.50
2475	2410434	973.91
2476	2404826	971.25
2477	2410289	973.07
2478	2410705	972.84
2479	2412955	973.36
2480	2412910	972.95
2481	2611535	1052.61
2482	2430776	979.36
2483	2433151	979.92
2484	2449084	985.94
2485	2432982	979.07
2486	2431753	978.18
2487	2433840	978.62
2488	2435486	978.89
2489	2436690	978.98
2490	2448596	983.37
2491	2435145	977.58
2492	2447335	982.08
2493	2439141	978.40
2494	2444446	980.13
2495	2442499	978.96
2496	2449396	981.33
2497	2451346	981.72
2498	2456383	983.34
2499	2459686	984.27
2500	2481644	992.66
2501	2479856	991.55
2502	2468715	986.70
2503	2474887	988.77
2504	2479419	990.18
2505	2467138	984.89
2506	2473620	987.08
2507	2489604	993.06
2508	2476070	987.27
2509	2476539	987.06
2510	2473927	985.63
2511	2482197	988.53
2512	2481251	987.76
2513	2484214	988.55
2514	2712718	1079.04
2515	2506518	996.63
2516	2510952	997.99
2517	2513345	998.55
2518	2506791	995.55
2519	2495029	990.48
2520	2495560	990.30
2521	2496358	990.23
2522	2528119	1002.43
2523	2507910	994.02
2524	2505971	992.86
2525	2509870	994.01
2526	2514782	995.56
2527	2510097	993.31
2528	2510492	993.07
2529	2528041	999.62
2530	2527009	998.82
2531	2544216	1005.22
2532	2538545	1002.58
2533	2524906	996.80
2534	2523995	996.05
2535	2530243	998.12
2536	2527668	996.71
2537	2529388	997.00
2538	2537732	999.89
2539	2542491	1001.37
2540	2537354	998.96
2541	2535477	997.83
2542	2546347	1001.71
2543	2541806	999.53
2544	2539807	998.35
2545	2590669	1017.94
2546	2574430	1011.17
2547	2581848	1013.68
2548	2566624	1007.31
2549	2565297	1006.39
2550	2566087	1006.31
2551	2563586	1004.93
2552	2561843	1003.86
2553	2570002	1006.66
2554	2568093	1005.52
2555	2567508	1004.90
2556	2574944	1007.41
2557	2570029	1005.10
2558	2580560	1008.82
2559	2590589	1012.34
2560	2822637	1102.59
2561	2591897	1012.06
2562	2618551	1022.07
2563	2596580	1013.10
2564	2595788	1012.40
2565	2600638	1013.89
2566	2594245	1011.01
2567	2596718	1011.58
2568	2595260	1010.62
2569	2652603	1032.54
2570	2638892	1026.81
2571	2606517	1013.81
2572	2609092	1014.42
2573	2599807	1010.42
2574	2602316	1011.00
2575	2615989	1015.92
2576	2610717	1013.48
2577	2628450	1019.97
2578	2628610	1019.63
2579	2617659	1014.99
2580	2614536	1013.39
2581	2622852	1016.22
2582	2623360	1016.02
2583	2711184	1049.63
2584	2635311	1019.86
2585	2626688	1016.13
2586	2640164	1020.95
2587	2636721	1019.22
2588	2633848	1017.72
2589	2637624	1018.78
2590	2650250	1023.26
2591	2830443	1092.41
2592	2659709	1026.12
2593	2658104	1025.11
2594	2655674	1023.78
2595	2663741	1026.49
2596	2657652	1023.75
2597	2666073	1026.60
2598	2670961	1028.08
2599	2672176	1028.16
2600	2681481	1031.34
2601	2663614	1024.07
2602	2672520	1027.10
2603	2681295	1030.08
2604	2674998	1027.26
2605	2682883	1029.90
2606	2675257	1026.58
2607	2683484	1029.34
2608	2690233	1031.53
2609	2676045	1025.70
2610	2679923	1026.79
2611	2680885	1026.77
2612	2680438	1026.20
2613	2715573	1039.25
2614	2697576	1031.97
2615	2689722	1028.57
2616	2691126	1028.72
2617	2694515	1029.62
2618	2691159	1027.94
2619	2718875	1038.13
2620	2718031	1037.42
2621	2714246	1035.58
2622	2751175	1049.27
2623	2736107	1043.12
2624	2722028	1037.36
2625	2719317	1035.93
2626	2710206	1032.07
2627	2719471	1035.20
2628	2717352	1034.00
2629	2718318	1033.97
2630	2717224	1033.17
2631	2728556	1037.08
2632	2721958	1034.18
2633	2723844	1034.50
2634	2872258	1090.45
2635	2756711	1046.19
2636	2735742	1037.84
2637	2741799	1039.74
2638	2735728	1037.05
2639	2731695	1035.13
2640	2733422	1035.39
2641	2733483	1035.02
2642	2752171	1041.70
2643	2737659	1035.81
2644	2745769	1038.49
2645	2743525	1037.25
2646	2757559	1042.16
2647	2759045	1042.33
2648	2750173	1038.58
2649	2870486	1083.61
2650	2776109	1047.59
2651	2765348	1043.13
2652	2775936	1046.73
2653	2764457	1042.01
2654	2771532	1044.28
2655	2770608	1043.54
2656	2766148	1041.47
2657	2774380	1044.18
2658	2790920	1050.01
2659	2779521	1045.33
2660	2777703	1044.25
2661	2785689	1046.86
2662	2838141	1066.17
2663	2803885	1052.90
2664	2804706	1052.82
2665	2836404	1064.32
2666	2810189	1054.08
2667	2804940	1051.72
2668	2805164	1051.41
2669	2896592	1085.27
2670	2810542	1052.64
2671	2805087	1050.20
2672	2805862	1050.10
2673	2804337	1049.13
2674	2814579	1052.57
2675	2815497	1052.52
2676	2828608	1057.03
2677	2848577	1064.09
2678	2831483	1057.31
2679	2844068	1061.62
2680	2821064	1052.64
2681	3037957	1133.14
2682	2842378	1059.80
2683	2824879	1052.88
2684	2824572	1052.37
2685	2833956	1055.48
2686	2829226	1053.32
2687	2836204	1055.53
2688	2827419	1051.87
2689	2836981	1055.03
2690	2844112	1057.29
2691	2922160	1085.90
2692	2890208	1073.63
2693	2870638	1065.96
2694	2849150	1057.59
2695	2868277	1064.30
2696	2857022	1059.73
2697	2852904	1057.81
2698	2860928	1060.39
2699	2861285	1060.13
2700	2877735	1065.83
2701	2930791	1085.08
2702	2877711	1065.03
2703	2880717	1065.75
2704	2866500	1060.10
2705	2875111	1062.89
2706	2879910	1064.27
2707	2943343	1087.31
2708	2907817	1073.79
2709	2904985	1072.35
2710	3000074	1107.04
2711	2918903	1076.69
2712	2971910	1095.84
2713	2993490	1103.39
2714	2900214	1068.61
2715	2899558	1067.98
2716	2999735	1104.47
2717	2904828	1069.13
2718	2910444	1070.80
2719	2985769	1098.11
2720	3048034	1120.60
2721	2931405	1077.33
2722	2905257	1067.32
2723	2911188	1069.11
2724	2903510	1065.90
2725	2933478	1076.51
2726	2924813	1072.93
2727	2928024	1073.72
2728	2928446	1073.48
2729	2922671	1070.97
2730	2924968	1071.42
2731	2931445	1073.40
2732	2955405	1081.77
2733	2940198	1075.81
2734	2962154	1083.45
2735	2936451	1073.66
2736	2936110	1073.14
2737	2936264	1072.80
2738	2936859	1072.63
2739	2939261	1073.11
2740	2941191	1073.43
2741	2955527	1078.27
2742	2959765	1079.42
2743	2955010	1077.29
2744	2959974	1078.71
2745	3162318	1152.03
2746	3045917	1109.22
2747	2980392	1084.96
2748	2964185	1078.67
2749	2963911	1078.18
2750	2963417	1077.61
2751	2967794	1078.81
2752	2980383	1082.99
2753	2968879	1078.42
2754	2987326	1084.72
2755	2970281	1078.14
2756	2982320	1082.12
2757	2978457	1080.33
2758	2997613	1086.88
2759	2990897	1084.05
2760	3027717	1097.00
2761	2990080	1082.97
2762	2990734	1082.81
2763	2999289	1085.52
2764	2992937	1082.83
2765	2989542	1081.21
2766	2999341	1084.36
2767	2996770	1083.04
2768	3001481	1084.35
2769	2999636	1083.29
2770	3003130	1084.16
2771	3052094	1101.44
2772	3041764	1097.32
2773	3029838	1092.62
2774	3033075	1093.39
2775	3016629	1087.07
2776	3017895	1087.14
2777	3015932	1086.04
2778	3034752	1092.42
2779	3026301	1088.99
2780	3031098	1090.32
2781	3035065	1091.36
2782	3037951	1092.00
2783	3037947	1091.61
2784	3061023	1099.51
2785	3059860	1098.69
2786	3065735	1100.41
2787	3049084	1094.04
2788	3053283	1095.15
2789	3056062	1095.76
2790	3059332	1096.53
2791	3055906	1094.91
2792	3060875	1096.30
2793	3064342	1097.15
2794	3062496	1096.10
2795	3174081	1135.63
2796	3069978	1097.99
2797	3088391	1104.18
2798	3085484	1102.75
2799	3071547	1097.37
2800	3082328	1100.83
2801	3091376	1103.67
2802	3080728	1099.47
2803	3086984	1101.31
2804	3098628	1105.07
2805	3074432	1096.05
2806	3084102	1099.11
2807	3079538	1097.09
2808	3091350	1100.91
2809	3089511	1099.86
2810	3085475	1098.03
2811	3128442	1112.93
2812	3240892	1152.52
2813	3140033	1116.26
2814	3114945	1106.95
2815	3095511	1099.65
2816	3100151	1100.91
2817	3101713	1101.07
2818	3117714	1106.36
2819	3104063	1101.12
2820	3120535	1106.57
2821	3107529	1101.57
2822	3108078	1101.37
2823	3111375	1102.15
2824	3150048	1115.46
2825	3125139	1106.24
2826	3140864	1111.42
2827	3123324	1104.82
2828	3122525	1104.15
2829	3127728	1105.59
2830	3177753	1122.88
2831	3138073	1108.47
2832	3209083	1133.15
2833	3140728	1108.62
2834	3143251	1109.12
2835	3162323	1115.46
2836	3153196	1111.85
2837	3170573	1117.58
2838	3146316	1108.64
2839	3167228	1115.61
2840	3155875	1111.22
2841	3154861	1110.48
2842	3150982	1108.72
2843	3162694	1112.45
2844	3168438	1114.08
2845	3188638	1120.79
2846	3181980	1118.05
2847	3186229	1119.15
2848	3406638	1196.15
2849	3257574	1143.41
2850	3205396	1124.70
2851	3443340	1207.77
2852	3195266	1120.36
2853	3210828	1125.42
2854	3221525	1128.78
2855	3205143	1122.64
2856	3217925	1126.72
2857	3217334	1126.12
2858	3221371	1127.14
2859	3231480	1130.28
2860	3233240	1130.50
2861	3238651	1132.00
2862	3217145	1124.09
2863	3327407	1162.21
2864	3636160	1269.61
2865	3636402	1269.25
2866	3626773	1265.45
2867	3635612	1268.09
2868	3631712	1266.29
2869	3635508	1267.17
2870	3638005	1267.60
2871	3637593	1267.01
2872	3472766	1209.18
2873	3260199	1134.77
2874	3290135	1144.79
2875	3279293	1140.62
2876	3259769	1133.44
2877	3252326	1130.46
2878	3280934	1140.00
2879	3256798	1131.23
2880	3254029	1129.87
2881	3257192	1130.58
2882	3259816	1131.10
2883	3277825	1136.95
2884	3319292	1150.93
2885	3315580	1149.25
2886	3271064	1133.42
2887	3270853	1132.96
2888	3274688	1133.89
2889	3271535	1132.41
2890	3275474	1133.38
2891	3275895	1133.14
2892	3275613	1132.65
2893	3279542	1133.61
2894	3294289	1138.32
2895	3470809	1198.90
2896	3319825	1146.35
2897	3311460	1143.07
2898	3308036	1141.49
2899	3301922	1138.99
2900	3317997	1144.14
2901	3312499	1141.85
2902	3330012	1147.49
2903	3328938	1146.72
2904	3334996	1148.41
2905	3334585	1147.88
2906	3338803	1148.93
2907	3346421	1151.16
2908	3337697	1147.76
2909	3322124	1142.02
2910	3319465	1140.71
2911	3318247	1139.90
2912	3332455	1144.39
2913	3327806	1142.40
2914	3325908	1141.35
2915	3343434	1146.98
2916	3336030	1144.04
2917	3334838	1143.24
2918	3341150	1145.01
2919	3454530	1183.46
2920	3366267	1152.83
2921	3378489	1156.62
2922	3350302	1146.58
2923	3350054	1146.10
2924	3349926	1145.67
2925	3379127	1155.26
2926	3387092	1157.58
2927	3365203	1149.71
2928	3380491	1154.54
2929	3392004	1158.08
2930	3371232	1150.59
2931	3400299	1160.12
2932	3803907	1297.38
2933	3390604	1156.02
2934	3392230	1156.18
2935	3387679	1154.23
2936	3390909	1154.94
2937	3391771	1154.84
2938	3388772	1153.43
2939	3396071	1155.52
2940	3404343	1157.94
2941	3397862	1155.34
2942	3561959	1210.73
2943	3412194	1159.43
2944	3454499	1173.40
2945	3408029	1157.23
2946	3411329	1157.95
2947	3412775	1158.05
2948	3409721	1156.62
2949	3456544	1172.11
2950	3431381	1163.18
2951	3429605	1162.18
2952	3431891	1162.56
2953	3436992	1163.90
2954	3609428	1221.88
2955	3523971	1192.55
2956	3468368	1173.33
2957	3437116	1162.37
2958	3433424	1160.72
2959	3458603	1168.84
2960	3458714	1168.48
2961	3438055	1161.11
2962	3428840	1157.61
2963	3515395	1186.43
2964	3441279	1161.03
2965	3553126	1198.36
2966	3619790	1220.43
2967	3448993	1162.45
2968	3535790	1191.30
2969	3462667	1166.27
2970	3453074	1162.65
2971	3471708	1168.53
2972	3472641	1168.45
2973	3478885	1170.16
2974	3472230	1167.53
2975	3483113	1170.79
2976	3482616	1170.23
2977	3499836	1175.63
2978	3482103	1169.28
2979	3477047	1167.19
2980	3466286	1163.18
2981	3478355	1166.84
2982	3493005	1171.36
2983	3472414	1164.07
2984	3478406	1165.69
2985	3478874	1165.45
2986	3472039	1162.77
2987	3484616	1166.59
2988	3504066	1172.71
2989	3515555	1176.16
2990	3523584	1178.46
2991	3503638	1171.39
2992	3493385	1167.58
2993	3508891	1172.37
2994	3528773	1178.61
2995	3515690	1173.85
2996	3514687	1173.13
2997	3521981	1175.17
2998	3510155	1170.83
2999	3537233	1179.47
3000	3596631	1198.88
3001	3557888	1185.57
3002	3518848	1172.17
3003	3535357	1177.28
3004	3519993	1171.77
3005	3525831	1173.32
3006	3538336	1177.09
3007	3533273	1175.02
3008	3538126	1176.24
3009	3539488	1176.30
3010	3568699	1185.61
3011	3565552	1184.18
3012	3564335	1183.38
3013	3546375	1177.02
3014	3554214	1179.23
3015	3550691	1177.68
3016	3576336	1185.79
3017	3572363	1184.08
3018	3556373	1178.39
3019	3557690	1178.43
3020	3591105	1189.11
3021	3601135	1192.03
3022	3582239	1185.39
3023	3587182	1186.63
3024	3570269	1180.64
3025	3567681	1179.40
3026	3569817	1179.71
3027	3572053	1180.06
3028	3572922	1179.96
3029	3572135	1179.31
3030	3581810	1182.12
3031	3577961	1180.46
3032	3601959	1187.98
3033	3611654	1190.79
3034	3611808	1190.44
3035	3615331	1191.21
3036	3612389	1189.85
3037	3600886	1185.67
3038	3612589	1189.13
3039	3603765	1185.84
3040	3608853	1187.12
3041	3622571	1191.24
3042	3624097	1191.35
3043	3624527	1191.10
3044	3685630	1210.79
3045	3624994	1190.47
3046	3611218	1185.56
3047	3620904	1188.35
3048	3621583	1188.18
3049	3617951	1186.60
3050	3625534	1188.70
3051	3621813	1187.09
3052	3627832	1188.67
3053	3630191	1189.06
3054	3818762	1250.41
3055	3726357	1219.76
3056	3652165	1195.08
3057	3645376	1192.47
3058	3648920	1193.24
3059	3645317	1191.67
3060	3667927	1198.67
3061	3660459	1195.84
3062	3666426	1197.40
3063	3664028	1196.22
3064	3680804	1201.31
3065	3732192	1217.68
3066	3733766	1217.80
3067	3710174	1209.71
3068	3750385	1222.42
3069	3779507	1231.51
3070	3703575	1206.38
3071	3703105	1205.83
3072	3707100	1206.74
3073	3727625	1213.02
3074	3775006	1228.04
3075	3706389	1205.33
3076	3715493	1207.90
3077	3720423	1209.11
3078	3735622	1213.65
3079	3715685	1206.78
3080	3710654	1204.76
3081	3711189	1204.54
3082	3723873	1208.27
3083	3712933	1204.32
3084	3721784	1206.80
3085	3730273	1209.16
3086	3729737	1208.60
3087	3734445	1209.73
3088	3742549	1211.97
3089	3763617	1218.39
3090	3747331	1212.73
3091	3739767	1209.89
3092	3731922	1206.96
3093	3736780	1208.14
3094	3735922	1207.47
3095	3737528	1207.60
3096	3735481	1206.55
3097	3947391	1274.59
3098	3786088	1222.11
3099	3783770	1220.96
3100	3876690	1250.55
3101	3755879	1211.18
3102	3767404	1214.51
3103	3767130	1214.03
3104	3762155	1212.03
3105	3779559	1217.25
3106	3768893	1213.42
3107	3764254	1211.54
3108	3779325	1216.00
3109	3789245	1218.80
3110	3767616	1211.45
3111	3781101	1215.40
3112	3779861	1214.61
3113	3785507	1216.03
3114	3779880	1213.83
3115	3783631	1214.65
3116	3784468	1214.53
3117	3788546	1215.45
3118	3941821	1264.21
3119	3828200	1227.38
3120	3806951	1220.18
3121	3802385	1218.32
3122	3803758	1218.37
3123	3810959	1220.29
3124	3842077	1229.86
3125	3831622	1226.12
3126	3834587	1226.68
3127	3830091	1224.85
3128	3878618	1239.97
3129	3905164	1248.05
3130	4258396	1360.51
3131	3838353	1225.92
3132	3856802	1231.42
3133	3845885	1227.54
3134	3843192	1226.29
3135	3835158	1223.34
3136	3849527	1227.53
3137	3853387	1228.37
3138	3845996	1225.62
3139	4124127	1313.83
3140	3982802	1268.41
3141	3952671	1258.41
3142	3868397	1231.19
3143	3862267	1228.85
3144	3926382	1248.85
3145	3882102	1234.37
3146	3913413	1243.93
3147	3880161	1232.97
3148	3893987	1236.97
3149	3903894	1239.72
3150	3918350	1243.92
3151	3884256	1232.71
3152	3969230	1259.27
3153	3981441	1262.75
3154	3893842	1234.57
3155	3887774	1232.26
3156	3893755	1233.76
3157	3895249	1233.85
3158	3906143	1236.90
3159	3911770	1238.29
3160	3947772	1249.29
3161	3913631	1238.10
3162	3906857	1235.57
3163	3916892	1238.35
3164	3937107	1244.34
3165	3918155	1237.96
3166	3915185	1236.63
3167	3942280	1244.80
3168	3920898	1237.66
3169	4111053	1297.27
3170	3939882	1242.86
3171	3939898	1242.48
3172	3934096	1240.26
3173	3962093	1248.69
3174	3953852	1245.70
3175	3947543	1243.32
3176	3940255	1240.63
3177	3948696	1242.90
3178	3966283	1248.04
3179	3953045	1243.49
3180	3984491	1252.98
3181	3973626	1249.18
3182	3955707	1243.15
3183	4022477	1263.74
3184	3975749	1248.66
3185	3956980	1242.38
3186	3966040	1244.83
3187	3964579	1243.98
3188	3961445	1242.61
3189	3987253	1250.31
3190	4063579	1273.85
3191	3983292	1248.29
3192	3987000	1249.06
3193	3986352	1248.47
3194	3989987	1249.21
3195	3983145	1246.68
3196	3994283	1249.78
3197	3990385	1248.17
3198	4005673	1252.56
3199	4020532	1256.81
3200	4033583	1260.49
3201	4025663	1257.63
3202	4004338	1250.57
3203	4006828	1250.96
3204	4025845	1256.51
3205	4013942	1252.40
3206	4005868	1249.49
3207	4018834	1253.14
3208	4043283	1260.38
3209	4036418	1257.84
3210	4188496	1304.83
3211	4027818	1254.38
3212	4027724	1253.96
3213	4034903	1255.81
3214	4041252	1257.39
3215	4038019	1255.99
3216	4039600	1256.09
3217	4033386	1253.77
3218	4038498	1254.97
3219	4072089	1265.02
3220	4058122	1260.29
3221	4048019	1256.76
3222	4047578	1256.23
3223	4046113	1255.39
3224	4091313	1269.02
3225	4070721	1262.24
3226	4083359	1265.77
3227	4071429	1261.68
3228	4080100	1263.97
3229	4097042	1268.83
3230	4084545	1264.57
3231	4069541	1259.53
3232	4075511	1260.99
3233	4072816	1259.76
3234	4087527	1263.92
3235	4075505	1259.82
3236	4078123	1260.24
3237	4079015	1260.12
3238	4103294	1267.23
3239	4127824	1274.41
3240	4110671	1268.73
3241	4103790	1266.21
3242	4101162	1265.01
3243	4108723	1266.95
3244	4112571	1267.75
3245	4113593	1267.67
3246	4125900	1271.07
3247	4156528	1280.11
3248	4126273	1270.40
3249	4133940	1272.37
3250	4126495	1269.69
3251	4137921	1272.81
3252	4131463	1270.44
3253	4177733	1284.27
3254	4140767	1272.52
3255	4196832	1289.35
3256	4149532	1274.43
3257	4185088	1284.95
3258	4202779	1289.99
3259	4249832	1304.03
3260	4158511	1275.62
3261	4154904	1274.12
3262	4163464	1276.35
3263	4164522	1276.29
3264	4193189	1284.68
3265	4182022	1280.86
3266	4275586	1309.12
3267	4273084	1307.95
3268	4180367	1279.18
3269	4184011	1279.91
3270	4174964	1276.75
3271	4174907	1276.34
3272	4170374	1274.56
3273	4172424	1274.80
3274	4168750	1273.29
3275	4178240	1275.80
3276	4221307	1288.56
3277	4209789	1284.65
3278	4188409	1277.73
3279	4191096	1278.16
3280	4195749	1279.19
3281	4208315	1282.63
3282	4196979	1278.79
3283	4224014	1286.63
3284	4217096	1284.13
3285	4410812	1342.71
3286	4215067	1282.73
3287	4259530	1295.87
3288	4269824	1298.61
3289	4221598	1283.55
3290	4234603	1287.11
3291	4235307	1286.94
3292	4221093	1282.23
3293	4236020	1286.37
3294	4405809	1337.53
3295	4236911	1285.86
3296	4262758	1293.31
3297	4259069	1291.80
3298	4247566	1287.92
3299	4248295	1287.75
3300	4273978	1295.14
3301	4289381	1299.42
3302	4317981	1307.69
3303	4338128	1313.39
3304	4461903	1350.45
3305	4310146	1304.13
3306	4299683	1300.57
3307	4290930	1297.53
3308	4276060	1292.64
3309	4298291	1298.97
3310	4278476	1292.59
3311	4273720	1290.76
3312	4283789	1293.41
3313	4296543	1296.87
3314	4302555	1298.30
3315	4557225	1374.73
3316	4297540	1296.00
3317	4294053	1294.56
3318	4307491	1298.22
3319	4292382	1293.28
3320	4294473	1293.52
3321	4304827	1296.24
3322	4572864	1376.54
3323	4323751	1301.16
3324	4313669	1297.73
3325	4378939	1316.97
3326	4331850	1302.42
3327	4376498	1315.45
3328	4329022	1300.79
3329	4320094	1297.72
3330	4393429	1319.35
3331	4544607	1364.34
3332	4333513	1300.57
3333	4371029	1311.44
3334	4327799	1298.08
3335	4338015	1300.75
3336	4342431	1301.69
3337	4336534	1299.53
3338	4335465	1298.82
3339	4374224	1310.04
3340	4596642	1376.24
3341	4353139	1302.94
3342	4377274	1309.78
3343	4358612	1303.80
3344	4360466	1303.97
3345	4381602	1309.90
3346	4478560	1338.48
3347	4379402	1308.46
3348	4379339	1308.05
3349	4398330	1313.33
3350	4446229	1327.23
3351	4416971	1318.11
3352	4454963	1329.05
3353	4521931	1348.62
3354	4409141	1314.59
3355	4386368	1307.41
3356	4465427	1330.58
3357	4410777	1313.90
3358	4509813	1343.01
3359	4433179	1319.79
3360	4405597	1311.19
3361	4443333	1322.03
3362	4416387	1313.62
3363	4445435	1321.87
3364	4424813	1315.34
3365	4421862	1314.07
3366	4418249	1312.61
3367	4434423	1317.02
3368	4455634	1322.93
3369	4455745	1322.57
3370	4428133	1313.99
3371	4419647	1311.08
3372	4430634	1313.95
3373	4429289	1313.16
3374	4432337	1313.67
3375	4431621	1313.07
3376	4628752	1371.08
3377	4455682	1319.42
3378	4632740	1371.44
3379	4461783	1320.44
3380	4467718	1321.81
3381	4467352	1321.31
3382	4464987	1320.22
3383	4471734	1321.83
3384	4473653	1322.00
3385	4490896	1326.70
3386	4483907	1324.25
3387	4490116	1325.69
3388	4494703	1326.65
3389	4531008	1336.97
3390	4625229	1364.37
3391	4490420	1324.22
3392	4545722	1340.13
3393	4504284	1327.52
3394	4600862	1355.59
3395	4519925	1331.35
3396	4503888	1326.23
3397	4677954	1377.08
3398	4537676	1335.40
3399	4515838	1328.58
3400	4560338	1341.28
3401	4537220	1334.08
3402	4547564	1336.73
3403	4523287	1329.21
3404	4575689	1344.21
3405	4534669	1331.77
3406	4528680	1329.62
3407	4546667	1334.51
3408	4544383	1333.45
3409	4560623	1337.82
3410	4559443	1337.08
3411	4574987	1341.25
3412	4595880	1346.98
3413	4569075	1338.73
3414	4579732	1341.46
3415	4572959	1339.08
3416	4564566	1336.23
3417	4559688	1334.41
3418	4554564	1332.52
3419	4560495	1333.87
3420	4607536	1347.23
3421	4578372	1338.31
3422	4579422	1338.23
3423	4569456	1334.93
3424	4590763	1340.76
3425	4590545	1340.31
3426	4576583	1335.84
3427	4586737	1338.41
3428	4590967	1339.26
3429	4595006	1340.04
3430	4625894	1348.66
3431	4595349	1339.36
3432	4596304	1339.25
3433	4594131	1338.23
3434	4596892	1338.64
3435	4596655	1338.18
3436	4600951	1339.04
3437	4619653	1344.09
3438	4656749	1354.49
3439	4623848	1344.53
3440	4608120	1339.57
3441	4613867	1340.85
3442	4624983	1343.69
3443	4609794	1338.89
3444	4625663	1343.11
3445	4645442	1348.46
3446	4652664	1350.16
3447	4638096	1345.55
3448	4621243	1340.27
3449	4643807	1346.42
3450	4655683	1349.47
3451	4643032	1345.42
3452	4645701	1345.80
3453	4652019	1347.24
3454	4661767	1349.67
3455	4662148	1349.39
3456	4684973	1355.61
3457	4656723	1347.04
3458	4659290	1347.39
3459	4701211	1359.12
3460	4673602	1350.75
3461	4688197	1354.58
3462	4680597	1351.99
3463	4743899	1369.88
3464	4698077	1356.26
3465	4675716	1349.41
3466	4688765	1352.79
3467	4683149	1350.78
3468	4689164	1352.12
3469	4771033	1375.33
3470	4686106	1350.46
3471	4721812	1360.36
3472	4753722	1369.16
3473	4700000	1353.30
3474	4695873	1351.72
3475	4702668	1353.29
3476	4714088	1356.18
3477	4710253	1354.69
3478	4729910	1359.95
3479	4733785	1360.67
3480	4724510	1357.62
3481	4792065	1376.63
3482	4724944	1356.96
3483	4735044	1359.47
3484	4740536	1360.66
3485	4746820	1362.07
3486	4745500	1361.30
3487	4741593	1359.79
3488	4760530	1364.83
3489	4793506	1373.89
3490	4739566	1358.04
3491	4733562	1355.93
3492	4760934	1363.38
3493	4745780	1358.65
3494	4740743	1356.82
3495	4764888	1363.34
3496	4769241	1364.20
3497	5373005	1536.46
3498	4794525	1370.65
3499	4779740	1366.03
3500	4798893	1371.11
3501	4805443	1372.59
3502	4772457	1362.78
3503	4771768	1362.19
3504	4970823	1418.61
3505	4791679	1367.10
3506	4855871	1385.02
3507	4845134	1381.56
3508	4796414	1367.28
3509	4801175	1368.25
3510	4785873	1363.50
3511	4795916	1365.97
3512	4802471	1367.45
3513	4793746	1364.57
3514	4825728	1373.29
3515	4810624	1368.60
3516	4817306	1370.11
3517	4833310	1374.27
3518	4834676	1374.27
3519	4865151	1382.54
3520	4899705	1391.96
3521	4862077	1380.88
3522	5046176	1432.76
3523	4826578	1370.02
3524	4825784	1369.41
3525	5075106	1439.75
3526	4872870	1381.98
3527	4879154	1383.37
3528	4850742	1374.93
3529	4859674	1377.07
3530	4891781	1385.77
3531	4855677	1375.16
3532	4858083	1375.45
3533	4876186	1380.18
3534	4870681	1378.23
3535	4867276	1376.88
3536	4874383	1378.50
3537	5122338	1448.22
3538	4900833	1385.20
3539	4920414	1390.34
3540	4878167	1378.01
3541	4882547	1378.86
3542	4877287	1376.99
3543	4880200	1377.42
3544	4886452	1378.80
3545	4902486	1382.93
3546	4963089	1399.63
3547	4934151	1391.08
3548	4901135	1381.38
3549	4899320	1380.48
3550	4899518	1380.15
3551	4898423	1379.45
3552	4900297	1379.59
3553	4943318	1391.31
3554	4972537	1399.14
3555	4921892	1384.50
3556	4912986	1381.60
3557	4925227	1384.66
3558	4913042	1380.84
3559	4919779	1382.35
3560	4981215	1399.22
3561	4937669	1386.60
3562	4955681	1391.26
3563	4964045	1393.22
3564	4935138	1384.72
3565	4942856	1386.50
3566	4944510	1386.57
3567	4958007	1389.97
3568	4950375	1387.44
3569	4980513	1395.49
3570	4979997	1394.96
3571	5041242	1411.72
3572	4958709	1388.22
3573	4984393	1395.02
3574	4989345	1396.01
3575	4971296	1390.57
3576	4974489	1391.08
3577	5263681	1471.54
3578	5073154	1417.87
3579	5197992	1452.36
3580	4992197	1394.47
3581	4995312	1394.95
3582	4999289	1395.67
3583	4998845	1395.16
3584	5000072	1395.11
3585	5004200	1395.87
3586	5063090	1411.90
3587	5013395	1397.66
3588	4998945	1393.24
3589	5011101	1396.24
3590	5015322	1397.03
3591	5010873	1395.40
3592	5014676	1396.07
3593	5062657	1409.03
3594	5050160	1405.16
3595	5020163	1396.43
3596	5031708	1399.25
3597	5039253	1400.96
3598	5040631	1400.95
3599	5039297	1400.19
3600	5039929	1399.98
3601	5040763	1399.82
3602	5074612	1408.83
3603	5067982	1406.60
3604	5038588	1398.05
3605	5067678	1405.74
3606	5055485	1401.96
3607	5071820	1406.10
3608	5070766	1405.42
3609	5065778	1403.65
3610	5076089	1406.12
3611	5100262	1412.42
3612	5184275	1435.29
3613	5065450	1402.01
3614	5068688	1402.51
3615	5060297	1399.81
3616	5062027	1399.90
3617	5083191	1405.36
3618	5094813	1408.18
3619	5165540	1427.34
3620	5126852	1416.26
3621	5130499	1416.87
3622	5105393	1409.55
3623	5106393	1409.44
3624	5108914	1409.74
3625	5113056	1410.50
3626	5148292	1419.83
3627	5126205	1413.35
3628	5127783	1413.39
3629	5125605	1412.40
3630	5141670	1416.44
3631	5139132	1415.35
3632	5135519	1413.96
3633	5135855	1413.67
3634	5325630	1465.50
3635	5136032	1412.94
3636	5154268	1417.57
3637	5140236	1413.32
3638	5148799	1415.28
3639	5146584	1414.29
3640	5204606	1429.84
3641	5187810	1424.83
3642	5181517	1422.71
3643	5184646	1423.18
3644	5161569	1416.46
3645	5174434	1419.60
3646	5165701	1416.81
3647	5174489	1418.83
3648	5207747	1427.56
3649	5198130	1424.54
3650	5192112	1422.50
3651	5203030	1425.10
3652	5188484	1420.72
3653	5210389	1426.33
3654	5211052	1426.12
3655	5321905	1456.06
3656	5265644	1440.27
3657	5232707	1430.87
3658	5228895	1429.44
3659	5240969	1432.35
3660	5233767	1429.99
3661	5232973	1429.38
3662	5280819	1442.06
3663	5257791	1435.38
3664	5248921	1432.57
3665	5237924	1429.17
3666	5244409	1430.55
3667	5248143	1431.18
3668	5240428	1428.69
3669	5257701	1433.01
3670	5276950	1437.86
3671	5296166	1442.70
3672	5277840	1437.32
3673	5271961	1435.33
3674	5262385	1432.33
3675	5274137	1435.14
3676	5267859	1433.04
3677	5271505	1433.64
3678	5295262	1439.71
3679	5305707	1442.16
3680	5303967	1441.30
3681	5306636	1441.63
3682	5299848	1439.39
3683	5299399	1438.88
3684	5320584	1444.24
3685	5323566	1444.66
3686	5342048	1449.28
3687	5318912	1442.61
3688	5329721	1445.15
3689	5317950	1441.57
3690	5299325	1436.13
3691	5308149	1438.13
3692	5331808	1444.15
3693	5330502	1443.41
3694	5330511	1443.02
3695	5321903	1440.30
3696	5331420	1442.48
3697	5337253	1443.67
3698	5330938	1441.57
3699	5343397	1444.55
3700	5407586	1461.51
3701	5392518	1457.04
3702	5395290	1457.40
3703	5328474	1438.96
3704	5333078	1439.82
3705	5320908	1436.14
3706	5326459	1437.25
3707	5370722	1448.81
3708	5424735	1462.98
3709	5369213	1447.62
3710	5357382	1444.04
3711	5374439	1448.25
3712	5352311	1441.89
3713	5372728	1447.00
3714	5370855	1446.11
3715	5384665	1449.44
3716	5413535	1456.82
3717	5381038	1447.68
3718	5375392	1445.78
3719	5388653	1448.95
3720	5367508	1442.88
3721	5376739	1444.97
3722	5388106	1447.64
3723	5432229	1459.10
3724	5401927	1450.57
3725	5397564	1449.01
3726	5427064	1456.54
3727	5405990	1450.49
3728	5400337	1448.59
3729	5615596	1505.93
3730	5457885	1463.24
3731	5428334	1454.93
3732	5409987	1449.62
3733	5428990	1454.32
3734	5443770	1457.89
3735	5418264	1450.67
3736	5412306	1448.69
3737	5454193	1459.51
3738	5576223	1491.77
3739	5430266	1452.33
3740	5438684	1454.19
3741	5456629	1458.60
3742	5458554	1458.73
3743	5468235	1460.92
3744	5457223	1457.59
3745	5461281	1458.29
3746	5481084	1463.18
3747	5500278	1467.92
3748	5502916	1468.23
3749	5464730	1457.65
3750	5477621	1460.70
3751	5709655	1522.17
3752	5504370	1467.05
3753	5492000	1463.36
3754	5502251	1465.70
3755	5501288	1465.06
3756	5473294	1457.21
3757	5476849	1457.77
3758	5501001	1463.81
3759	5523697	1469.46
3760	5500615	1462.93
3761	5482925	1457.84
3762	5494924	1460.64
3763	5491118	1459.24
3764	5504298	1462.35
3765	5500557	1460.97
3766	5521472	1466.14
3767	5531852	1468.50
3768	5506392	1461.36
3769	5515796	1463.46
3770	5506678	1460.66
3771	5522381	1464.43
3772	5716193	1515.43
3773	5570741	1476.48
3774	5681652	1505.47
3775	5545359	1468.97
3776	5544329	1468.31
3777	5549994	1469.42
3778	5541313	1466.73
3779	5546115	1467.61
3780	5566506	1472.62
3781	5575994	1474.74
3782	5549370	1467.31
3783	5548832	1466.78
3784	5573127	1472.81
3785	5563103	1469.78
3786	5587187	1475.75
3787	5604191	1479.85
3788	5811458	1534.18
3789	5566713	1469.18
3790	5572846	1470.41
3791	5591268	1474.88
3792	5570492	1469.01
3793	5580797	1471.34
3794	5614702	1479.89
3795	5874701	1548.01
3796	5600687	1475.42
3797	5602939	1475.62
3798	5621429	1480.10
3799	5605170	1475.43
3800	5622892	1479.71
3801	5657354	1488.39
3802	5636704	1482.56
3803	5637619	1482.41
3804	5661350	1488.26
3805	5636019	1481.21
3806	5624595	1477.82
3807	5632311	1479.46
3808	5629702	1478.39
3809	5841487	1533.60
3810	5648066	1482.43
3811	5635005	1478.62
3812	5640448	1479.66
3813	5636342	1478.19
3814	5663242	1484.86
3815	5703089	1494.91
3816	5676507	1487.55
3817	5663875	1483.86
3818	5657182	1481.71
3819	5667574	1484.05
3820	5668117	1483.80
3821	5674842	1485.17
3822	5676481	1485.21
3823	5770699	1509.47
3824	5701076	1490.87
3825	5689748	1487.52
3826	5706756	1491.57
3827	5704913	1490.70
3828	5736705	1498.62
3829	5711005	1491.51
3830	5730500	1496.21
3831	5705436	1489.28
3832	5712525	1490.74
3833	5732840	1495.65
3834	5722434	1492.55
3835	5714207	1490.01
3836	6093555	1588.52
3837	5796697	1510.74
3838	5730450	1493.08
3839	5731532	1492.98
3840	5753145	1498.21
3841	5731876	1492.29
3842	5771068	1502.10
3843	5796046	1508.21
3844	5951391	1548.23
3845	5751749	1495.90
3846	5741157	1492.76
3847	5742548	1492.73
3848	5739506	1491.56
3849	5738378	1490.88
3850	5785769	1502.80
3851	5776236	1499.93
3852	5762195	1495.90
3853	5787764	1502.14
3854	5763426	1495.44
3855	5765856	1495.68
3856	5978687	1550.49
3857	5783937	1499.59
3858	5783865	1499.19
3859	5773745	1496.18
3860	5778586	1497.04
3861	5781368	1497.38
3862	5774118	1495.11
3863	5794209	1499.92
3864	5805891	1502.56
3865	5815290	1504.60
3866	5789274	1497.48
3867	5821623	1505.46
3868	5825463	1506.07
3869	5809801	1501.63
3870	5844956	1510.32
3871	5846929	1510.44
3872	5826072	1504.67
3873	5833452	1506.18
3874	5841899	1507.98
3875	5846569	1508.79
3876	5847700	1508.69
3877	5871682	1514.49
3878	5954775	1535.53
3879	5838084	1505.05
3880	5843641	1506.09
3881	5845541	1506.19
3882	5833801	1502.78
3883	5860329	1509.23
3884	5878842	1513.61
3885	5880870	1513.74
3886	5865692	1509.44
3887	5860412	1507.70
3888	5870410	1509.88
3889	5868965	1509.12
3890	5875620	1510.44
3891	5889286	1513.57
3892	5901180	1516.23
3893	5895190	1514.31
3894	5899340	1514.98
3895	5866299	1506.11
3896	5876337	1508.30
3897	5894363	1512.54
3898	5948213	1525.97
3899	5897903	1512.67
3900	5981058	1533.60
3901	5907157	1514.27
3902	5904388	1513.17
3903	5901990	1512.17
3904	6122014	1568.14
3905	5920908	1516.24
3906	5909717	1512.98
3907	5943454	1521.23
3908	5920981	1515.09
3909	5920492	1514.58
3910	5915595	1512.94
3911	5970741	1526.65
3912	5952662	1521.64
3913	5931193	1515.77
3914	5926500	1514.18
3915	5940464	1517.36
3916	5936310	1515.91
3917	5939111	1516.24
3918	5958613	1520.83
3919	5962826	1521.52
3920	5952995	1518.62
3921	5975066	1523.86
3922	5990871	1527.50
3923	5970358	1521.89
3924	5991286	1526.83
3925	6023335	1534.61
3926	5967474	1519.99
3927	5963086	1518.48
3928	5980973	1522.65
3929	5975137	1520.78
3930	6173733	1570.92
3931	6078982	1546.42
3932	6037791	1535.55
3933	5996942	1524.78
3934	6040558	1535.47
3935	6016242	1528.91
3936	6019956	1529.46
3937	6041425	1534.53
3938	6047330	1535.63
3939	6021031	1528.57
3940	6014706	1526.58
3941	6051594	1535.55
3942	6033597	1530.59
3943	6034104	1530.33
3944	6049264	1533.79
3945	6044270	1532.13
3946	6036814	1529.86
3947	6040149	1530.31
3948	6034145	1528.41
3949	6041801	1529.96
3950	6060010	1534.18
3951	6107731	1545.87
3952	6059474	1533.27
3953	6095897	1542.09
3954	6137820	1552.31
3955	6080745	1537.48
3956	6078949	1536.64
3957	6306593	1593.78
3958	6116590	1545.37
3959	6071298	1533.54
3960	6104149	1541.45
3961	6120727	1545.25
3962	6106984	1541.39
3963	6138413	1548.93
3964	6224300	1570.21
3965	6126947	1545.26
3966	6088509	1535.18
3967	6108784	1539.90
3968	6106368	1538.90
3969	6106589	1538.57
3970	6125836	1543.03
3971	6210060	1563.85
3972	6164246	1551.92
3973	6171813	1553.44
3974	6166455	1551.70
3975	6134980	1543.39
3976	6153993	1547.78
3977	6190318	1556.53
3978	6182392	1554.15
3979	6142725	1543.79
3980	6165027	1549.00
3981	6146079	1543.85
3982	6379488	1602.08
3983	6159901	1546.55
3984	6181719	1551.64
3985	6160876	1546.02
3986	6175104	1549.20
3987	6174037	1548.54
3988	6179787	1549.60
3989	6208746	1556.47
3990	6203356	1554.73
3991	6183032	1549.24
3992	6177563	1547.49
3993	6198267	1552.28
3994	6184212	1548.38
3995	6393232	1600.31
3996	6224955	1557.80
3997	6201101	1551.44
3998	6199955	1550.76
3999	6231999	1558.39
4000	6213296	1553.32
