N	Total Time	Average CPE
1	81	81.00
2	101	50.50
3	132	44.00
4	148	37.00
5	150	30.00
6	192	32.00
7	134	19.14
8	139	17.38
9	154	17.11
10	162	16.20
11	173	15.73
12	182	15.17
13	193	14.85
14	205	14.64
15	216	14.40
16	225	14.06
17	336	19.76
18	339	18.83
19	381	20.05
20	358	17.90
21	373	17.76
22	388	17.64
23	401	17.43
24	416	17.33
25	480	19.20
26	463	17.81
27	465	17.22
28	538	19.21
29	608	20.97
30	617	20.57
31	590	19.03
32	607	18.97
33	609	18.45
34	621	18.26
35	633	18.09
36	648	18.00
37	667	18.03
38	822	21.63
39	701	17.97
40	720	18.00
41	744	18.15
42	762	18.14
43	783	18.21
44	845	19.20
45	880	19.56
46	900	19.57
47	922	19.62
48	3812	79.42
49	4266	87.06
50	2959	59.18
51	1004	19.69
52	1060	20.38
53	1044	19.70
54	1066	19.74
55	1086	19.75
56	1105	19.73
57	1131	19.84
58	1158	19.97
59	1200	20.34
60	1188	19.80
61	1446	23.70
62	1232	19.87
63	1251	19.86
64	1736	27.12
65	1600	24.62
66	1313	19.89
67	1324	19.76
68	1343	19.75
69	1419	20.57
70	1384	19.77
71	1416	19.94
72	1442	20.03
73	1466	20.08
74	1494	20.19
75	1529	20.39
76	1648	21.68
77	1617	21.00
78	1625	20.83
79	1653	20.92
80	1681	21.01
81	1703	21.02
82	1765	21.52
83	1754	21.13
84	1833	21.82
85	1802	21.20
86	1834	21.33
87	1865	21.44
88	1880	21.36
89	1909	21.45
90	1934	21.49
91	1960	21.54
92	2165	23.53
93	3026	32.54
94	2027	21.56
95	2052	21.60
96	2170	22.60
97	2121	21.87
98	2152	21.96
99	3432	34.67
100	2204	22.04
101	2407	23.83
102	2227	21.83
103	5918	57.46
104	5704	54.85
105	2333	22.22
106	2335	22.03
107	2467	23.06
108	2614	24.20
109	2641	24.23
110	2657	24.15
111	3515	31.67
112	2571	22.96
113	2567	22.72
114	2651	23.25
115	2636	22.92
116	2651	22.85
117	2721	23.26
118	2713	22.99
119	2950	24.79
120	3751	31.26
121	2800	23.14
122	2880	23.61
123	2900	23.58
124	2890	23.31
125	3037	24.30
126	2952	23.43
127	2976	23.43
128	3019	23.59
129	4638	35.95
130	3248	24.98
131	3328	25.40
132	3367	25.51
133	5050	37.97
134	3373	25.17
135	3738	27.69
136	4591	33.76
137	3474	25.36
138	3566	25.84
139	3576	25.73
140	3585	25.61
141	3614	25.63
142	3659	25.77
143	4615	32.27
144	3757	26.09
145	3843	26.50
146	3844	26.33
147	3860	26.26
148	3889	26.28
149	4250	28.52
150	5102	34.01
151	4139	27.41
152	4058	26.70
153	4214	27.54
154	4237	27.51
155	4337	27.98
156	5307	34.02
157	4207	26.80
158	4873	30.84
159	5292	33.28
160	4531	28.32
161	4366	27.12
162	4419	27.28
163	4421	27.12
164	4494	27.40
165	4480	27.15
166	4507	27.15
167	4753	28.46
168	4607	27.42
169	4608	27.27
170	4931	29.01
171	4682	27.38
172	4896	28.47
173	4756	27.49
174	4828	27.75
175	4904	28.02
176	4910	27.90
177	4970	28.08
178	5164	29.01
179	5021	28.05
180	5079	28.22
181	5154	28.48
182	6931	38.08
183	5373	29.36
184	7602	41.32
185	5281	28.55
186	5331	28.66
187	5320	28.45
188	5564	29.60
189	6261	33.13
190	5479	28.84
191	5462	28.60
192	5511	28.70
193	5553	28.77
194	6419	33.09
195	5646	28.95
196	5653	28.84
197	5687	28.87
198	5733	28.95
199	5773	29.01
200	5838	29.19
201	6831	33.99
202	5882	29.12
203	12148	59.84
204	5952	29.18
205	5998	29.26
206	6254	30.36
207	6972	33.68
208	6184	29.73
209	6212	29.72
210	6433	30.63
211	7192	34.09
212	6360	30.00
213	6385	29.98
214	6607	30.87
215	7234	33.65
216	6468	29.94
217	6536	30.12
218	7085	32.50
219	6595	30.11
220	6636	30.16
221	6713	30.38
222	6698	30.17
223	6992	31.35
224	6806	30.38
225	6873	30.55
226	7075	31.31
227	7093	31.25
228	6949	30.48
229	7040	30.74
230	7024	30.54
231	8082	34.99
232	7107	30.63
233	8091	34.73
234	7465	31.90
235	8200	34.89
236	7515	31.84
237	7320	30.89
238	7728	32.47
239	8604	36.00
240	7524	31.35
241	7526	31.23
242	8452	34.93
243	7639	31.44
244	7642	31.32
245	7910	32.29
246	7755	31.52
247	7821	31.66
248	9375	37.80
249	8887	35.69
250	7956	31.82
251	7956	31.70
252	8181	32.46
253	8066	31.88
254	8137	32.04
255	8134	31.90
256	9085	35.49
257	8799	34.24
258	8274	32.07
259	8320	32.12
260	9153	35.20
261	8448	32.37
262	9361	35.73
263	8661	32.93
264	8822	33.42
265	8574	32.35
266	9753	36.67
267	10356	38.79
268	8732	32.58
269	9828	36.54
270	8872	32.86
271	8878	32.76
272	9884	36.34
273	9097	33.32
274	10127	36.96
275	10236	37.22
276	9186	33.28
277	9220	33.29
278	9635	34.66
279	10512	37.68
280	9312	33.26
281	9535	33.93
282	10377	36.80
283	9469	33.46
284	10538	37.11
285	9604	33.70
286	10149	35.49
287	13344	46.49
288	12698	44.09
289	9941	34.40
290	10757	37.09
291	9928	34.12
292	10503	35.97
293	10956	37.39
294	10025	34.10
295	11147	37.79
296	10146	34.28
297	10558	35.55
298	11988	40.23
299	10285	34.40
300	10525	35.08
301	11266	37.43
302	10779	35.69
303	10492	34.63
304	10626	34.95
305	10592	34.73
306	11554	37.76
307	10705	34.87
308	11437	37.13
309	11727	37.95
310	10870	35.06
311	11900	38.26
312	10958	35.12
313	10957	35.01
314	12229	38.95
315	11284	35.82
316	11245	35.59
317	12112	38.21
318	11673	36.71
319	12080	37.87
320	12428	38.84
321	11584	36.09
322	12480	38.76
323	11467	35.50
324	11557	35.67
325	11621	35.76
326	11604	35.60
327	12611	38.57
328	11703	35.68
329	12647	38.44
330	11842	35.88
331	16946	51.20
332	13248	39.90
333	12006	36.05
334	12888	38.59
335	12091	36.09
336	12344	36.74
337	13227	39.25
338	12434	36.79
339	12347	36.42
340	12373	36.39
341	12455	36.52
342	13000	38.01
343	16530	48.19
344	12592	36.60
345	13583	39.37
346	14969	43.26
347	13762	39.66
348	12810	36.81
349	12939	37.07
350	12912	36.89
351	13119	37.38
352	13950	39.63
353	13019	36.88
354	13928	39.34
355	13632	38.40
356	14139	39.72
357	13277	37.19
358	14121	39.44
359	13704	38.17
360	13544	37.62
361	14405	39.90
362	13667	37.75
363	14470	39.86
364	14226	39.08
365	14497	39.72
366	14080	38.47
367	14845	40.45
368	13917	37.82
369	14916	40.42
370	14013	37.87
371	15152	40.84
372	14154	38.05
373	16599	44.50
374	15857	42.40
375	15232	40.62
376	14340	38.14
377	15495	41.10
378	28547	75.52
379	15027	39.65
380	14687	38.65
381	14653	38.46
382	15536	40.67
383	14758	38.53
384	15845	41.26
385	14883	38.66
386	15747	40.80
387	14990	38.73
388	16177	41.69
389	16001	41.13
390	16172	41.47
391	15169	38.80
392	16077	41.01
393	15319	38.98
394	16262	41.27
395	16305	41.28
396	15498	39.14
397	15592	39.27
398	16789	42.18
399	15698	39.34
400	16715	41.79
401	16086	40.11
402	15829	39.38
403	17380	43.13
404	16011	39.63
405	17085	42.19
406	16145	39.77
407	16337	40.14
408	16305	39.96
409	17369	42.47
410	16993	41.45
411	17331	42.17
412	16480	40.00
413	16565	40.11
414	17669	42.68
415	17212	41.47
416	16896	40.62
417	17601	42.21
418	17792	42.56
419	16908	40.35
420	17916	42.66
421	17939	42.61
422	17292	40.98
423	18510	43.76
424	17834	42.06
425	21449	50.47
426	18308	42.98
427	17432	40.82
428	18502	43.23
429	17715	41.29
430	19262	44.80
431	19409	45.03
432	18041	41.76
433	18651	43.07
434	18222	41.99
435	18863	43.36
436	19125	43.86
437	18907	43.27
438	18401	42.01
439	18439	42.00
440	19330	43.93
441	18404	41.73
442	18525	41.91
443	19932	44.99
444	20189	45.47
445	19640	44.13
446	19114	42.86
447	18933	42.36
448	18913	42.22
449	19770	44.03
450	19758	43.91
451	19070	42.28
452	24060	53.23
453	19401	42.83
454	20161	44.41
455	19451	42.75
456	21171	46.43
457	20400	44.64
458	20338	44.41
459	19790	43.12
460	19850	43.15
461	20960	45.47
462	20257	43.85
463	20979	45.31
464	20936	45.12
465	20021	43.06
466	21050	45.17
467	21058	45.09
468	21062	45.00
469	20484	43.68
470	20526	43.67
471	20402	43.32
472	21633	45.83
473	20691	43.74
474	20595	43.45
475	21697	45.68
476	21974	46.16
477	20926	43.87
478	21674	45.34
479	21059	43.96
480	21027	43.81
481	21037	43.74
482	21290	44.17
483	22167	45.89
484	21255	43.92
485	21702	44.75
486	22562	46.42
487	21609	44.37
488	21522	44.10
489	22467	45.94
490	21550	43.98
491	22184	45.18
492	23858	48.49
493	22988	46.63
494	22079	44.69
495	24985	50.47
496	23100	46.57
497	23757	47.80
498	22359	44.90
499	23211	46.52
500	22464	44.93
501	28024	55.94
502	23882	47.57
503	22554	44.84
504	23390	46.41
505	22780	45.11
506	23648	46.74
507	23458	46.27
508	23867	46.98
509	23873	46.90
510	23171	45.43
511	23605	46.19
512	23137	45.19
513	24141	47.06
514	24228	47.14
515	23687	45.99
516	24344	47.18
517	24549	47.48
518	24589	47.47
519	24163	46.56
520	23709	45.59
521	24663	47.34
522	24061	46.09
523	25417	48.60
524	24217	46.22
525	24322	46.33
526	25047	47.62
527	25062	47.56
528	25812	48.89
529	24401	46.13
530	25317	47.77
531	25601	48.21
532	25555	48.04
533	26143	49.05
534	25767	48.25
535	25788	48.20
536	25672	47.90
537	25118	46.77
538	26659	49.55
539	26257	48.71
540	25340	46.93
541	26067	48.18
542	26876	49.59
543	26474	48.76
544	26748	49.17
545	26549	48.71
546	25805	47.26
547	26594	48.62
548	26780	48.87
549	26117	47.57
550	26843	48.81
551	26100	47.37
552	28856	52.28
553	26366	47.68
554	26162	47.22
555	27163	48.94
556	27368	49.22
557	27064	48.59
558	26708	47.86
559	27613	49.40
560	26852	47.95
561	28145	50.17
562	28047	49.91
563	27119	48.17
564	28217	50.03
565	27979	49.52
566	29085	51.39
567	28138	49.63
568	27440	48.31
569	28403	49.92
570	28683	50.32
571	29504	51.67
572	29156	50.97
573	28693	50.08
574	28980	50.49
575	29358	51.06
576	27876	48.40
577	29045	50.34
578	28213	48.81
579	29433	50.83
580	29100	50.17
581	29295	50.42
582	29677	50.99
583	29755	51.04
584	29597	50.68
585	28708	49.07
586	28771	49.10
587	29662	50.53
588	29909	50.87
589	33109	56.21
590	29923	50.72
591	29186	49.38
592	32340	54.63
593	35620	60.07
594	35646	60.01
595	30414	51.12
596	31662	53.12
597	30594	51.25
598	30713	51.36
599	34824	58.14
600	31418	52.36
601	31478	52.38
602	30945	51.40
603	30985	51.38
604	31648	52.40
605	32195	53.21
606	31511	52.00
607	31154	51.32
608	32939	54.18
609	35811	58.80
610	31865	52.24
611	31678	51.85
612	32507	53.12
613	32456	52.95
614	32252	52.53
615	32197	52.35
616	32893	53.40
617	32272	52.30
618	31473	50.93
619	32313	52.20
620	31476	50.77
621	32876	52.94
622	32672	52.53
623	32867	52.76
624	33877	54.29
625	33092	52.95
626	32955	52.64
627	33490	53.41
628	38196	60.82
629	32761	52.08
630	32624	51.78
631	33942	53.79
632	33700	53.32
633	33361	52.70
634	33759	53.25
635	39244	61.80
636	35162	55.29
637	33806	53.07
638	34045	53.36
639	34091	53.35
640	34638	54.12
641	35755	55.78
642	34983	54.49
643	33579	52.22
644	34693	53.87
645	34856	54.04
646	34484	53.38
647	37011	57.20
648	37854	58.42
649	34884	53.75
650	35722	54.96
651	35828	55.04
652	35062	53.78
653	36187	55.42
654	36364	55.60
655	34543	52.74
656	35332	53.86
657	36239	55.16
658	35039	53.25
659	35907	54.49
660	36031	54.59
661	35944	54.38
662	36095	54.52
663	36274	54.71
664	37026	55.76
665	38328	57.64
666	36292	54.49
667	36649	54.95
668	37774	56.55
669	39499	59.04
670	36738	54.83
671	38904	57.98
672	36976	55.02
673	37100	55.13
674	36204	53.72
675	37274	55.22
676	37289	55.16
677	38156	56.36
678	37904	55.91
679	37514	55.25
680	37693	55.43
681	39907	58.60
682	36858	54.04
683	37017	54.20
684	38847	56.79
685	37545	54.81
686	37953	55.33
687	37502	54.59
688	39530	57.46
689	38458	55.82
690	38509	55.81
691	38531	55.76
692	39675	57.33
693	38810	56.00
694	38688	55.75
695	40544	58.34
696	39024	56.07
697	38370	55.05
698	40589	58.15
699	39433	56.41
700	43909	62.73
701	40030	57.10
702	38654	55.06
703	39754	56.55
704	40102	56.96
705	39801	56.46
706	40003	56.66
707	39948	56.50
708	40509	57.22
709	40229	56.74
710	41110	57.90
711	40794	57.38
712	40487	56.86
713	40752	57.16
714	43287	60.63
715	40808	57.07
716	40758	56.92
717	41572	57.98
718	43555	60.66
719	40975	56.99
720	41770	58.01
721	45609	63.26
722	40588	56.22
723	43425	60.06
724	42825	59.15
725	41959	57.87
726	46840	64.52
727	43347	59.62
728	42235	58.02
729	42865	58.80
730	42113	57.69
731	42307	57.88
732	42832	58.51
733	45638	62.26
734	42551	57.97
735	44522	60.57
736	43811	59.53
737	41875	56.82
738	42389	57.44
739	44290	59.93
740	42251	57.10
741	44519	60.08
742	45592	61.44
743	42488	57.18
744	43921	59.03
745	50836	68.24
746	43731	58.62
747	43780	58.61
748	43970	58.78
749	43051	57.48
750	44993	59.99
751	44434	59.17
752	44493	59.17
753	45744	60.75
754	45028	59.72
755	47773	63.28
756	45077	59.63
757	52362	69.17
758	45863	60.51
759	47218	62.21
760	46044	60.58
761	45020	59.16
762	58023	76.15
763	45490	59.62
764	45494	59.55
765	50384	65.86
766	45901	59.92
767	47094	61.40
768	49730	64.75
769	47112	61.26
770	46873	60.87
771	46021	59.69
772	45127	58.45
773	45858	59.32
774	47126	60.89
775	45810	59.11
776	47598	61.34
777	46577	59.94
778	46137	59.30
779	48379	62.10
780	47381	60.74
781	48387	61.96
782	46362	59.29
783	48284	61.67
784	47981	61.20
785	47465	60.46
786	47598	60.56
787	49816	63.30
788	46855	59.46
789	48482	61.45
790	47070	59.58
791	48353	61.13
792	49576	62.60
793	48588	61.27
794	49673	62.56
795	49101	61.76
796	48575	61.02
797	49104	61.61
798	48884	61.26
799	48129	60.24
800	50588	63.23
801	49336	61.59
802	50091	62.46
803	52531	65.42
804	49343	61.37
805	52319	64.99
806	49522	61.44
807	50514	62.59
808	50670	62.71
809	51071	63.13
810	50621	62.50
811	54550	67.26
812	50520	62.22
813	51883	63.82
814	50664	62.24
815	51906	63.69
816	51495	63.11
817	50792	62.17
818	51586	63.06
819	50961	62.22
820	51052	62.26
821	52261	63.66
822	52106	63.39
823	51782	62.92
824	59496	72.20
825	51861	62.86
826	51970	62.92
827	52740	63.77
828	52311	63.18
829	53244	64.23
830	63341	76.31
831	54700	65.82
832	52394	62.97
833	55499	66.63
834	52551	63.01
835	53505	64.08
836	52755	63.10
837	53378	63.77
838	53847	64.26
839	54244	64.65
840	53638	63.85
841	52600	62.54
842	54601	64.85
843	55069	65.33
844	53804	63.75
845	55874	66.12
846	53510	63.25
847	53821	63.54
848	54023	63.71
849	55550	65.43
850	59890	70.46
851	54404	63.93
852	55197	64.79
853	66939	78.47
854	54892	64.28
855	69095	80.81
856	56118	65.56
857	56637	66.09
858	55735	64.96
859	57666	67.13
860	54746	63.66
861	58630	68.10
862	56394	65.42
863	59264	68.67
864	57224	66.23
865	55997	64.74
866	57341	66.21
867	56271	64.90
868	56689	65.31
869	57333	65.98
870	58087	66.77
871	68192	78.29
872	55744	63.93
873	57734	66.13
874	57498	65.79
875	57110	65.27
876	57129	65.22
877	58103	66.25
878	58640	66.79
879	58051	66.04
880	71708	81.49
881	61827	70.18
882	59516	67.48
883	57599	65.23
884	59785	67.63
885	58287	65.86
886	57840	65.28
887	59328	66.89
888	59563	67.08
889	59231	66.63
890	58496	65.73
891	60146	67.50
892	59975	67.24
893	61388	68.74
894	59594	66.66
895	59950	66.98
896	60030	67.00
897	61252	68.29
898	59892	66.69
899	63016	70.10
900	60502	67.22
901	60483	67.13
902	60850	67.46
903	61344	67.93
904	61881	68.45
905	61752	68.23
906	60897	67.22
907	61917	68.27
908	61382	67.60
909	62438	68.69
910	61650	67.75
911	61580	67.60
912	61156	67.06
913	61867	67.76
914	62400	68.27
915	65150	71.20
916	70054	76.48
917	65897	71.86
918	63005	68.63
919	61982	67.45
920	61946	67.33
921	62730	68.11
922	63637	69.02
923	67245	72.85
924	62516	67.66
925	63138	68.26
926	66317	71.62
927	73395	79.17
928	70709	76.20
929	65527	70.53
930	63241	68.00
931	64321	69.09
932	63950	68.62
933	65234	69.92
934	64193	68.73
935	67749	72.46
936	65564	70.05
937	63779	68.07
938	65315	69.63
939	66328	70.64
940	65764	69.96
941	66447	70.61
942	65020	69.02
943	64957	68.88
944	66205	70.13
945	66416	70.28
946	67186	71.02
947	67009	70.76
948	67555	71.26
949	67803	71.45
950	68371	71.97
951	67646	71.13
952	68504	71.96
953	67563	70.90
954	72487	75.98
955	67337	70.51
956	67298	70.40
957	69764	72.90
958	67558	70.52
959	69182	72.14
960	66974	69.76
961	68381	71.16
962	67379	70.04
963	68929	71.58
964	68689	71.25
965	68100	70.57
966	69196	71.63
967	70778	73.19
968	68765	71.04
969	68852	71.05
970	69099	71.24
971	69655	71.74
972	68686	70.66
973	71410	73.39
974	68448	70.28
975	70173	71.97
976	73884	75.70
977	70530	72.19
978	71670	73.28
979	73274	74.85
980	72387	73.86
981	71481	72.87
982	70818	72.12
983	69538	70.74
984	71151	72.31
985	74132	75.26
986	72194	73.22
987	72995	73.96
988	72100	72.98
989	71666	72.46
990	72366	73.10
991	71014	71.66
992	71996	72.58
993	71942	72.45
994	75472	75.93
995	71662	72.02
996	72364	72.65
997	73728	73.95
998	73397	73.54
999	73202	73.28
1000	73804	73.80
1001	74504	74.43
1002	71804	71.66
1003	76882	76.65
1004	73723	73.43
1005	75162	74.79
1006	73942	73.50
1007	75141	74.62
1008	75712	75.11
1009	74235	73.57
1010	75966	75.21
1011	74408	73.60
1012	74328	73.45
1013	74579	73.62
1014	80621	79.51
1015	74862	73.76
1016	75261	74.08
1017	76581	75.30
1018	77431	76.06
1019	76814	75.38
1020	74395	72.94
1021	76540	74.97
1022	77009	75.35
1023	79148	77.37
1024	76604	74.81
1025	78527	76.61
1026	77481	75.52
1027	77018	74.99
1028	78126	76.00
1029	76885	74.72
1030	77679	75.42
1031	79438	77.05
1032	78994	76.54
1033	77717	75.23
1034	75935	73.44
1035	77326	74.71
1036	80066	77.28
1037	78621	75.82
1038	78138	75.28
1039	78206	75.27
1040	79887	76.81
1041	78591	75.50
1042	84568	81.16
1043	81243	77.89
1044	79537	76.18
1045	96494	92.34
1046	80797	77.24
1047	90927	86.85
1048	82392	78.62
1049	95014	90.58
1050	94182	89.70
1051	83022	78.99
1052	78990	75.09
1053	92050	87.42
1054	81071	76.92
1055	92798	87.96
1056	93099	88.16
1057	81909	77.49
1058	89706	84.79
1059	81494	76.95
1060	80193	75.65
1061	82015	77.30
1062	82501	77.68
1063	81324	76.50
1064	80498	75.66
1065	81692	76.71
1066	83227	78.07
1067	81735	76.60
1068	87423	81.86
1069	83974	78.55
1070	83805	78.32
1071	84352	78.76
1072	91480	85.34
1073	82467	76.86
1074	84150	78.35
1075	83222	77.42
1076	83877	77.95
1077	84746	78.69
1078	82454	76.49
1079	85525	79.26
1080	85476	79.14
1081	84038	77.74
1082	86263	79.73
1083	93746	86.56
1084	84067	77.55
1085	85039	78.38
1086	85098	78.36
1087	83713	77.01
1088	85575	78.65
1089	83355	76.54
1090	85792	78.71
1091	90361	82.82
1092	86329	79.06
1093	85585	78.30
1094	84760	77.48
1095	84244	76.94
1096	89843	81.97
1097	93238	84.99
1098	85213	77.61
1099	86031	78.28
1100	85872	78.07
1101	85389	77.56
1102	84073	76.29
1103	86929	78.81
1104	88064	79.77
1105	85968	77.80
1106	92827	83.93
1107	91098	82.29
1108	87451	78.93
1109	86086	77.62
1110	88337	79.58
1111	88568	79.72
1112	88614	79.69
1113	87347	78.48
1114	87584	78.62
1115	87552	78.52
1116	89335	80.05
1117	89315	79.96
1118	88774	79.40
1119	88095	78.73
1120	91327	81.54
1121	89052	79.44
1122	89154	79.46
1123	88528	78.83
1124	90693	80.69
1125	89174	79.27
1126	98484	87.46
1127	90236	80.07
1128	91060	80.73
1129	91350	80.91
1130	91727	81.17
1131	90745	80.23
1132	94279	83.29
1133	90444	79.83
1134	91053	80.29
1135	91025	80.20
1136	90778	79.91
1137	88845	78.14
1138	90636	79.64
1139	91847	80.64
1140	91073	79.89
1141	92800	81.33
1142	92176	80.71
1143	91523	80.07
1144	91996	80.42
1145	92221	80.54
1146	92605	80.81
1147	91809	80.04
1148	93542	81.48
1149	95304	82.95
1150	95926	83.41
1151	93138	80.92
1152	91899	79.77
1153	94444	81.91
1154	93730	81.22
1155	97919	84.78
1156	94426	81.68
1157	93225	80.57
1158	94313	81.44
1159	94926	81.90
1160	94589	81.54
1161	96646	83.24
1162	96551	83.09
1163	94749	81.47
1164	97007	83.34
1165	95457	81.94
1166	96334	82.62
1167	105014	89.99
1168	95210	81.52
1169	94968	81.24
1170	95844	81.92
1171	96027	82.00
1172	93839	80.07
1173	96054	81.89
1174	96788	82.44
1175	96571	82.19
1176	97818	83.18
1177	97084	82.48
1178	101583	86.23
1179	97988	83.11
1180	96938	82.15
1181	106834	90.46
1182	97455	82.45
1183	98277	83.07
1184	97718	82.53
1185	98175	82.85
1186	97450	82.17
1187	100549	84.71
1188	106605	89.73
1189	99425	83.62
1190	98864	83.08
1191	98817	82.97
1192	100130	84.00
1193	98987	82.97
1194	100408	84.09
1195	103075	86.26
1196	102546	85.74
1197	100706	84.13
1198	101552	84.77
1199	100106	83.49
1200	102423	85.35
1201	101168	84.24
1202	100346	83.48
1203	101811	84.63
1204	101156	84.02
1205	99506	82.58
1206	100899	83.66
1207	111707	92.55
1208	102504	84.85
1209	103575	85.67
1210	102635	84.82
1211	103753	85.68
1212	102294	84.40
1213	103142	85.03
1214	105049	86.53
1215	101980	83.93
1216	103320	84.97
1217	103664	85.18
1218	103687	85.13
1219	104613	85.82
1220	103514	84.85
1221	104986	85.98
1222	108179	88.53
1223	103474	84.61
1224	103175	84.29
1225	103705	84.66
1226	104895	85.56
1227	103642	84.47
1228	104298	84.93
1229	105303	85.68
1230	107104	87.08
1231	106938	86.87
1232	106221	86.22
1233	105829	85.83
1234	105551	85.54
1235	110486	89.46
1236	106189	85.91
1237	106751	86.30
1238	108044	87.27
1239	105419	85.08
1240	110317	88.97
1241	106638	85.93
1242	108060	87.00
1243	111335	89.57
1244	107416	86.35
1245	108124	86.85
1246	106712	85.64
1247	108968	87.38
1248	107392	86.05
1249	108517	86.88
1250	108109	86.49
1251	110247	88.13
1252	107779	86.09
1253	114348	91.26
1254	110064	87.77
1255	106979	85.24
1256	109865	87.47
1257	109906	87.44
1258	110088	87.51
1259	109399	86.89
1260	118334	93.92
1261	109873	87.13
1262	109607	86.85
1263	114633	90.76
1264	110931	87.76
1265	113672	89.86
1266	111535	88.10
1267	110259	87.02
1268	111372	87.83
1269	110539	87.11
1270	111813	88.04
1271	111969	88.10
1272	112683	88.59
1273	120077	94.33
1274	116245	91.24
1275	112926	88.57
1276	113816	89.20
1277	114235	89.46
1278	114394	89.51
1279	114006	89.14
1280	116016	90.64
1281	112449	87.78
1282	112739	87.94
1283	117452	91.54
1284	114130	88.89
1285	114609	89.19
1286	114580	89.10
1287	114938	89.31
1288	114476	88.88
1289	113146	87.78
1290	125325	97.15
1291	113327	87.78
1292	116375	90.07
1293	115913	89.65
1294	113875	88.00
1295	119836	92.54
1296	119781	92.42
1297	120432	92.85
1298	121966	93.96
1299	117594	90.53
1300	117291	90.22
1301	118159	90.82
1302	121374	93.22
1303	120640	92.59
1304	125674	96.38
1305	118693	90.95
1306	120985	92.64
1307	117747	90.09
1308	119945	91.70
1309	116560	89.05
1310	119463	91.19
1311	118889	90.69
1312	118557	90.36
1313	117344	89.37
1314	118069	89.85
1315	118905	90.42
1316	117863	89.56
1317	118371	89.88
1318	121179	91.94
1319	120239	91.16
1320	120084	90.97
1321	118892	90.00
1322	125779	95.14
1323	120174	90.83
1324	120735	91.19
1325	119932	90.51
1326	120741	91.06
1327	119545	90.09
1328	120686	90.88
1329	121826	91.67
1330	121426	91.30
1331	121301	91.14
1332	122063	91.64
1333	122015	91.53
1334	120409	90.26
1335	122649	91.87
1336	121396	90.87
1337	122206	91.40
1338	121826	91.05
1339	121903	91.04
1340	125412	93.59
1341	125178	93.35
1342	122873	91.56
1343	122335	91.09
1344	122189	90.91
1345	123316	91.68
1346	125448	93.20
1347	123240	91.49
1348	123983	91.98
1349	124046	91.95
1350	124881	92.50
1351	123685	91.55
1352	125224	92.62
1353	124315	91.88
1354	123020	90.86
1355	123706	91.30
1356	125591	92.62
1357	124709	91.90
1358	129662	95.48
1359	126534	93.11
1360	129550	95.26
1361	127136	93.41
1362	125648	92.25
1363	126335	92.69
1364	126738	92.92
1365	126522	92.69
1366	128519	94.08
1367	127496	93.27
1368	128106	93.64
1369	127967	93.47
1370	127935	93.38
1371	127390	92.92
1372	128404	93.59
1373	126921	92.44
1374	128910	93.82
1375	128669	93.58
1376	133348	96.91
1377	129473	94.03
1378	128653	93.36
1379	129330	93.79
1380	129603	93.92
1381	131108	94.94
1382	130751	94.61
1383	129827	93.87
1384	130030	93.95
1385	131261	94.77
1386	130702	94.30
1387	130088	93.79
1388	131540	94.77
1389	131197	94.45
1390	131436	94.56
1391	134052	96.37
1392	132876	95.46
1393	131798	94.61
1394	135693	97.34
1395	137959	98.90
1396	133714	95.78
1397	130951	93.74
1398	140741	100.67
1399	133136	95.17
1400	135909	97.08
1401	133712	95.44
1402	134729	96.10
1403	132870	94.70
1404	132772	94.57
1405	133624	95.11
1406	133751	95.13
1407	133395	94.81
1408	134444	95.49
1409	134126	95.19
1410	140873	99.91
1411	139269	98.70
1412	135710	96.11
1413	135277	95.74
1414	136879	96.80
1415	133852	94.60
1416	134265	94.82
1417	136094	96.04
1418	145458	102.58
1419	138536	97.63
1420	136870	96.39
1421	134710	94.80
1422	137194	96.48
1423	138583	97.39
1424	135100	94.87
1425	137212	96.29
1426	142207	99.72
1427	137367	96.26
1428	137454	96.26
1429	137940	96.53
1430	148179	103.62
1431	144058	100.67
1432	141367	98.72
1433	142382	99.36
1434	140508	97.98
1435	141838	98.84
1436	142833	99.47
1437	141044	98.15
1438	143848	100.03
1439	143293	99.58
1440	142501	98.96
1441	140803	97.71
1442	142568	98.87
1443	146485	101.51
1444	145433	100.72
1445	145611	100.77
1446	157966	109.24
1447	140345	96.99
1448	154831	106.93
1449	144240	99.54
1450	141137	97.34
1451	142111	97.94
1452	142534	98.16
1453	144866	99.70
1454	143176	98.47
1455	143567	98.67
1456	142699	98.01
1457	142967	98.12
1458	143853	98.66
1459	144352	98.94
1460	145548	99.69
1461	143756	98.40
1462	144155	98.60
1463	151562	103.60
1464	145228	99.20
1465	143844	98.19
1466	145473	99.23
1467	144151	98.26
1468	144401	98.37
1469	143915	97.97
1470	143921	97.91
1471	146964	99.91
1472	144479	98.15
1473	145174	98.56
1474	144579	98.09
1475	145736	98.80
1476	154937	104.97
1477	146078	98.90
1478	146989	99.45
1479	151356	102.34
1480	150671	101.80
1481	147964	99.91
1482	146562	98.89
1483	147871	99.71
1484	148467	100.05
1485	146681	98.78
1486	148814	100.14
1487	147862	99.44
1488	148142	99.56
1489	149392	100.33
1490	149355	100.24
1491	150148	100.70
1492	149600	100.27
1493	147727	98.95
1494	155001	103.75
1495	151237	101.16
1496	149669	100.05
1497	148695	99.33
1498	151637	101.23
1499	151047	100.77
1500	150952	100.63
1501	150301	100.13
1502	151275	100.72
1503	152118	101.21
1504	158923	105.67
1505	151509	100.67
1506	153044	101.62
1507	152976	101.51
1508	152000	100.80
1509	156947	104.01
1510	152619	101.07
1511	153140	101.35
1512	160955	106.45
1513	155524	102.79
1514	155286	102.57
1515	162895	107.52
1516	155960	102.88
1517	153757	101.36
1518	154281	101.63
1519	173213	114.03
1520	154056	101.35
1521	155046	101.94
1522	154693	101.64
1523	154314	101.32
1524	156625	102.77
1525	156012	102.30
1526	322314	211.21
1527	166999	109.36
1528	157068	102.79
1529	157570	103.05
1530	165752	108.33
1531	157580	102.93
1532	159625	104.19
1533	168460	109.89
1534	159665	104.08
1535	157263	102.45
1536	158557	103.23
1537	168291	109.49
1538	167475	108.89
1539	157960	102.64
1540	158989	103.24
1541	158867	103.09
1542	161449	104.70
1543	167083	108.28
1544	161126	104.36
1545	187376	121.28
1546	166044	107.40
1547	158861	102.69
1548	161179	104.12
1549	167005	107.81
1550	158769	102.43
1551	174214	112.32
1552	160333	103.31
1553	167381	107.78
1554	161834	104.14
1555	162347	104.40
1556	163515	105.09
1557	162110	104.12
1558	159565	102.42
1559	169385	108.65
1560	163495	104.80
1561	168922	108.21
1562	163184	104.47
1563	163224	104.43
1564	164775	105.35
1565	166381	106.31
1566	165130	105.45
1567	166532	106.27
1568	162831	103.85
1569	168184	107.19
1570	166637	106.14
1571	164094	104.45
1572	174059	110.72
1573	164537	104.60
1574	163781	104.05
1575	168597	107.05
1576	165409	104.95
1577	166937	105.86
1578	173858	110.18
1579	171057	108.33
1580	167795	106.20
1581	167631	106.03
1582	166572	105.29
1583	166175	104.97
1584	169615	107.08
1585	167491	105.67
1586	168906	106.50
1587	168786	106.36
1588	172669	108.73
1589	170521	107.31
1590	173143	108.89
1591	169455	106.51
1592	168068	105.57
1593	170759	107.19
1594	168631	105.79
1595	166506	104.39
1596	168127	105.34
1597	173061	108.37
1598	171151	107.10
1599	169302	105.88
1600	173368	108.36
1601	176327	110.14
1602	171749	107.21
1603	171403	106.93
1604	172682	107.66
1605	176602	110.03
1606	174141	108.43
1607	169331	105.37
1608	173832	108.10
1609	171447	106.56
1610	181105	112.49
1611	173248	107.54
1612	172654	107.11
1613	175425	108.76
1614	172134	106.65
1615	174015	107.75
1616	173517	107.37
1617	173871	107.53
1618	177784	109.88
1619	174310	107.67
1620	176387	108.88
1621	172561	106.45
1622	173429	106.92
1623	172309	106.17
1624	175233	107.90
1625	175913	108.25
1626	174606	107.38
1627	175821	108.06
1628	174887	107.42
1629	188416	115.66
1630	174971	107.34
1631	180668	110.77
1632	176285	108.02
1633	186135	113.98
1634	178730	109.38
1635	178664	109.27
1636	176195	107.70
1637	177535	108.45
1638	184034	112.35
1639	177766	108.46
1640	181356	110.58
1641	182437	111.17
1642	179557	109.35
1643	178514	108.65
1644	182458	110.98
1645	179422	109.07
1646	177346	107.74
1647	186798	113.42
1648	180178	109.33
1649	182816	110.86
1650	186296	112.91
1651	181927	110.19
1652	180861	109.48
1653	184140	111.40
1654	180157	108.92
1655	182631	110.35
1656	185316	111.91
1657	182795	110.32
1658	181838	109.67
1659	179862	108.42
1660	190223	114.59
1661	185390	111.61
1662	183365	110.33
1663	182420	109.69
1664	185470	111.46
1665	183717	110.34
1666	181991	109.24
1667	183685	110.19
1668	186753	111.96
1669	188404	112.88
1670	183694	110.00
1671	187069	111.95
1672	186151	111.33
1673	186995	111.77
1674	186934	111.67
1675	189435	113.10
1676	187512	111.88
1677	188655	112.50
1678	185835	110.75
1679	185903	110.72
1680	190010	113.10
1681	189894	112.96
1682	190963	113.53
1683	187190	111.22
1684	190008	112.83
1685	188059	111.61
1686	188261	111.66
1687	189957	112.60
1688	194594	115.28
1689	188693	111.72
1690	187749	111.09
1691	191568	113.29
1692	188517	111.42
1693	190925	112.77
1694	190157	112.25
1695	193137	113.95
1696	191274	112.78
1697	190507	112.26
1698	191018	112.50
1699	193113	113.66
1700	196777	115.75
1701	190413	111.94
1702	190892	112.16
1703	198086	116.32
1704	189960	111.48
1705	197106	115.60
1706	196572	115.22
1707	193964	113.63
1708	190579	111.58
1709	191383	111.99
1710	198067	115.83
1711	192429	112.47
1712	192589	112.49
1713	193076	112.71
1714	193707	113.01
1715	194274	113.28
1716	193700	112.88
1717	204207	118.93
1718	193693	112.74
1719	193865	112.78
1720	194168	112.89
1721	195151	113.39
1722	194274	112.82
1723	194870	113.10
1724	194985	113.10
1725	195737	113.47
1726	195344	113.18
1727	193214	111.88
1728	202125	116.97
1729	197244	114.08
1730	196992	113.87
1731	196624	113.59
1732	199935	115.44
1733	197276	113.83
1734	199696	115.16
1735	198434	114.37
1736	200983	115.77
1737	197904	113.93
1738	198129	114.00
1739	197186	113.39
1740	203090	116.72
1741	201815	115.92
1742	208084	119.45
1743	203718	116.88
1744	200887	115.19
1745	210815	120.81
1746	215863	123.63
1747	200773	114.92
1748	201388	115.21
1749	199978	114.34
1750	212820	121.61
1751	199971	114.20
1752	200775	114.60
1753	204752	116.80
1754	201200	114.71
1755	203155	115.76
1756	202310	115.21
1757	202261	115.12
1758	202348	115.10
1759	201288	114.43
1760	204869	116.40
1761	203007	115.28
1762	202131	114.72
1763	202759	115.01
1764	202312	114.69
1765	202958	114.99
1766	203779	115.39
1767	211166	119.51
1768	207746	117.50
1769	204304	115.49
1770	206315	116.56
1771	206648	116.68
1772	211779	119.51
1773	209762	118.31
1774	207264	116.83
1775	205392	115.71
1776	204969	115.41
1777	205747	115.78
1778	212869	119.72
1779	209573	117.80
1780	207761	116.72
1781	206911	116.18
1782	207670	116.54
1783	207793	116.54
1784	207706	116.43
1785	207755	116.39
1786	212445	118.95
1787	210965	118.06
1788	211688	118.39
1789	220190	123.08
1790	213365	119.20
1791	212967	118.91
1792	213475	119.13
1793	210207	117.24
1794	211364	117.82
1795	210709	117.39
1796	211419	117.72
1797	210066	116.90
1798	216732	120.54
1799	215433	119.75
1800	220423	122.46
1801	212368	117.92
1802	215111	119.37
1803	216718	120.20
1804	215308	119.35
1805	218677	121.15
1806	213586	118.26
1807	218279	120.80
1808	219458	121.38
1809	215789	119.29
1810	220364	121.75
1811	220859	121.95
1812	219709	121.25
1813	218426	120.48
1814	222954	122.91
1815	221078	121.81
1816	220844	121.61
1817	222800	122.62
1818	226450	124.56
1819	217552	119.60
1820	245335	134.80
1821	227133	124.73
1822	231037	126.80
1823	229981	126.16
1824	223859	122.73
1825	229809	125.92
1826	226694	124.15
1827	232076	127.03
1828	224790	122.97
1829	219924	120.24
1830	234587	128.19
1831	222968	121.77
1832	221988	121.17
1833	224605	122.53
1834	237390	129.44
1835	225032	122.63
1836	231119	125.88
1837	223638	121.74
1838	235683	128.23
1839	225965	122.87
1840	245754	133.56
1841	223307	121.30
1842	226469	122.95
1843	219449	119.07
1844	229850	124.65
1845	230269	124.81
1846	235806	127.74
1847	233569	126.46
1848	244937	132.54
1849	236119	127.70
1850	240163	129.82
1851	230569	124.56
1852	230020	124.20
1853	228090	123.09
1854	229833	123.97
1855	231022	124.54
1856	230684	124.29
1857	232201	125.04
1858	229844	123.71
1859	233788	125.76
1860	232992	125.26
1861	233186	125.30
1862	238375	128.02
1863	240017	128.83
1864	232998	125.00
1865	230789	123.75
1866	233562	125.17
1867	234025	125.35
1868	245795	131.58
1869	241555	129.24
1870	245691	131.39
1871	232525	124.28
1872	235158	125.62
1873	238415	127.29
1874	237870	126.93
1875	246939	131.70
1876	246596	131.45
1877	240999	128.40
1878	453572	241.52
1879	237930	126.63
1880	245580	130.63
1881	237472	126.25
1882	248550	132.07
1883	249582	132.54
1884	247588	131.42
1885	258694	137.24
1886	254451	134.92
1887	255376	135.33
1888	244028	129.25
1889	250206	132.45
1890	243323	128.74
1891	249108	131.73
1892	246229	130.14
1893	248341	131.19
1894	248977	131.46
1895	253918	133.99
1896	247947	130.77
1897	252209	132.95
1898	243246	128.16
1899	249268	131.26
1900	250094	131.63
1901	257286	135.34
1902	249888	131.38
1903	248194	130.42
1904	255654	134.27
1905	252026	132.30
1906	254335	133.44
1907	253112	132.73
1908	256292	134.32
1909	262676	137.60
1910	255723	133.89
1911	250838	131.26
1912	258672	135.29
1913	256963	134.32
1914	255116	133.29
1915	253425	132.34
1916	254801	132.99
1917	251053	130.96
1918	272418	142.03
1919	268884	140.12
1920	255628	133.14
1921	265002	137.95
1922	258360	134.42
1923	259016	134.69
1924	260915	135.61
1925	261666	135.93
1926	264721	137.45
1927	274208	142.30
1928	259027	134.35
1929	260836	135.22
1930	253550	131.37
1931	260604	134.96
1932	264354	136.83
1933	255622	132.24
1934	265735	137.40
1935	268216	138.61
1936	269354	139.13
1937	263428	136.00
1938	273266	141.00
1939	272539	140.56
1940	269697	139.02
1941	266675	137.39
1942	266352	137.15
1943	267102	137.47
1944	263952	135.78
1945	277142	142.49
1946	275866	141.76
1947	275114	141.30
1948	268482	137.82
1949	272029	139.57
1950	277560	142.34
1951	272096	139.46
1952	284982	145.99
1953	272505	139.53
1954	272129	139.27
1955	273245	139.77
1956	275848	141.03
1957	291245	148.82
1958	287121	146.64
1959	266393	135.98
1960	278044	141.86
1961	277169	141.34
1962	278800	142.10
1963	282975	144.15
1964	280122	142.63
1965	287057	146.08
1966	280607	142.73
1967	285343	145.07
1968	275397	139.94
1969	288566	146.55
1970	289328	146.87
1971	275279	139.66
1972	273560	138.72
1973	281321	142.59
1974	279604	141.64
1975	287235	145.44
1976	274460	138.90
1977	280010	141.63
1978	268680	135.83
1979	300350	151.77
1980	270324	136.53
1981	309541	156.25
1982	287642	145.13
1983	285669	144.06
1984	297044	149.72
1985	279570	140.84
1986	283737	142.87
1987	317799	159.94
1988	286392	144.06
1989	298902	150.28
1990	285924	143.68
1991	291461	146.39
1992	276556	138.83
1993	292852	146.94
1994	302156	151.53
1995	293996	147.37
1996	287567	144.07
1997	280016	140.22
1998	290133	145.21
1999	286727	143.44
2000	294076	147.04
2001	284557	142.21
2002	297418	148.56
2003	290846	145.21
2004	307136	153.26
2005	294015	146.64
2006	297064	148.09
2007	279532	139.28
2008	302575	150.68
2009	295385	147.03
2010	305523	152.00
2011	300514	149.44
2012	308700	153.43
2013	290214	144.17
2014	291993	144.98
2015	291871	144.85
2016	300671	149.14
2017	297858	147.67
2018	295692	146.53
2019	298102	147.65
2020	295175	146.13
2021	287218	142.12
2022	293911	145.36
2023	292095	144.39
2024	294170	145.34
2025	287529	141.99
2026	297060	146.62
2027	305087	150.51
2028	299623	147.74
2029	291846	143.84
2030	300181	147.87
2031	297243	146.35
2032	305677	150.43
2033	304081	149.57
2034	296517	145.78
2035	299897	147.37
2036	299116	146.91
2037	292238	143.46
2038	311121	152.66
2039	303637	148.91
2040	302726	148.40
2041	306172	150.01
2042	289523	141.78
2043	293669	143.74
2044	305937	149.68
2045	319002	155.99
2046	297672	145.49
2047	294354	143.80
2048	313079	152.87
2049	301322	147.06
2050	310549	151.49
2051	305193	148.80
2052	307692	149.95
2053	307724	149.89
2054	321880	156.71
2055	312896	152.26
2056	308210	149.91
2057	300522	146.10
2058	309422	150.35
2059	303008	147.16
2060	298256	144.78
2061	317256	153.93
2062	303152	147.02
2063	312876	151.66
2064	295411	143.13
2065	308929	149.60
2066	294689	142.64
2067	325692	157.57
2068	305072	147.52
2069	303933	146.90
2070	317223	153.25
2071	311266	150.30
2072	326936	157.79
2073	318420	153.60
2074	295172	142.32
2075	313588	151.13
2076	306919	147.84
2077	297681	143.32
2078	315612	151.88
2079	321920	154.84
2080	307767	147.96
2081	321321	154.41
2082	293280	140.86
2083	330506	158.67
2084	308080	147.83
2085	306585	147.04
2086	308646	147.96
2087	315941	151.39
2088	305430	146.28
2089	304511	145.77
2090	309793	148.23
2091	315755	151.01
2092	311457	148.88
2093	316911	151.41
2094	303232	144.81
2095	316228	150.94
2096	305648	145.82
2097	316954	151.15
2098	304908	145.33
2099	327256	155.91
2100	328480	156.42
2101	312041	148.52
2102	312523	148.68
2103	322021	153.12
2104	332683	158.12
2105	320502	152.26
2106	318654	151.31
2107	318808	151.31
2108	315855	149.84
2109	321494	152.44
2110	325523	154.28
2111	312336	147.96
2112	318250	150.69
2113	322093	152.43
2114	324370	153.44
2115	311340	147.21
2116	326587	154.34
2117	318709	150.55
2118	330238	155.92
2119	329924	155.70
2120	315040	148.60
2121	310237	146.27
2122	327981	154.56
2123	320136	150.79
2124	339984	160.07
2125	324371	152.65
2126	320228	150.62
2127	312727	147.03
2128	331064	155.58
2129	325438	152.86
2130	323251	151.76
2131	323502	151.81
2132	329633	154.61
2133	333422	156.32
2134	332426	155.78
2135	332807	155.88
2136	330560	154.76
2137	332470	155.58
2138	321932	150.58
2139	320540	149.86
2140	328338	153.43
2141	320057	149.49
2142	318831	148.85
2143	330982	154.45
2144	327434	152.72
2145	325123	151.57
2146	330061	153.80
2147	325051	151.40
2148	328072	152.73
2149	335911	156.31
2150	335845	156.21
2151	323086	150.20
2152	330152	153.42
2153	329584	153.08
2154	578412	268.53
2155	331181	153.68
2156	348207	161.51
2157	334351	155.01
2158	337082	156.20
2159	330774	153.21
2160	337915	156.44
2161	321268	148.67
2162	334760	154.84
2163	329683	152.42
2164	343097	158.55
2165	326823	150.96
2166	327990	151.43
2167	330178	152.37
2168	333479	153.82
2169	337093	155.41
2170	336966	155.28
2171	337038	155.25
2172	335604	154.51
2173	332777	153.14
2174	328613	151.16
2175	344462	158.37
2176	337876	155.27
2177	336320	154.49
2178	336138	154.33
2179	341524	156.73
2180	349729	160.43
2181	345203	158.28
2182	335750	153.87
2183	334469	153.22
2184	344019	157.52
2185	347911	159.23
2186	341723	156.32
2187	337338	154.25
2188	342771	156.66
2189	324185	148.10
2190	341617	155.99
2191	365315	166.73
2192	366861	167.36
2193	351335	160.21
2194	372511	169.79
2195	367787	167.56
2196	369071	168.07
2197	365290	166.27
2198	353143	160.67
2199	372823	169.54
2200	354766	161.26
2201	376508	171.06
2202	350543	159.19
2203	358738	162.84
2204	370200	167.97
2205	364873	165.48
2206	378042	171.37
2207	348003	157.68
2208	348831	157.99
2209	346423	156.82
2210	391098	176.97
2211	372654	168.55
2212	369673	167.12
2213	365667	165.24
2214	370447	167.32
2215	365841	165.17
2216	355918	160.61
2217	377875	170.44
2218	369546	166.61
2219	372299	167.78
2220	360751	162.50
2221	366644	165.08
2222	365547	164.51
2223	379501	170.72
2224	372277	167.39
2225	363450	163.35
2226	363973	163.51
2227	368069	165.28
2228	367672	165.02
2229	372267	167.01
2230	348652	156.35
2231	375954	168.51
2232	373896	167.52
2233	371731	166.47
2234	365100	163.43
2235	358368	160.34
2236	349787	156.43
2237	357375	159.76
2238	352470	157.49
2239	362674	161.98
2240	350787	156.60
2241	363358	162.14
2242	355510	158.57
2243	352096	156.98
2244	359972	160.42
2245	372468	165.91
2246	356486	158.72
2247	358053	159.35
2248	347921	154.77
2249	362047	160.98
2250	367100	163.16
2251	366540	162.83
2252	360270	159.98
2253	370819	164.59
2254	354636	157.34
2255	385804	171.09
2256	374421	165.97
2257	357132	158.23
2258	354967	157.20
2259	355098	157.19
2260	365821	161.87
2261	363187	160.63
2262	356071	157.41
2263	358229	158.30
2264	363918	160.74
2265	365643	161.43
2266	355070	156.69
2267	365644	161.29
2268	368171	162.33
2269	361878	159.49
2270	364320	160.49
2271	366152	161.23
2272	369960	162.83
2273	370142	162.84
2274	361748	159.08
2275	361785	159.03
2276	357183	156.93
2277	368635	161.90
2278	349007	153.21
2279	383886	168.44
2280	349425	153.26
2281	367857	161.27
2282	363977	159.50
2283	372909	163.34
2284	374615	164.02
2285	373734	163.56
2286	366718	160.42
2287	368853	161.28
2288	352585	154.10
2289	373822	163.31
2290	366978	160.25
2291	377960	164.98
2292	363352	158.53
2293	378353	165.00
2294	370474	161.50
2295	371085	161.69
2296	370207	161.24
2297	371472	161.72
2298	360963	157.08
2299	361628	157.30
2300	383439	166.71
2301	387154	168.25
2302	387282	168.24
2303	377750	164.03
2304	366326	159.00
2305	374062	162.28
2306	360355	156.27
2307	382297	165.71
2308	369679	160.17
2309	383813	166.22
2310	389654	168.68
2311	378116	163.62
2312	377434	163.25
2313	367524	158.89
2314	379793	164.13
2315	370639	160.10
2316	370204	159.85
2317	367233	158.50
2318	369962	159.60
2319	356099	153.56
2320	384235	165.62
2321	380341	163.87
2322	364361	156.92
2323	371946	160.11
2324	366395	157.66
2325	365812	157.34
2326	363392	156.23
2327	364486	156.63
2328	361151	155.13
2329	362212	155.52
2330	365595	156.91
2331	361658	155.15
2332	365451	156.71
2333	359210	153.97
2334	365325	156.52
2335	357402	153.06
2336	350063	149.86
2337	354043	151.49
2338	358490	153.33
2339	357154	152.70
2340	354609	151.54
2341	354666	151.50
2342	348813	148.94
2343	346955	148.08
2344	356616	152.14
2345	350537	149.48
2346	351078	149.65
2347	363387	154.83
2348	352745	150.23
2349	358908	152.79
2350	366909	156.13
2351	361107	153.60
2352	361513	153.70
2353	372264	158.21
2354	360234	153.03
2355	376779	159.99
2356	359929	152.77
2357	357338	151.61
2358	359893	152.63
2359	360532	152.83
2360	361370	153.12
2361	365030	154.61
2362	354968	150.28
2363	357649	151.35
2364	357622	151.28
2365	364567	154.15
2366	359003	151.73
2367	359172	151.74
2368	366357	154.71
2369	359701	151.84
2370	361354	152.47
2371	366949	154.77
2372	358209	151.02
2373	366844	154.59
2374	360035	151.66
2375	363181	152.92
2376	375123	157.88
2377	369543	155.47
2378	361359	151.96
2379	366333	153.99
2380	359327	150.98
2381	361597	151.87
2382	361028	151.57
2383	380135	159.52
2384	365758	153.42
2385	376691	157.94
2386	367163	153.88
2387	370870	155.37
2388	365928	153.24
2389	365414	152.96
2390	361538	151.27
2391	371387	155.33
2392	384018	160.54
2393	366413	153.12
2394	363485	151.83
2395	369109	154.12
2396	364430	152.10
2397	373120	155.66
2398	364876	152.16
2399	385395	160.65
2400	371381	154.74
2401	368458	153.46
2402	368943	153.60
2403	371053	154.41
2404	380849	158.42
2405	379325	157.72
2406	372106	154.66
2407	367685	152.76
2408	375581	155.97
2409	381044	158.18
2410	375156	155.67
2411	372272	154.41
2412	378234	156.81
2413	371031	153.76
2414	372267	154.21
2415	369677	153.08
2416	370942	153.54
2417	373749	154.63
2418	384902	159.18
2419	373782	154.52
2420	370608	153.14
2421	371572	153.48
2422	376679	155.52
2423	380917	157.21
2424	379895	156.72
2425	379942	156.68
2426	380040	156.65
2427	378324	155.88
2428	383215	157.83
2429	377360	155.36
2430	382764	157.52
2431	382704	157.43
2432	374851	154.13
2433	388116	159.52
2434	379117	155.76
2435	377205	154.91
2436	389028	159.70
2437	377050	154.72
2438	379518	155.67
2439	386075	158.29
2440	378605	155.17
2441	386973	158.53
2442	379434	155.38
2443	383455	156.96
2444	386932	158.32
2445	384441	157.24
2446	383656	156.85
2447	383233	156.61
2448	384723	157.16
2449	385914	157.58
2450	381153	155.57
2451	386689	157.77
2452	383130	156.25
2453	382086	155.76
2454	392403	159.90
2455	391143	159.33
2456	382984	155.94
2457	389141	158.38
2458	384234	156.32
2459	383838	156.10
2460	389759	158.44
2461	394709	160.39
2462	386291	156.90
2463	393489	159.76
2464	382174	155.10
2465	384609	156.03
2466	390800	158.48
2467	390900	158.45
2468	389321	157.75
2469	390155	158.02
2470	395096	159.96
2471	397437	160.84
2472	394122	159.43
2473	396724	160.42
2474	387450	156.61
2475	391153	158.04
2476	388481	156.90
2477	393231	158.75
2478	392241	158.29
2479	398804	160.87
2480	394902	159.23
2481	393045	158.42
2482	394959	159.13
2483	393502	158.48
2484	396009	159.42
2485	402715	162.06
2486	390636	157.13
2487	399869	160.78
2488	402830	161.91
2489	390254	156.79
2490	396310	159.16
2491	395845	158.91
2492	399306	160.24
2493	400143	160.51
2494	398665	159.85
2495	395353	158.46
2496	397566	159.28
2497	395084	158.22
2498	400626	160.38
2499	400795	160.38
2500	397807	159.12
2501	405925	162.31
2502	401130	160.32
2503	410289	163.92
2504	397596	158.78
2505	407378	162.63
2506	399412	159.38
2507	412671	164.61
2508	407306	162.40
2509	405366	161.56
2510	401712	160.04
2511	403460	160.68
2512	414041	164.83
2513	413470	164.53
2514	413636	164.53
2515	412097	163.86
2516	408556	162.38
2517	400776	159.23
2518	402247	159.75
2519	408209	162.05
2520	404453	160.50
2521	396495	157.28
2522	401543	159.22
2523	395338	156.69
2524	395296	156.61
2525	397543	157.44
2526	399812	158.28
2527	397515	157.31
2528	397179	157.11
2529	395223	156.28
2530	393609	155.58
2531	394284	155.78
2532	585797	231.36
2533	396552	156.55
2534	396569	156.50
2535	396163	156.28
2536	394838	155.69
2537	394505	155.50
2538	407471	160.55
2539	397221	156.45
2540	396702	156.18
2541	398701	156.91
2542	398793	156.88
2543	397414	156.28
2544	415037	163.14
2545	405509	159.34
2546	404593	158.91
2547	401524	157.65
2548	399589	156.82
2549	399726	156.82
2550	407722	159.89
2551	399435	156.58
2552	402934	157.89
2553	404371	158.39
2554	401525	157.21
2555	403086	157.76
2556	403152	157.73
2557	403063	157.63
2558	402476	157.34
2559	407545	159.26
2560	410165	160.22
2561	407393	159.08
2562	408334	159.38
2563	404357	157.77
2564	406336	158.48
2565	404915	157.86
2566	407383	158.76
2567	405875	158.11
2568	412770	160.74
2569	408674	159.08
2570	406579	158.20
2571	412597	160.48
2572	414992	161.35
2573	412066	160.15
2574	407847	158.45
2575	413512	160.59
2576	414234	160.81
2577	408723	158.60
2578	408950	158.63
2579	412997	160.14
2580	421243	163.27
2581	411977	159.62
2582	409326	158.53
2583	409529	158.55
2584	412245	159.54
2585	417017	161.32
2586	411078	158.96
2587	412294	159.37
2588	413139	159.64
2589	413427	159.69
2590	414545	160.06
2591	416378	160.70
2592	415192	160.18
2593	417760	161.11
2594	415063	160.01
2595	414163	159.60
2596	419838	161.72
2597	416182	160.25
2598	415892	160.08
2599	418185	160.90
2600	416029	160.01
2601	417419	160.48
2602	421763	162.09
2603	423260	162.60
2604	417380	160.28
2605	420815	161.54
2606	417349	160.15
2607	417754	160.24
2608	431144	165.32
2609	419882	160.94
2610	418253	160.25
2611	419517	160.67
2612	419101	160.45
2613	426242	163.12
2614	419005	160.29
2615	420670	160.87
2616	431769	165.05
2617	420147	160.55
2618	422354	161.33
2619	434061	165.74
2620	531889	203.01
2621	426168	162.60
2622	429672	163.87
2623	426912	162.76
2624	424570	161.80
2625	422892	161.10
2626	425827	162.16
2627	424814	161.71
2628	427650	162.73
2629	425414	161.82
2630	425716	161.87
2631	425307	161.65
2632	426205	161.93
2633	426356	161.93
2634	426914	162.08
2635	425843	161.61
2636	430329	163.25
2637	431146	163.50
2638	438721	166.31
2639	431009	163.32
2640	430720	163.15
2641	428226	162.15
2642	430229	162.84
2643	430366	162.83
2644	427395	161.65
2645	431563	163.16
2646	431877	163.22
2647	446394	168.64
2648	451120	170.36
2649	453115	171.05
2650	454230	171.41
2651	435256	164.19
2652	432593	163.12
2653	432486	163.02
2654	432546	162.98
2655	432939	163.07
2656	442689	166.68
2657	433039	162.98
2658	439373	165.30
2659	436628	164.21
2660	435960	163.89
2661	443841	166.79
2662	434767	163.32
2663	435944	163.70
2664	436676	163.92
2665	435785	163.52
2666	437200	163.99
2667	439636	164.84
2668	436146	163.47
2669	437991	164.10
2670	436680	163.55
2671	486424	182.11
2672	447886	167.62
2673	476240	178.17
2674	462152	172.83
2675	441137	164.91
2676	440486	164.61
2677	438529	163.81
2678	440012	164.31
2679	447925	167.20
2680	447368	166.93
2681	441063	164.51
2682	440571	164.27
2683	442808	165.04
2684	445425	165.96
2685	444463	165.54
2686	444727	165.57
2687	444801	165.54
2688	445056	165.57
2689	442221	164.46
2690	444613	165.28
2691	452632	168.20
2692	444280	165.04
2693	444185	164.94
2694	443579	164.65
2695	447666	166.11
2696	445437	165.22
2697	445542	165.20
2698	445614	165.16
2699	452892	167.80
2700	451163	167.10
2701	446421	165.28
2702	448228	165.89
2703	447722	165.64
2704	448646	165.92
2705	448098	165.66
2706	455577	168.36
2707	501945	185.42
2708	451169	166.61
2709	551475	203.57
2710	960514	354.43
2711	456480	168.38
2712	456960	168.50
2713	458973	169.18
2714	451805	166.47
2715	450821	166.05
2716	453082	166.82
2717	452860	166.68
2718	457965	168.49
2719	458445	168.61
2720	456378	167.79
2721	464773	170.81
2722	454144	166.84
2723	455519	167.29
2724	458267	168.23
2725	454029	166.62
2726	463600	170.07
2727	454487	166.66
2728	455881	167.11
2729	458420	167.98
2730	455830	166.97
2731	456016	166.98
2732	457419	167.43
2733	457524	167.41
2734	460459	168.42
2735	456991	167.09
2736	458267	167.50
2737	459570	167.91
2738	458304	167.39
2739	462259	168.77
2740	458016	167.16
2741	458843	167.40
2742	464518	169.41
2743	459112	167.38
2744	469648	171.15
2745	462145	168.36
2746	462378	168.38
2747	466458	169.81
2748	462798	168.41
2749	460985	167.69
2750	461537	167.83
2751	474883	172.62
2752	471490	171.33
2753	471645	171.32
2754	472931	171.73
2755	464080	168.45
2756	463886	168.32
2757	466301	169.13
2758	466050	168.98
2759	465423	168.69
2760	466827	169.14
2761	465526	168.61
2762	474060	171.64
2763	479694	173.61
2764	482407	174.53
2765	466458	168.70
2766	467950	169.18
2767	468069	169.16
2768	468030	169.09
2769	467674	168.90
2770	469287	169.42
2771	469617	169.48
2772	468133	168.88
2773	470588	169.70
2774	472418	170.30
2775	468950	168.99
2776	471003	169.67
2777	476569	171.61
2778	484092	174.26
2779	484458	174.33
2780	475577	171.07
2781	482954	173.66
2782	479910	172.51
2783	477651	171.63
2784	479821	172.35
2785	475513	170.74
2786	484177	173.79
2787	475538	170.63
2788	476182	170.80
2789	476746	170.94
2790	475017	170.26
2791	479249	171.71
2792	476198	170.56
2793	488292	174.83
2794	490255	175.47
2795	479162	171.44
2796	477551	170.80
2797	477238	170.62
2798	485471	173.51
2799	486446	173.79
2800	487131	173.98
2801	478861	170.96
2802	478789	170.87
2803	486364	173.52
2804	478844	170.77
2805	484915	172.88
2806	480542	171.26
2807	480621	171.22
2808	483584	172.22
2809	481291	171.34
2810	481928	171.50
2811	481725	171.37
2812	488091	173.57
2813	487056	173.14
2814	481434	171.09
2815	483290	171.68
2816	482992	171.52
2817	483479	171.63
2818	487844	173.12
2819	489462	173.63
2820	484928	171.96
2821	486005	172.28
2822	485623	172.08
2823	488214	172.94
2824	489870	173.47
2825	486275	172.13
2826	486404	172.12
2827	486906	172.23
2828	493734	174.59
2829	488917	172.82
2830	488569	172.64
2831	487574	172.23
2832	488020	172.32
2833	492902	173.99
2834	488988	172.54
2835	489291	172.59
2836	489438	172.58
2837	490442	172.87
2838	493066	173.74
2839	490761	172.86
2840	493005	173.59
2841	491519	173.01
2842	491645	172.99
2843	494583	173.97
2844	491906	172.96
2845	495357	174.11
2846	491955	172.86
2847	494386	173.65
2848	495840	174.10
2849	495783	174.02
2850	496698	174.28
2851	494042	173.29
2852	494401	173.35
2853	497283	174.30
2854	495486	173.61
2855	497200	174.15
2856	496871	173.97
2857	499677	174.90
2858	507747	177.66
2859	499060	174.56
2860	503539	176.06
2861	504004	176.16
2862	503335	175.87
2863	498218	174.02
2864	504932	176.30
2865	499913	174.49
2866	502652	175.38
2867	506789	176.77
2868	501260	174.78
2869	501568	174.82
2870	507473	176.82
2871	504985	175.89
2872	503917	175.46
2873	511615	178.08
2874	504420	175.51
2875	686385	238.74
2876	512970	178.36
2877	522747	181.70
2878	505031	175.48
2879	504654	175.29
2880	509689	176.98
2881	504837	175.23
2882	511417	177.45
2883	506914	175.83
2884	506959	175.78
2885	508543	176.27
2886	511465	177.22
2887	507330	175.73
2888	507077	175.58
2889	509821	176.47
2890	522699	180.86
2891	517049	178.85
2892	524342	181.31
2893	510932	176.61
2894	510229	176.31
2895	510072	176.19
2896	514377	177.62
2897	509231	175.78
2898	510964	176.32
2899	525695	181.34
2900	515283	177.68
2901	513059	176.86
2902	512965	176.76
2903	516542	177.93
2904	519471	178.88
2905	513843	176.88
2906	512846	176.48
2907	514339	176.93
2908	513829	176.69
2909	516891	177.69
2910	514416	176.78
2911	514130	176.62
2912	516473	177.36
2913	519287	178.27
2914	517355	177.54
2915	516314	177.12
2916	517230	177.38
2917	516179	176.96
2918	520944	178.53
2919	519891	178.11
2920	518304	177.50
2921	520546	178.21
2922	523895	179.29
2923	520270	177.99
2924	523992	179.20
2925	519965	177.77
2926	520156	177.77
2927	523797	178.95
2928	520953	177.92
2929	520976	177.87
2930	522758	178.42
2931	521550	177.94
2932	525259	179.15
2933	522939	178.29
2934	541614	184.60
2935	524622	178.75
2936	525330	178.93
2937	523445	178.22
2938	529786	180.32
2939	524956	178.62
2940	528332	179.70
2941	526815	179.13
2942	524749	178.36
2943	530348	180.21
2944	526683	178.90
2945	527333	179.06
2946	540317	183.41
2947	539312	183.00
2948	536723	182.06
2949	532634	180.62
2950	530360	179.78
2951	536577	181.83
2952	529555	179.39
2953	529419	179.28
2954	535065	181.13
2955	529600	179.22
2956	534537	180.83
2957	530253	179.32
2958	535841	181.15
2959	531393	179.59
2960	531241	179.47
2961	532472	179.83
2962	532647	179.83
2963	537119	181.28
2964	533893	180.13
2965	534379	180.23
2966	535829	180.66
2967	537734	181.24
2968	534548	180.10
2969	535248	180.28
2970	535525	180.31
2971	535519	180.25
2972	538367	181.15
2973	536267	180.38
2974	540227	181.65
2975	538352	180.96
2976	541641	182.00
2977	537010	180.39
2978	539392	181.13
2979	538576	180.79
2980	539212	180.94
2981	542503	181.99
2982	543129	182.14
2983	540156	181.08
2984	540169	181.02
2985	545607	182.78
2986	540340	180.96
2987	564257	188.90
2988	542510	181.56
2989	545633	182.55
2990	545345	182.39
2991	542600	181.41
2992	543816	181.76
2993	542855	181.37
2994	546913	182.67
2995	542366	181.09
2996	543659	181.46
2997	545606	182.05
2998	548799	183.06
2999	547191	182.46
3000	546861	182.29
3001	545651	181.82
3002	551346	183.66
3003	554872	184.77
3004	549719	183.00
3005	549965	183.02
3006	550875	183.26
3007	549412	182.71
3008	548275	182.27
3009	557387	185.24
3010	552358	183.51
3011	551465	183.15
3012	550308	182.71
3013	555017	184.21
3014	564738	187.37
3015	551286	182.85
3016	552528	183.20
3017	555496	184.12
3018	553629	183.44
3019	552314	182.95
3020	557652	184.65
3021	552136	182.77
3022	554321	183.43
3023	555477	183.75
3024	558383	184.65
3025	554095	183.17
3026	555128	183.45
3027	562457	185.81
3028	560045	184.96
3029	556558	183.74
3030	556568	183.69
3031	557919	184.07
3032	556127	183.42
3033	561844	185.24
3034	558052	183.93
3035	558014	183.86
3036	566367	186.55
3037	562774	185.31
3038	559894	184.30
3039	580844	191.13
3040	565478	186.01
3041	561127	184.52
3042	561038	184.43
3043	564690	185.57
3044	559656	183.86
3045	562877	184.85
3046	561492	184.34
3047	566420	185.89
3048	562101	184.42
3049	563179	184.71
3050	562777	184.52
3051	569466	186.65
3052	564465	184.95
3053	564310	184.84
3054	564569	184.86
3055	566898	185.56
3056	646386	211.51
3057	583285	190.80
3058	567665	185.63
3059	568721	185.92
3060	565639	184.85
3061	566235	184.98
3062	567872	185.46
3063	566788	185.04
3064	571226	186.43
3065	566884	184.95
3066	568520	185.43
3067	605169	197.32
3068	581237	189.45
3069	586265	191.03
3070	582491	189.74
3071	587305	191.24
3072	586440	190.90
3073	582003	189.39
3074	578470	188.18
3075	588201	191.28
3076	579381	188.36
3077	594147	193.09
3078	580654	188.65
3079	578182	187.78
3080	576195	187.08
3081	586514	190.36
3082	576459	187.04
3083	579780	188.06
3084	575489	186.60
3085	586685	190.17
3086	580108	187.98
3087	590260	191.21
3088	578241	187.25
3089	580897	188.05
3090	580588	187.89
3091	581628	188.17
3092	583632	188.76
3093	578447	187.02
3094	587469	189.87
3095	595284	192.34
3096	593809	191.80
3097	585395	189.02
3098	587253	189.56
3099	582249	187.88
3100	582514	187.91
3101	582826	187.95
3102	583831	188.21
3103	585655	188.74
3104	582753	187.74
3105	587652	189.26
3106	584812	188.28
3107	586804	188.87
3108	584657	188.11
3109	585225	188.24
3110	662307	212.96
3111	593913	190.91
3112	589205	189.33
3113	586792	188.50
3114	589198	189.21
3115	590662	189.62
3116	588694	188.93
3117	590582	189.47
3118	600243	192.51
3119	596505	191.25
3120	589526	188.95
3121	587770	188.33
3122	589517	188.83
3123	589555	188.78
3124	600230	192.14
3125	589003	188.48
3126	590019	188.75
3127	592027	189.33
3128	593795	189.83
3129	591775	189.13
3130	592094	189.17
3131	597483	190.83
3132	603174	192.58
3133	593753	189.52
3134	592728	189.13
3135	595358	189.91
3136	625295	199.39
3137	596347	190.10
3138	606430	193.25
3139	595712	189.78
3140	597886	190.41
3141	596621	189.95
3142	605886	192.83
3143	601932	191.52
3144	607360	193.18
3145	602202	191.48
3146	598973	190.39
3147	599381	190.46
3148	603299	191.65
3149	597179	189.64
3150	599695	190.38
3151	600042	190.43
3152	603563	191.49
3153	599580	190.16
3154	600188	190.29
3155	600082	190.20
3156	605680	191.91
3157	601112	190.41
3158	602633	190.83
3159	614049	194.38
3160	607216	192.16
3161	606093	191.74
3162	603107	190.74
3163	602224	190.40
3164	607767	192.09
3165	603262	190.60
3166	620621	196.03
3167	612524	193.41
3168	616374	194.56
3169	607542	191.71
3170	609062	192.13
3171	609765	192.29
3172	610540	192.48
3173	609478	192.08
3174	615302	193.86
3175	612121	192.79
3176	613333	193.11
3177	609228	191.76
3178	611662	192.47
3179	609786	191.82
3180	611402	192.26
3181	613546	192.88
3182	616832	193.85
3183	617138	193.89
3184	617499	193.94
3185	612836	192.41
3186	613929	192.70
3187	625381	196.23
3188	622514	195.27
3189	619194	194.17
3190	622265	195.07
3191	622246	195.00
3192	624197	195.55
3193	625825	196.00
3194	616623	193.06
3195	618027	193.44
3196	627779	196.43
3197	618430	193.44
3198	623987	195.12
3199	618928	193.48
3200	623905	194.97
3201	617595	192.94
3202	635924	198.60
3203	619775	193.50
3204	630030	196.64
3205	698078	217.81
3206	626746	195.49
3207	626637	195.40
3208	623809	194.45
3209	626091	195.10
3210	624640	194.59
3211	623329	194.12
3212	620810	193.28
3213	624805	194.46
3214	624260	194.23
3215	626719	194.94
3216	623805	193.97
3217	628347	195.32
3218	624066	193.93
3219	628452	195.23
3220	626596	194.60
3221	631405	196.03
3222	628214	194.98
3223	626345	194.34
3224	624679	193.76
3225	627374	194.53
3226	627304	194.45
3227	629626	195.11
3228	628599	194.73
3229	629932	195.09
3230	636091	196.93
3231	629440	194.81
3232	632517	195.70
3233	630544	195.03
3234	634499	196.20
3235	630330	194.85
3236	631972	195.29
3237	630594	194.81
3238	635152	196.16
3239	632237	195.20
3240	633791	195.61
3241	635432	196.06
3242	636202	196.24
3243	633454	195.33
3244	634968	195.74
3245	634910	195.66
3246	636552	196.10
3247	641689	197.63
3248	634834	195.45
3249	637145	196.10
3250	638804	196.56
3251	638365	196.36
3252	657217	202.10
3253	647236	198.97
3254	648420	199.27
3255	641343	197.03
3256	640418	196.69
3257	642737	197.34
3258	639034	196.14
3259	641468	196.83
3260	641771	196.86
3261	645603	197.98
3262	651123	199.61
3263	643926	197.34
3264	667631	204.54
3265	643723	197.16
3266	646479	197.94
3267	641977	196.50
3268	647710	198.20
3269	643655	196.90
3270	645542	197.41
3271	648647	198.30
3272	644432	196.95
3273	646053	197.39
3274	646796	197.56
3275	649880	198.44
3276	645372	197.00
3277	647125	197.47
3278	646054	197.09
3279	650188	198.29
3280	650096	198.20
3281	649041	197.82
3282	648124	197.48
3283	652295	198.69
3284	648765	197.55
3285	655547	199.56
3286	654465	199.17
3287	649671	197.65
3288	652623	198.49
3289	651927	198.21
3290	654710	199.00
3291	653487	198.57
3292	655831	199.22
3293	651778	197.93
3294	656633	199.34
3295	653055	198.20
3296	654425	198.55
3297	655211	198.73
3298	661651	200.62
3299	654883	198.51
3300	655593	198.66
3301	659142	199.68
3302	656915	198.94
3303	658803	199.46
3304	656261	198.63
3305	657960	199.08
3306	657089	198.76
3307	656807	198.61
3308	658066	198.93
3309	667256	201.65
3310	659554	199.26
3311	665989	201.14
3312	662578	200.05
3313	661015	199.52
3314	668586	201.75
3315	667377	201.32
3316	665482	200.69
3317	662092	199.61
3318	665192	200.48
3319	676458	203.81
3320	672018	202.42
3321	665433	200.37
3322	663525	199.74
3323	664939	200.10
3324	666878	200.63
3325	669485	201.35
3326	666089	200.27
3327	664474	199.72
3328	668647	200.92
3329	665559	199.93
3330	667628	200.49
3331	668031	200.55
3332	672795	201.92
3333	671987	201.62
3334	668855	200.62
3335	668802	200.54
3336	671985	201.43
3337	670629	200.97
3338	669293	200.51
3339	672452	201.39
3340	671127	200.94
3341	671153	200.88
3342	670769	200.71
3343	674522	201.77
3344	676181	202.21
3345	673242	201.27
3346	676357	202.14
3347	672525	200.93
3348	673355	201.12
3349	673510	201.11
3350	674217	201.26
3351	673951	201.12
3352	675087	201.40
3353	676166	201.66
3354	678662	202.34
3355	678183	202.14
3356	676154	201.48
3357	680725	202.78
3358	679908	202.47
3359	678682	202.05
3360	677768	201.72
3361	682365	203.02
3362	678488	201.81
3363	679898	202.17
3364	686853	204.18
3365	680394	202.20
3366	681740	202.54
3367	859269	255.20
3368	681957	202.48
3369	683707	202.94
3370	700130	207.75
3371	700480	207.80
3372	689744	204.55
3373	691544	205.02
3374	688758	204.14
3375	690742	204.66
3376	697670	206.66
3377	702537	208.04
3378	697551	206.50
3379	687977	203.60
3380	699550	206.97
3381	709581	209.87
3382	696754	206.02
3383	692142	204.59
3384	694570	205.25
3385	690291	203.93
3386	690939	204.06
3387	689872	203.68
3388	698367	206.13
3389	692664	204.39
3390	694698	204.93
3391	692916	204.34
3392	692125	204.05
3393	694692	204.74
3394	693072	204.21
3395	703725	207.28
3396	696149	204.99
3397	698342	205.58
3398	698178	205.47
3399	695549	204.63
3400	697822	205.24
3401	696424	204.77
3402	703705	206.85
3403	699202	205.47
3404	698045	205.07
3405	701689	206.08
3406	696424	204.47
3407	702016	206.05
3408	698962	205.09
3409	704577	206.68
3410	700230	205.35
3411	699164	204.97
3412	704756	206.55
3413	701076	205.41
3414	703266	205.99
3415	707103	207.06
3416	703264	205.87
3417	702780	205.67
3418	703186	205.73
3419	707532	206.94
3420	707229	206.79
3421	704998	206.08
3422	707846	206.85
3423	706300	206.34
3424	704638	205.79
3425	776746	226.79
3426	718338	209.67
3427	712835	208.01
3428	720385	210.15
3429	713630	208.12
3430	724180	211.13
3431	710404	207.05
3432	710432	207.00
3433	708765	206.46
3434	708660	206.37
3435	709392	206.52
3436	714399	207.92
3437	712368	207.26
3438	710550	206.68
3439	710227	206.52
3440	716498	208.28
3441	712925	207.19
3442	711621	206.75
3443	715024	207.67
3444	713822	207.27
3445	714420	207.38
3446	712787	206.84
3447	718614	208.48
3448	715412	207.49
3449	718388	208.29
3450	723577	209.73
3451	714760	207.12
3452	716978	207.70
3453	723834	209.62
3454	717713	207.79
3455	729711	211.20
3456	717274	207.54
3457	721347	208.66
3458	718074	207.66
3459	719657	208.05
3460	726542	209.98
3461	719395	207.86
3462	720336	208.07
3463	725682	209.55
3464	723487	208.86
3465	723300	208.74
3466	726514	209.61
3467	725298	209.20
3468	721364	208.01
3469	725101	209.02
3470	727548	209.67
3471	725860	209.12
3472	725015	208.82
3473	727750	209.55
3474	723315	208.21
3475	726611	209.10
3476	724084	208.31
3477	731986	210.52
3478	733237	210.82
3479	735776	211.49
3480	733727	210.84
3481	729259	209.50
3482	761889	218.81
3483	730076	209.61
3484	728861	209.20
3485	728282	208.98
3486	734794	210.78
3487	729497	209.20
3488	729094	209.03
3489	731849	209.76
3490	735797	210.83
3491	732298	209.77
3492	736454	210.90
3493	730404	209.11
3494	732199	209.56
3495	731188	209.21
3496	736591	210.70
3497	735668	210.37
3498	732999	209.55
3499	740210	211.55
3500	737623	210.75
3501	734980	209.93
3502	756008	215.88
3503	742590	211.99
3504	740754	211.40
3505	748219	213.47
3506	740938	211.33
3507	739251	210.79
3508	739235	210.73
3509	742536	211.61
3510	741757	211.33
3511	744936	212.17
3512	744206	211.90
3513	745219	212.13
3514	741052	210.89
3515	743859	211.62
3516	748574	212.91
3517	744818	211.78
3518	741448	210.76
3519	747524	212.43
3520	741719	210.72
3521	746668	212.06
3522	752624	213.69
3523	759194	215.50
3524	746644	211.87
3525	746212	211.69
3526	895863	254.07
3527	746633	211.69
3528	744880	211.13
3529	751249	212.88
3530	751565	212.91
3531	751089	212.71
3532	749733	212.27
3533	749713	212.20
3534	758417	214.61
3535	798130	225.78
3536	751586	212.55
3537	755490	213.60
3538	771286	218.00
3539	752511	212.63
3540	752531	212.58
3541	754476	213.07
3542	760091	214.59
3543	760849	214.75
3544	755692	213.23
3545	761496	214.81
3546	756377	213.30
3547	756912	213.39
3548	765712	215.82
3549	754723	212.66
3550	758986	213.80
3551	761746	214.52
3552	759210	213.74
3553	765187	215.36
3554	764237	215.04
3555	756707	212.86
3556	759339	213.54
3557	759139	213.42
3558	762782	214.39
3559	764603	214.84
3560	759843	213.44
3561	767044	215.40
3562	761327	213.74
3563	761729	213.79
3564	766602	215.10
3565	762371	213.85
3566	768161	215.41
3567	767588	215.19
3568	764584	214.29
3569	765444	214.47
3570	769108	215.44
3571	765195	214.28
3572	769143	215.33
3573	779034	218.03
3574	764048	213.78
3575	765978	214.26
3576	767503	214.63
3577	771135	215.58
3578	786360	219.78
3579	768307	214.67
3580	773387	216.03
3581	769472	214.88
3582	771427	215.36
3583	782710	218.45
3584	778470	217.21
3585	770473	214.92
3586	770466	214.85
3587	774849	216.02
3588	770782	214.82
3589	770871	214.79
3590	774429	215.72
3591	770285	214.50
3592	773615	215.37
3593	777496	216.39
3594	773630	215.26
3595	775189	215.63
3596	777112	216.10
3597	773877	215.15
3598	780468	216.92
3599	778400	216.28
3600	776021	215.56
3601	782257	217.23
3602	784350	217.75
3603	775662	215.28
3604	778506	216.01
3605	782901	217.17
3606	781959	216.85
3607	778851	215.93
3608	781478	216.60
3609	777934	215.55
3610	784961	217.44
3611	784051	217.13
3612	781453	216.35
3613	780796	216.11
3614	781915	216.36
3615	788342	218.08
3616	785031	217.10
3617	781979	216.20
3618	787783	217.74
3619	782651	216.26
3620	783029	216.31
3621	799972	220.93
3622	787588	217.45
3623	792636	218.78
3624	785476	216.74
3625	787883	217.35
3626	784590	216.38
3627	796202	219.52
3628	787569	217.08
3629	792758	218.45
3630	789321	217.44
3631	800026	220.33
3632	800468	220.39
3633	805502	221.72
3634	794594	218.66
3635	799226	219.87
3636	799052	219.76
3637	807878	222.13
3638	828385	227.70
3639	803380	220.77
3640	802672	220.51
3641	798318	219.26
3642	803626	220.66
3643	797748	218.98
3644	798352	219.09
3645	805029	220.86
3646	800257	219.49
3647	799334	219.18
3648	803082	220.14
3649	800451	219.36
3650	804066	220.29
3651	812157	222.45
3652	800730	219.26
3653	809944	221.72
3654	810236	221.74
3655	802051	219.44
3656	805238	220.25
3657	806953	220.66
3658	803578	219.68
3659	813178	222.24
3660	808796	220.98
3661	803925	219.59
3662	812193	221.79
3663	809694	221.05
3664	806030	219.99
3665	820290	223.82
3666	809784	220.89
3667	806760	220.01
3668	809058	220.57
3669	811494	221.18
3670	814199	221.85
3671	808190	220.16
3672	814677	221.86
3673	808181	220.03
3674	813439	221.40
3675	812339	221.04
3676	817188	222.30
3677	830047	225.74
3678	819210	222.73
3679	813509	221.12
3680	811482	220.51
3681	815070	221.43
3682	813033	220.81
3683	812264	220.54
3684	815107	221.26
3685	811258	220.15
3686	815144	221.15
3687	815299	221.13
3688	814167	220.76
3689	812625	220.28
3690	816832	221.36
3691	815120	220.84
3692	812284	220.01
3693	817693	221.42
3694	814805	220.58
3695	825752	223.48
3696	818495	221.45
3697	820202	221.86
3698	817687	221.12
3699	819955	221.67
3700	818246	221.15
3701	822233	222.17
3702	832088	224.77
3703	826076	223.08
3704	819418	221.23
3705	827352	223.31
3706	822398	221.91
3707	823366	222.11
3708	829495	223.70
3709	822202	221.68
3710	825340	222.46
3711	823900	222.02
3712	824879	222.22
3713	827846	222.96
3714	824529	222.01
3715	835067	224.78
3716	825947	222.27
3717	832232	223.90
3718	827005	222.43
3719	832030	223.72
3720	827622	222.48
3721	832536	223.74
3722	829371	222.83
3723	831744	223.41
3724	838394	225.13
3725	834531	224.04
3726	833060	223.58
3727	835977	224.30
3728	831066	222.93
3729	836839	224.41
3730	833299	223.40
3731	831625	222.90
3732	831663	222.85
3733	835681	223.86
3734	835755	223.82
3735	832267	222.83
3736	839384	224.67
3737	834269	223.25
3738	835328	223.47
3739	843581	225.62
3740	836330	223.62
3741	838862	224.23
3742	841789	224.96
3743	837746	223.82
3744	841127	224.66
3745	841659	224.74
3746	837393	223.54
3747	843349	225.07
3748	838757	223.79
3749	841161	224.37
3750	842930	224.78
3751	838863	223.64
3752	847438	225.86
3753	846296	225.50
3754	841317	224.11
3755	845800	225.25
3756	846306	225.32
3757	843954	224.64
3758	843076	224.34
3759	847908	225.57
3760	853332	226.95
3761	848567	225.62
3762	857223	227.86
3763	870787	231.41
3764	896424	238.16
3765	879282	233.54
3766	850048	225.72
3767	849137	225.41
3768	855630	227.08
3769	1032087	273.84
3770	854973	226.78
3771	850675	225.58
3772	853220	226.20
3773	854275	226.42
3774	863055	228.68
3775	897899	237.85
3776	884669	234.29
3777	858267	227.24
3778	863628	228.59
3779	902916	238.93
3780	899496	237.96
3781	861375	227.82
3782	868512	229.64
3783	855094	226.04
3784	855262	226.02
3785	870812	230.07
3786	860733	227.35
3787	873944	230.77
3788	863081	227.85
3789	858862	226.67
3790	858561	226.53
3791	862466	227.50
3792	861091	227.08
3793	860164	226.78
3794	867739	228.71
3795	860987	226.87
3796	861271	226.89
3797	868034	228.61
3798	863606	227.38
3799	863422	227.28
3800	875541	230.41
3801	867482	228.22
3802	864811	227.46
3803	872442	229.41
3804	867841	228.14
3805	874694	229.88
3806	881866	231.70
3807	867204	227.79
3808	870463	228.59
3809	869265	228.21
3810	866971	227.55
3811	870644	228.46
3812	874622	229.44
3813	869799	228.11
3814	873134	228.93
3815	875053	229.37
3816	868345	227.55
3817	873979	228.97
3818	872457	228.51
3819	871817	228.28
3820	871079	228.03
3821	871725	228.14
3822	877166	229.50
3823	870345	227.66
3824	873334	228.38
3825	875492	228.89
3826	875547	228.84
3827	876514	229.03
3828	876376	228.94
3829	876301	228.86
3830	877164	229.02
3831	877348	229.01
3832	876531	228.74
3833	879953	229.57
3834	874573	228.11
3835	878355	229.04
3836	880686	229.58
3837	879363	229.18
3838	881038	229.56
3839	883538	230.15
3840	880500	229.30
3841	884789	230.35
3842	882149	229.61
3843	880169	229.03
3844	883390	229.81
3845	880991	229.13
3846	882771	229.53
3847	888364	230.92
3848	898999	233.63
3849	886139	230.23
3850	888984	230.90
3851	886420	230.18
3852	886545	230.15
3853	891796	231.45
3854	895121	232.26
3855	909245	235.86
3856	895288	232.18
3857	901416	233.71
3858	897130	232.54
3859	901961	233.73
3860	892906	231.32
3861	891729	230.96
3862	896846	232.22
3863	897683	232.38
3864	896321	231.97
3865	895648	231.73
3866	896557	231.91
3867	896792	231.91
3868	897599	232.06
3869	896376	231.68
3870	902956	233.32
3871	907008	234.31
3872	896256	231.47
3873	897307	231.68
3874	903556	233.24
3875	898420	231.85
3876	898862	231.90
3877	896688	231.28
3878	897092	231.33
3879	901099	232.30
3880	899893	231.93
3881	897704	231.31
3882	901632	232.26
3883	900150	231.82
3884	905169	233.05
3885	901228	231.98
3886	907454	233.52
3887	903239	232.37
3888	900732	231.67
3889	901293	231.75
3890	1105770	284.26
3891	915528	235.29
3892	903705	232.20
3893	905458	232.59
3894	907444	233.04
3895	908349	233.21
3896	905143	232.33
3897	924221	237.16
3898	907780	232.88
3899	910382	233.49
3900	907963	232.81
3901	909298	233.09
3902	912192	233.78
3903	913253	233.99
3904	907103	232.35
3905	912029	233.55
3906	908558	232.61
3907	912942	233.67
3908	908112	232.37
3909	912059	233.32
3910	913304	233.58
3911	911007	232.93
3912	911547	233.01
3913	914851	233.80
3914	915467	233.90
3915	916542	234.11
3916	912802	233.10
3917	913467	233.21
3918	916025	233.80
3919	914574	233.37
3920	914513	233.29
3921	921735	235.08
3922	921731	235.02
3923	921925	235.01
3924	915694	233.36
3925	917594	233.78
3926	920197	234.39
3927	923207	235.09
3928	918626	233.87
3929	922108	234.69
3930	922910	234.84
3931	1087878	276.74
3932	930929	236.76
3933	921709	234.35
3934	935590	237.82
3935	937599	238.27
3936	925591	235.16
3937	936748	237.93
3938	933203	236.97
3939	945668	240.08
3940	927133	235.31
3941	933217	236.80
3942	925906	234.88
3943	928151	235.39
3944	936164	237.36
3945	932417	236.35
3946	927292	235.00
3947	931869	236.10
3948	933529	236.46
3949	932713	236.19
3950	928705	235.12
3951	932634	236.05
3952	932918	236.06
3953	932485	235.89
3954	937750	237.16
3955	934634	236.32
3956	931989	235.59
3957	936115	236.57
3958	931874	235.44
3959	932307	235.49
3960	940989	237.62
3961	933225	235.60
3962	937617	236.65
3963	935510	236.06
3964	937412	236.48
3965	942753	237.77
3966	937867	236.48
3967	940625	237.11
3968	936331	235.97
3969	939013	236.59
3970	942551	237.42
3971	938805	236.42
3972	1080689	272.08
3973	945855	238.07
3974	944450	237.66
3975	943962	237.47
3976	953419	239.79
3977	947097	238.14
3978	945621	237.71
3979	952614	239.41
3980	948038	238.20
3981	944226	237.18
3982	950882	238.80
3983	950047	238.53
3984	962457	241.58
3985	963762	241.85
3986	952138	238.87
3987	950091	238.30
3988	946345	237.30
3989	950894	238.38
3990	951039	238.36
3991	945918	237.01
3992	951714	238.41
3993	955252	239.23
3994	952178	238.40
3995	958943	240.04
3996	951832	238.20
3997	953303	238.50
3998	952504	238.25
3999	952156	238.10
4000	973790	243.45
