N	Total Time	Average CPE
1	88	88.00
2	104	52.00
3	104	34.67
4	137	34.25
5	160	32.00
6	184	30.67
7	188	26.86
8	144	18.00
9	162	18.00
10	185	18.50
11	203	18.45
12	255	21.25
13	289	22.23
14	319	22.79
15	350	23.33
16	386	24.12
17	495	29.12
18	552	30.67
19	538	28.32
20	568	28.40
21	614	29.24
22	642	29.18
23	677	29.43
24	811	33.79
25	748	29.92
26	830	31.92
27	911	33.74
28	954	34.07
29	1001	34.52
30	1042	34.73
31	1084	34.97
32	1126	35.19
33	1719	52.09
34	1892	55.65
35	1491	42.60
36	1366	37.94
37	1712	46.27
38	1505	39.61
39	1542	39.54
40	1611	40.27
41	1652	40.29
42	1719	40.93
43	1759	40.91
44	1931	43.89
45	2290	50.89
46	1998	43.43
47	2021	43.00
48	2130	44.38
49	2248	45.88
50	2250	45.00
51	2323	45.55
52	2466	47.42
53	2788	52.60
54	2541	47.06
55	2632	47.85
56	2889	51.59
57	2791	48.96
58	2906	50.10
59	5220	88.47
60	3000	50.00
61	3580	58.69
62	3369	54.34
63	3528	56.00
64	3313	51.77
65	4045	62.23
66	3542	53.67
67	3789	56.55
68	3787	55.69
69	3782	54.81
70	4103	58.61
71	4020	56.62
72	4404	61.17
73	4783	65.52
74	4309	58.23
75	4382	58.43
76	4475	58.88
77	4656	60.47
78	4685	60.06
79	4780	60.51
80	4890	61.12
81	5017	61.94
82	5099	62.18
83	5076	61.16
84	5251	62.51
85	5570	65.53
86	5392	62.70
87	5689	65.39
88	5590	63.52
89	6483	72.84
90	5902	65.58
91	6279	69.00
92	6012	65.35
93	6354	68.32
94	6226	66.23
95	6498	68.40
96	6554	68.27
97	6648	68.54
98	6949	70.91
99	6867	69.36
100	8404	84.04
101	7334	72.61
102	7529	73.81
103	7309	70.96
104	7400	71.15
105	7587	72.26
106	7755	73.16
107	7933	74.14
108	8738	80.91
109	8041	73.77
110	8343	75.85
111	8190	73.78
112	8493	75.83
113	8516	75.36
114	8843	77.57
115	9006	78.31
116	8790	75.78
117	8992	76.85
118	9491	80.43
119	9344	78.52
120	9466	78.88
121	9466	78.23
122	9961	81.65
123	9662	78.55
124	10904	87.94
125	10184	81.47
126	10385	82.42
127	10390	81.81
128	10642	83.14
129	11241	87.14
130	10807	83.13
131	10870	82.98
132	11354	86.02
133	11261	84.67
134	11475	85.63
135	11754	87.07
136	12546	92.25
137	11703	85.42
138	11936	86.49
139	11872	85.41
140	12099	86.42
141	12783	90.66
142	12294	86.58
143	12783	89.39
144	12767	88.66
145	12717	87.70
146	13362	91.52
147	13250	90.14
148	13962	94.34
149	13756	92.32
150	13442	89.61
151	13965	92.48
152	13914	91.54
153	13979	91.37
154	14267	92.64
155	14373	92.73
156	14619	93.71
157	14673	93.46
158	15452	97.80
159	15101	94.97
160	14940	93.38
161	15470	96.09
162	15429	95.24
163	15671	96.14
164	15561	94.88
165	15951	96.67
166	16387	98.72
167	16738	100.23
168	16616	98.90
169	16375	96.89
170	16886	99.33
171	16858	98.58
172	17160	99.77
173	17205	99.45
174	17465	100.37
175	18090	103.37
176	17859	101.47
177	17849	100.84
178	18134	101.88
179	18191	101.63
180	18449	102.49
181	18473	102.06
182	18796	103.27
183	20651	112.85
184	19379	105.32
185	19597	105.93
186	19677	105.79
187	19910	106.47
188	20004	106.40
189	20065	106.16
190	21281	112.01
191	46021	240.95
192	20646	107.53
193	20479	106.11
194	21239	109.48
195	21106	108.24
196	22049	112.49
197	21648	109.89
198	21392	108.04
199	21931	110.21
200	23342	116.71
201	22058	109.74
202	22458	111.18
203	23903	117.75
204	29924	146.69
205	23330	113.80
206	24093	116.96
207	23531	113.68
208	23826	114.55
209	25273	120.92
210	23807	113.37
211	24766	117.37
212	24572	115.91
213	24540	115.21
214	25593	119.59
215	24940	116.00
216	25131	116.35
217	25711	118.48
218	25650	117.66
219	26647	121.68
220	26906	122.30
221	26345	119.21
222	26505	119.39
223	26743	119.92
224	26693	119.17
225	27214	120.95
226	27745	122.77
227	27470	121.01
228	27247	119.50
229	27552	120.31
230	27808	120.90
231	28881	125.03
232	28195	121.53
233	28625	122.85
234	28852	123.30
235	29256	124.49
236	30336	128.54
237	29199	123.20
238	29584	124.30
239	30968	129.57
240	29855	124.40
241	30886	128.16
242	30149	124.58
243	30614	125.98
244	35247	144.45
245	31601	128.98
246	31321	127.32
247	31636	128.08
248	31995	129.01
249	32088	128.87
250	32294	129.18
251	32494	129.46
252	32760	130.00
253	32855	129.86
254	33829	133.19
255	36020	141.25
256	33438	130.62
257	34801	135.41
258	34218	132.63
259	35059	135.36
260	34726	133.56
261	34705	132.97
262	35073	133.87
263	35338	134.37
264	35296	133.70
265	35559	134.18
266	35945	135.13
267	36594	137.06
268	36362	135.68
269	36519	135.76
270	36742	136.08
271	38052	140.41
272	37286	137.08
273	37877	138.74
274	37764	137.82
275	39782	144.66
276	38342	138.92
277	38587	139.30
278	38638	138.99
279	41329	148.13
280	39132	139.76
281	39564	140.80
282	40037	141.98
283	40439	142.89
284	40203	141.56
285	40519	142.17
286	41237	144.19
287	40934	142.63
288	41564	144.32
289	41362	143.12
290	41900	144.48
291	42269	145.25
292	42134	144.29
293	43795	149.47
294	42542	144.70
295	43287	146.74
296	43443	146.77
297	43967	148.04
298	43697	146.63
299	43968	147.05
300	46475	154.92
301	44475	147.76
302	44924	148.75
303	45914	151.53
304	45247	148.84
305	45730	149.93
306	49688	162.38
307	46698	152.11
308	48267	156.71
309	46514	150.53
310	48289	155.77
311	47093	151.42
312	48043	153.98
313	48029	153.45
314	49008	156.08
315	48714	154.65
316	48870	154.65
317	49375	155.76
318	49268	154.93
319	50012	156.78
320	49719	155.37
321	50162	156.27
322	51710	160.59
323	50998	157.89
324	50986	157.36
325	51067	157.13
326	51115	156.79
327	51750	158.26
328	53289	162.47
329	52261	158.85
330	56972	172.64
331	56056	169.35
332	53599	161.44
333	53974	162.08
334	53669	160.69
335	53901	160.90
336	54609	162.53
337	54374	161.35
338	54553	161.40
339	55351	163.28
340	56021	164.77
341	55907	163.95
342	56698	165.78
343	56119	163.61
344	56853	165.27
345	56509	163.79
346	57005	164.75
347	57730	166.37
348	57739	165.92
349	58291	167.02
350	58646	167.56
351	62776	178.85
352	59491	169.01
353	61326	173.73
354	60400	170.62
355	60268	169.77
356	60215	169.14
357	60650	169.89
358	60825	169.90
359	61145	170.32
360	61084	169.68
361	61676	170.85
362	64077	177.01
363	61999	170.80
364	62758	172.41
365	62841	172.17
366	63240	172.79
367	63483	172.98
368	63956	173.79
369	64247	174.11
370	64581	174.54
371	69292	186.77
372	69413	186.59
373	66997	179.62
374	65856	176.09
375	66110	176.29
376	67568	179.70
377	66752	177.06
378	67469	178.49
379	67497	178.09
380	69114	181.88
381	67847	178.08
382	70449	184.42
383	68302	178.33
384	69402	180.73
385	69226	179.81
386	69653	180.45
387	69914	180.66
388	70147	180.79
389	71038	182.62
390	70758	181.43
391	71899	183.88
392	72375	184.63
393	72721	185.04
394	72341	183.61
395	72773	184.24
396	72805	183.85
397	75968	191.36
398	73445	184.54
399	74780	187.42
400	74237	185.59
401	74682	186.24
402	74781	186.02
403	75654	187.73
404	76120	188.42
405	75789	187.13
406	76009	187.21
407	76850	188.82
408	77519	190.00
409	79207	193.66
410	77880	189.95
411	77781	189.25
412	78289	190.02
413	79024	191.34
414	78966	190.74
415	79480	191.52
416	79669	191.51
417	80870	193.93
418	80603	192.83
419	80396	191.88
420	82674	196.84
421	81634	193.90
422	81757	193.74
423	81778	193.33
424	84170	198.51
425	82573	194.29
426	83494	196.00
427	83210	194.87
428	85208	199.08
429	83771	195.27
430	84783	197.17
431	85021	197.26
432	86259	199.67
433	86223	199.13
434	90731	209.06
435	86507	198.87
436	86609	198.64
437	88109	201.62
438	89659	204.70
439	87311	198.89
440	89616	203.67
441	88363	200.37
442	90433	204.60
443	89429	201.87
444	100310	225.92
445	90337	203.00
446	90627	203.20
447	90573	202.62
448	91626	204.52
449	91775	204.40
450	92271	205.05
451	93886	208.17
452	92577	204.82
453	93740	206.93
454	93637	206.25
455	94135	206.89
456	94492	207.22
457	94244	206.22
458	95145	207.74
459	95554	208.18
460	98914	215.03
461	97166	210.77
462	95880	207.53
463	97051	209.61
464	98803	212.94
465	97201	209.03
466	105733	226.89
467	101403	217.14
468	100351	214.43
469	100310	213.88
470	100432	213.69
471	100319	212.99
472	101396	214.82
473	109414	231.32
474	102059	215.31
475	102924	216.68
476	103569	217.58
477	102507	214.90
478	104206	218.00
479	104845	218.88
480	106006	220.85
481	104096	216.42
482	104377	216.55
483	104685	216.74
484	106848	220.76
485	105913	218.38
486	106133	218.38
487	109337	224.51
488	107127	219.52
489	107104	219.03
490	109376	223.22
491	108571	221.12
492	108909	221.36
493	109137	221.37
494	109273	221.20
495	111775	225.81
496	113789	229.41
497	110449	222.23
498	111358	223.61
499	111317	223.08
500	112608	225.22
501	113962	227.47
502	112196	223.50
503	113266	225.18
504	113460	225.12
505	113855	225.46
506	115913	229.08
507	115353	227.52
508	115098	226.57
509	116005	227.91
510	115275	226.03
511	117172	229.30
512	116972	228.46
513	117281	228.62
514	119102	231.72
515	118811	230.70
516	118830	230.29
517	125721	243.17
518	119494	230.68
519	119530	230.31
520	120016	230.80
521	121196	232.62
522	123629	236.84
523	122687	234.58
524	121817	232.48
525	123860	235.92
526	122763	233.39
527	124936	237.07
528	123460	233.83
529	124321	235.01
530	124588	235.07
531	125151	235.69
532	126419	237.63
533	126586	237.50
534	126581	237.04
535	126881	237.16
536	129728	242.03
537	130949	243.85
538	127703	237.37
539	128673	238.73
540	128863	238.64
541	128962	238.38
542	129776	239.44
543	129955	239.33
544	130743	240.34
545	133571	245.08
546	134206	245.80
547	132184	241.65
548	132206	241.25
549	132663	241.64
550	133464	242.66
551	133673	242.60
552	134039	242.82
553	136073	246.06
554	137300	247.83
555	140473	253.10
556	135909	244.44
557	136571	245.19
558	136889	245.32
559	137928	246.74
560	138198	246.78
561	138859	247.52
562	138519	246.48
563	142057	252.32
564	142828	253.24
565	140851	249.29
566	140803	248.77
567	142307	250.98
568	141511	249.14
569	143121	251.53
570	143547	251.84
571	143122	250.65
572	144916	253.35
573	147271	257.02
574	144541	251.81
575	144407	251.14
576	145191	252.07
577	145644	252.42
578	146969	254.27
579	146410	252.87
580	146963	253.38
581	149082	256.60
582	149148	256.27
583	150277	257.77
584	149329	255.70
585	150780	257.74
586	150579	256.96
587	151247	257.66
588	150840	256.53
589	157435	267.29
590	151931	257.51
591	153996	260.57
592	153012	258.47
593	157124	264.96
594	153969	259.21
595	154676	259.96
596	155463	260.84
597	158811	266.02
598	155928	260.75
599	156722	261.64
600	163158	271.93
601	157904	262.74
602	158157	262.72
603	158530	262.90
604	158654	262.67
605	164974	272.68
606	160407	264.70
607	160364	264.19
608	160637	264.21
609	161135	264.59
610	164391	269.49
611	161964	265.08
612	164826	269.32
613	165930	270.69
614	165530	269.59
615	173195	281.62
616	172155	279.47
617	166312	269.55
618	165676	268.08
619	166977	269.75
620	166690	268.85
621	168048	270.61
622	167771	269.73
623	168139	269.89
624	169039	270.90
625	169540	271.26
626	169569	270.88
627	170004	271.14
628	172583	274.81
629	171259	272.27
630	175020	277.81
631	172743	273.76
632	172807	273.43
633	173137	273.52
634	173619	273.85
635	175769	276.80
636	175168	275.42
637	175127	274.92
638	175425	274.96
639	176353	275.98
640	176591	275.92
641	177082	276.26
642	179030	278.86
643	178227	277.18
644	182392	283.22
645	179787	278.74
646	179807	278.34
647	180076	278.32
648	181023	279.36
649	182450	281.12
650	182350	280.54
651	182259	279.97
652	183340	281.20
653	183129	280.44
654	184193	281.64
655	188508	287.80
656	185324	282.51
657	189466	288.38
658	187898	285.56
659	187711	284.84
660	186887	283.16
661	188066	284.52
662	188101	284.14
663	191675	289.10
664	189578	285.51
665	191349	287.74
666	190824	286.52
667	190304	285.31
668	191745	287.04
669	192946	288.41
670	196869	293.83
671	193618	288.55
672	382549	569.27
673	198845	295.46
674	195421	289.94
675	197776	293.00
676	196890	291.26
677	197679	291.99
678	198091	292.17
679	197574	290.98
680	205404	302.06
681	199074	292.33
682	199133	291.98
683	209268	306.40
684	202150	295.54
685	201778	294.57
686	204675	298.36
687	203485	296.19
688	202679	294.59
689	205363	298.06
690	203983	295.63
691	204961	296.62
692	207121	299.31
693	206526	298.02
694	206542	297.61
695	207669	298.80
696	211915	304.48
697	207698	297.99
698	210323	301.32
699	210575	301.25
700	213568	305.10
701	210938	300.91
702	210391	299.70
703	222475	316.47
704	215371	305.92
705	212453	301.35
706	214631	304.01
707	220909	312.46
708	213746	301.90
709	214942	303.16
710	219856	309.66
711	224803	316.18
712	217478	305.45
713	224918	315.45
714	218993	306.71
715	219609	307.15
716	219703	306.85
717	219418	306.02
718	222189	309.46
719	220195	306.25
720	221019	306.97
721	221385	307.05
722	222405	308.04
723	223838	309.60
724	224931	310.68
725	223095	307.72
726	224538	309.28
727	223851	307.91
728	225173	309.30
729	234032	321.03
730	228036	312.38
731	227491	311.21
732	226736	309.75
733	228617	311.89
734	232191	316.34
735	231111	314.44
736	229622	311.99
737	230715	313.05
738	231371	313.51
739	231352	313.06
740	237682	321.19
741	233007	314.45
742	233709	314.97
743	234076	315.04
744	234065	314.60
745	236313	317.20
746	236098	316.49
747	236185	316.18
748	236991	316.83
749	237311	316.84
750	242406	323.21
751	240272	319.94
752	240071	319.24
753	240252	319.06
754	240324	318.73
755	241130	319.38
756	245301	324.47
757	241775	319.39
758	242521	319.95
759	244729	322.44
760	243473	320.36
761	248948	327.13
762	245648	322.37
763	246298	322.80
764	246574	322.74
765	246866	322.70
766	249827	326.14
767	248205	323.60
768	249269	324.57
769	249395	324.31
770	262580	341.01
771	252552	327.56
772	250921	325.03
773	252475	326.62
774	252433	326.14
775	253258	326.78
776	253347	326.48
777	254614	327.69
778	255200	328.02
779	256460	329.22
780	261496	335.25
781	257128	329.23
782	258710	330.83
783	258060	329.58
784	258395	329.59
785	261277	332.84
786	260700	331.68
787	260321	330.78
788	261186	331.45
789	262501	332.70
790	267522	338.64
791	264467	334.35
792	264426	333.87
793	264478	333.52
794	267970	337.49
795	266704	335.48
796	267147	335.61
797	267988	336.25
798	267518	335.24
799	272398	340.92
800	272190	340.24
801	270544	337.76
802	270156	336.85
803	271113	337.63
804	273215	339.82
805	272832	338.92
806	273952	339.89
807	273871	339.37
808	280873	347.62
809	275587	340.65
810	276030	340.78
811	276306	340.70
812	277635	341.92
813	279710	344.05
814	277983	341.50
815	279318	342.72
816	279424	342.43
817	284501	348.23
818	280867	343.36
819	281371	343.55
820	282538	344.56
821	285776	348.08
822	287276	349.48
823	284066	345.16
824	284456	345.21
825	286638	347.44
826	295484	357.73
827	286019	345.85
828	287476	347.19
829	288910	348.50
830	291406	351.09
831	295724	355.87
832	363292	436.65
833	332305	398.93
834	292622	350.87
835	296012	354.51
836	298084	356.56
837	293305	350.42
838	298205	355.85
839	296161	352.99
840	297906	354.65
841	295963	351.92
842	298097	354.03
843	298635	354.25
844	301837	357.63
845	300393	355.49
846	301185	356.01
847	300050	354.25
848	302554	356.79
849	302208	355.96
850	301873	355.14
851	312465	367.17
852	350905	411.86
853	326152	382.36
854	307337	359.88
855	307868	360.08
856	306588	358.16
857	308167	359.59
858	307243	358.09
859	308077	358.65
860	308602	358.84
861	310242	360.33
862	312374	362.38
863	313875	363.70
864	312808	362.05
865	312550	361.33
866	313900	362.47
867	313972	362.14
868	314756	362.62
869	318082	366.03
870	321332	369.35
871	318701	365.90
872	316576	363.05
873	318216	364.51
874	319328	365.36
875	320971	366.82
876	319916	365.20
877	320843	365.84
878	323963	368.98
879	323518	368.05
880	322512	366.49
881	323431	367.12
882	324399	367.80
883	326174	369.39
884	325665	368.40
885	326182	368.57
886	331166	373.78
887	328432	370.27
888	328237	369.64
889	330063	371.27
890	330677	371.55
891	330592	371.03
892	330865	370.92
893	334489	374.57
894	334018	373.62
895	332496	371.50
896	333491	372.20
897	334344	372.74
898	337544	375.88
899	337602	375.53
900	337314	374.79
901	342318	379.93
902	338502	375.28
903	338412	374.76
904	342696	379.09
905	341347	377.18
906	341114	376.51
907	341596	376.62
908	346798	381.94
909	345068	379.61
910	342823	376.73
911	344263	377.90
912	346797	380.26
913	346551	379.57
914	346751	379.38
915	349867	382.37
916	350076	382.18
917	348485	380.03
918	360825	393.06
919	358418	390.01
920	357578	388.67
921	353684	384.02
922	355225	385.28
923	358383	388.28
924	357952	387.39
925	356023	384.89
926	356825	385.34
927	356507	384.58
928	359450	387.34
929	358231	385.61
930	363382	390.73
931	366756	393.94
932	362931	389.41
933	366072	392.36
934	364704	390.48
935	364140	389.45
936	368856	394.08
937	365209	389.76
938	365006	389.13
939	366383	390.18
940	368558	392.08
941	366896	389.90
942	370993	393.84
943	374819	397.48
944	368766	390.64
945	371874	393.52
946	371097	392.28
947	373570	394.48
948	373687	394.18
949	374166	394.27
950	379601	399.58
951	374816	394.13
952	375797	394.74
953	376960	395.55
954	378022	396.25
955	379273	397.14
956	378191	395.60
957	383915	401.17
958	378757	395.36
959	384212	400.64
960	386207	402.30
961	383769	399.34
962	384865	400.07
963	391816	406.87
964	384143	398.49
965	385368	399.35
966	390010	403.74
967	387187	400.40
968	386549	399.33
969	394361	406.98
970	397878	410.18
971	390545	402.21
972	391919	403.21
973	392130	403.01
974	391450	401.90
975	392411	402.47
976	398711	408.52
977	394129	403.41
978	409620	418.83
979	398509	407.06
980	398521	406.65
981	397616	405.32
982	398407	405.71
983	397854	404.73
984	406205	412.81
985	400039	406.13
986	401429	407.13
987	404473	409.80
988	402367	407.25
989	403733	408.22
990	408587	412.71
991	405489	409.17
992	406785	410.07
993	407417	410.29
994	406963	409.42
995	407848	409.90
996	412787	414.44
997	409926	411.16
998	410192	411.01
999	412446	412.86
1000	412404	412.40
1001	412299	411.89
1002	419446	418.61
1003	416655	415.41
1004	430014	428.30
1005	419385	417.30
1006	419913	417.41
1007	418436	415.53
1008	417787	414.47
1009	422260	418.49
1010	428905	424.66
1011	420563	415.99
1012	421581	416.58
1013	425013	419.56
1014	422713	416.88
1015	424150	417.88
1016	429398	422.64
1017	429562	422.38
1018	425858	418.33
1019	428936	420.94
1020	429972	421.54
1021	433063	424.16
1022	433682	424.35
1023	430734	421.05
1024	431647	421.53
1025	434416	423.82
1026	433052	422.08
1027	434640	423.21
1028	438020	426.09
1029	435007	422.75
1030	437705	424.96
1031	437431	424.28
1032	440490	426.83
1033	443725	429.55
1034	441823	427.29
1035	439829	424.96
1036	442039	426.68
1037	441704	425.94
1038	442461	426.26
1039	447198	430.41
1040	443777	426.71
1041	445740	428.18
1042	446819	428.81
1043	453233	434.55
1044	455244	436.06
1045	448289	428.98
1046	459139	438.95
1047	451660	431.38
1048	451022	430.36
1049	455392	434.12
1050	452582	431.03
1051	458135	435.90
1052	454818	432.34
1053	455163	432.25
1054	461606	437.96
1055	459804	435.83
1056	459802	435.42
1057	468405	443.15
1058	469619	443.87
1059	461441	435.73
1060	462074	435.92
1061	462156	435.59
1062	464344	437.24
1063	463285	435.83
1064	464798	436.84
1065	466841	438.35
1066	465138	436.34
1067	466968	437.65
1068	471186	441.19
1069	469344	439.05
1070	469884	439.14
1071	469172	438.07
1072	470813	439.19
1073	475922	443.54
1074	473390	440.77
1075	475673	442.49
1076	503021	467.49
1077	474070	440.18
1078	480508	445.74
1079	476816	441.91
1080	477268	441.91
1081	479005	443.11
1082	477967	441.74
1083	483448	446.40
1084	482491	445.10
1085	480842	443.17
1086	483979	445.65
1087	483141	444.47
1088	485976	446.67
1089	487515	447.67
1090	485269	445.20
1091	488483	447.74
1092	487626	446.54
1093	488840	447.25
1094	495678	453.09
1095	489723	447.24
1096	494675	451.35
1097	491066	447.64
1098	492557	448.59
1099	498149	453.27
1100	499804	454.37
1101	498299	452.59
1102	497000	451.00
1103	498945	452.35
1104	504314	456.81
1105	499640	452.16
1106	500447	452.48
1107	500721	452.32
1108	501350	452.48
1109	506109	456.37
1110	502820	452.99
1111	505140	454.67
1112	506122	455.15
1113	510094	458.31
1114	513345	460.81
1115	510092	457.48
1116	510458	457.40
1117	511342	457.78
1118	513685	459.47
1119	514399	459.70
1120	513903	458.84
1121	516507	460.76
1122	513094	457.30
1123	528286	470.42
1124	530087	471.61
1125	519064	461.39
1126	521232	462.91
1127	520712	462.03
1128	522026	462.79
1129	520369	460.91
1130	524016	463.73
1131	524913	464.11
1132	523176	462.17
1133	529095	466.99
1134	526829	464.58
1135	529901	466.87
1136	718793	632.74
1137	532733	468.54
1138	529715	465.48
1139	533677	468.55
1140	535014	469.31
1141	538530	471.98
1142	534088	467.68
1143	534994	468.06
1144	533672	466.50
1145	537324	469.28
1146	541166	472.22
1147	542482	472.96
1148	544902	474.65
1149	538743	468.88
1150	549677	477.98
1151	605685	526.23
1152	541753	470.27
1153	547823	475.13
1154	549626	476.28
1155	548391	474.80
1156	545400	471.80
1157	549092	474.58
1158	546405	471.85
1159	550678	475.13
1160	550017	474.15
1161	548989	472.86
1162	552677	475.63
1163	551903	474.55
1164	556976	478.50
1165	561807	482.24
1166	553780	474.94
1167	553600	474.38
1168	559620	479.13
1169	559414	478.54
1170	557667	476.64
1171	561751	479.72
1172	560371	478.13
1173	563910	480.74
1174	561375	478.17
1175	563579	479.64
1176	566260	481.51
1177	569449	483.81
1178	571575	485.21
1179	570584	483.96
1180	570189	483.21
1181	568711	481.55
1182	572508	484.36
1183	575204	486.22
1184	570914	482.19
1185	576016	486.09
1186	577203	486.68
1187	576138	485.37
1188	575804	484.68
1189	578437	486.49
1190	583221	490.10
1191	578561	485.78
1192	580980	487.40
1193	578412	484.84
1194	612568	513.04
1195	584140	488.82
1196	582982	487.44
1197	581873	486.11
1198	591746	493.94
1199	587221	489.76
1200	603864	503.22
1201	588313	489.85
1202	591405	492.02
1203	590582	490.92
1204	595756	494.81
1205	592280	491.52
1206	609749	505.60
1207	596086	493.86
1208	606162	501.79
1209	598043	494.66
1210	596949	493.35
1211	598278	494.04
1212	605761	499.80
1213	606723	500.18
1214	605553	498.81
1215	602533	495.91
1216	612480	503.68
1217	605693	497.69
1218	606846	498.23
1219	605226	496.49
1220	613595	502.95
1221	607276	497.36
1222	610296	499.42
1223	612476	500.80
1224	614897	502.37
1225	615390	502.36
1226	615164	501.77
1227	617830	503.53
1228	621359	505.99
1229	616322	501.48
1230	619409	503.58
1231	620013	503.67
1232	622173	505.01
1233	619891	502.75
1234	620701	503.00
1235	620574	502.49
1236	644307	521.28
1237	627396	507.19
1238	624312	504.29
1239	625526	504.86
1240	634259	511.50
1241	625555	504.07
1242	629055	506.49
1243	632027	508.47
1244	633272	509.06
1245	630137	506.13
1246	633405	508.35
1247	635295	509.46
1248	640489	513.21
1249	637120	510.10
1250	637481	509.98
1251	636573	508.85
1252	643912	514.31
1253	639847	510.65
1254	641802	511.80
1255	641085	510.82
1256	646015	514.34
1257	642496	511.13
1258	644617	512.41
1259	654007	519.47
1260	644945	511.86
1261	651679	516.80
1262	651594	516.32
1263	651622	515.93
1264	650041	514.27
1265	650637	514.34
1266	653523	516.21
1267	654876	516.87
1268	663302	523.11
1269	667466	525.98
1270	660009	519.69
1271	669047	526.39
1272	659354	518.36
1273	659085	517.74
1274	664294	521.42
1275	660126	517.75
1276	679795	532.75
1277	663723	519.75
1278	668141	522.80
1279	664495	519.54
1280	667589	521.55
1281	668494	521.85
1282	684402	533.85
1283	668958	521.40
1284	668998	521.03
1285	671358	522.46
1286	674179	524.24
1287	672477	522.52
1288	673199	522.67
1289	678151	526.11
1290	674791	523.09
1291	682320	528.52
1292	685280	530.40
1293	681975	527.44
1294	682342	527.31
1295	679605	524.79
1296	681619	525.94
1297	684118	527.46
1298	683248	526.39
1299	683253	525.98
1300	693472	533.44
1301	701342	539.08
1302	688655	528.92
1303	687460	527.60
1304	693547	531.86
1305	691658	530.01
1306	690635	528.82
1307	693710	530.77
1308	696438	532.44
1309	695953	531.67
1310	694911	530.47
1311	708706	540.58
1312	701714	534.84
1313	701473	534.25
1314	706909	537.98
1315	705932	536.83
1316	912391	693.31
1317	705308	535.54
1318	707317	536.66
1319	708045	536.80
1320	710277	538.09
1321	709638	537.20
1322	710110	537.15
1323	712587	538.61
1324	716205	540.94
1325	721621	544.62
1326	727632	548.74
1327	714317	538.29
1328	714908	538.33
1329	721585	542.95
1330	718234	540.03
1331	718497	539.82
1332	721762	541.86
1333	721640	541.37
1334	722689	541.75
1335	722018	540.84
1336	726537	543.82
1337	723385	541.05
1338	726582	543.04
1339	728591	544.13
1340	730178	544.91
1341	728641	543.36
1342	729514	543.60
1343	734421	546.85
1344	732344	544.90
1345	736014	547.22
1346	736469	547.15
1347	732997	544.17
1348	736433	546.32
1349	738523	547.46
1350	736202	545.33
1351	737548	545.93
1352	744036	550.32
1353	743886	549.80
1354	740125	546.62
1355	745084	549.88
1356	743607	548.38
1357	749348	552.21
1358	743954	547.83
1359	747446	550.00
1360	752184	553.08
1361	748685	550.10
1362	750474	551.01
1363	751977	551.71
1364	752633	551.78
1365	752419	551.22
1366	754180	552.11
1367	760701	556.47
1368	755890	552.55
1369	855936	625.23
1370	773802	564.82
1371	768355	560.43
1372	763009	556.13
1373	803145	584.96
1374	888803	646.87
1375	772133	561.55
1376	778596	565.84
1377	769859	559.08
1378	772883	560.87
1379	778191	564.32
1380	774268	561.06
1381	792178	573.63
1382	773060	559.38
1383	772918	558.87
1384	788497	569.72
1385	776529	560.67
1386	778057	561.37
1387	783668	565.01
1388	781097	562.75
1389	781183	562.41
1390	785927	565.42
1391	782602	562.62
1392	784888	563.86
1393	782714	561.89
1394	791083	567.49
1395	787646	564.62
1396	788466	564.80
1397	796194	569.93
1398	793413	567.53
1399	789447	564.29
1400	796553	568.97
1401	793415	566.32
1402	795811	567.63
1403	800666	570.68
1404	794892	566.16
1405	796917	567.20
1406	802546	570.80
1407	799504	568.23
1408	800656	568.65
1409	804534	571.00
1410	800918	568.03
1411	805509	570.88
1412	806779	571.37
1413	807006	571.13
1414	807750	571.25
1415	807436	570.63
1416	828857	585.35
1417	814868	575.07
1418	810977	571.92
1419	820520	578.24
1420	821171	578.29
1421	816438	574.55
1422	826110	580.95
1423	826581	580.87
1424	826045	580.09
1425	824827	578.83
1426	826215	579.39
1427	825005	578.14
1428	846140	592.54
1429	825523	577.69
1430	824794	576.78
1431	841568	588.10
1432	834927	583.05
1433	837049	584.12
1434	838079	584.43
1435	831096	579.16
1436	832485	579.72
1437	839854	584.45
1438	835367	580.92
1439	835590	580.67
1440	850423	590.57
1441	841492	583.96
1442	838608	581.56
1443	846001	586.28
1444	845420	585.47
1445	841062	582.05
1446	856166	592.09
1447	846606	585.08
1448	846464	584.57
1449	854469	589.70
1450	851056	586.94
1451	852032	587.20
1452	854161	588.27
1453	852527	586.74
1454	856430	589.02
1455	858538	590.06
1456	857847	589.18
1457	855737	587.33
1458	861147	590.64
1459	860388	589.71
1460	859620	588.78
1461	873761	598.06
1462	861852	589.50
1463	863796	590.43
1464	876870	598.95
1465	927294	632.97
1466	905716	617.81
1467	870751	593.56
1468	874658	595.82
1469	881357	599.97
1470	877396	596.87
1471	876431	595.81
1472	885895	601.83
1473	1083863	735.82
1474	886388	601.35
1475	877597	594.98
1476	879304	595.73
1477	882316	597.37
1478	882074	596.80
1479	883713	597.51
1480	882432	596.24
1481	881565	595.25
1482	903920	609.93
1483	887194	598.24
1484	886150	597.14
1485	888545	598.35
1486	889438	598.55
1487	886839	596.39
1488	899246	604.33
1489	893666	600.18
1490	911843	611.98
1491	893027	598.95
1492	895070	599.91
1493	900305	603.02
1494	900308	602.62
1495	900164	602.12
1496	904263	604.45
1497	900594	601.60
1498	901161	601.58
1499	905548	604.10
1500	906349	604.23
1501	908137	605.02
1502	909760	605.70
1503	908645	604.55
1504	913471	607.36
1505	918693	610.43
1506	916561	608.61
1507	923955	613.11
1508	924111	612.81
1509	924610	612.73
1510	929171	615.35
1511	922756	610.69
1512	922186	609.91
1513	922333	609.61
1514	925115	611.04
1515	926103	611.29
1516	940171	620.17
1517	953982	628.86
1518	940923	619.84
1519	933104	614.29
1520	936838	616.34
1521	933602	613.81
1522	936767	615.48
1523	935383	614.17
1524	937856	615.39
1525	936579	614.15
1526	936000	613.37
1527	940043	615.61
1528	942943	617.11
1529	941919	616.04
1530	947622	619.36
1531	943268	616.11
1532	946858	618.05
1533	946640	617.51
1534	949939	619.26
1535	947210	617.07
1536	951004	619.14
1537	950412	618.36
1538	955455	621.23
1539	955410	620.80
1540	956792	621.29
1541	960300	623.17
1542	955473	619.63
1543	958343	621.09
1544	961220	622.55
1545	959957	621.33
1546	965479	624.50
1547	961064	621.24
1548	963379	622.34
1549	974358	629.02
1550	965697	623.03
1551	973019	627.35
1552	970810	625.52
1553	972786	626.39
1554	972994	626.12
1555	974471	626.67
1556	978465	628.83
1557	1000216	642.40
1558	1064243	683.08
1559	985842	632.36
1560	975989	625.63
1561	983157	629.83
1562	985892	631.17
1563	1004626	642.75
1564	1005450	642.87
1565	993080	634.56
1566	1039963	664.09
1567	1111857	709.54
1568	986872	629.38
1569	994552	633.88
1570	992868	632.40
1571	989196	629.66
1572	995087	633.01
1573	1013170	644.10
1574	995461	632.44
1575	1004589	637.83
1576	998886	633.81
1577	998978	633.47
1578	1004282	636.43
1579	1001855	634.49
1580	1009254	638.77
1581	1006650	636.72
1582	1005718	635.73
1583	1012591	639.67
1584	1010261	637.79
1585	1013172	639.23
1586	1015220	640.11
1587	1011096	637.11
1588	1017034	640.45
1589	1013884	638.06
1590	1036319	651.77
1591	1087670	683.64
1592	1038090	652.07
1593	1024575	643.17
1594	1021726	640.98
1595	1019170	638.98
1596	1026387	643.10
1597	1027486	643.39
1598	1038672	649.98
1599	1030452	644.44
1600	1040821	650.51
1601	1035891	647.03
1602	1035551	646.41
1603	1036080	646.34
1604	1037321	646.71
1605	1044063	650.51
1606	1040464	647.86
1607	1041172	647.90
1608	1048017	651.75
1609	1040442	646.64
1610	1046678	650.11
1611	1044323	648.25
1612	1050442	651.64
1613	1051054	651.61
1614	1050990	651.17
1615	1048364	649.14
1616	1051477	650.67
1617	1054461	652.11
1618	1051181	649.68
1619	1054336	651.23
1620	1051580	649.12
1621	1053906	650.16
1622	1068399	658.69
1623	1061831	654.24
1624	1060031	652.73
1625	1057150	650.55
1626	1062270	653.30
1627	1069703	657.47
1628	1063394	653.19
1629	1071678	657.87
1630	1067512	654.92
1631	1071096	656.71
1632	1070136	655.72
1633	1083431	663.46
1634	1072308	656.25
1635	1097744	671.40
1636	1077315	658.51
1637	1077696	658.34
1638	1079788	659.21
1639	1078550	658.05
1640	1075816	655.99
1641	1080584	658.49
1642	1081873	658.88
1643	1087133	661.68
1644	1084427	659.63
1645	1088369	661.62
1646	1091984	663.42
1647	1088179	660.70
1648	1110027	673.56
1649	1092548	662.55
1650	1098526	665.77
1651	1096810	664.33
1652	1100955	666.44
1653	1094776	662.30
1654	1100225	665.19
1655	1105370	667.90
1656	1097147	662.53
1657	1105787	667.34
1658	1102680	665.07
1659	1108371	668.10
1660	1118709	673.92
1661	1103407	664.30
1662	1119025	673.30
1663	1109037	666.89
1664	1114304	669.65
1665	1248923	750.10
1666	1262334	757.70
1667	1238322	742.84
1668	1131730	678.50
1669	1124261	673.61
1670	1130356	676.86
1671	1122643	671.84
1672	1121084	670.50
1673	1132170	676.73
1674	1120709	669.48
1675	1124733	671.48
1676	1123071	670.09
1677	1124738	670.68
1678	1127823	672.12
1679	1124968	670.02
1680	1129106	672.09
1681	1130092	672.27
1682	1134399	674.43
1683	1129390	671.06
1684	1135696	674.40
1685	1133695	672.82
1686	1141428	677.00
1687	1145209	678.84
1688	1137204	673.70
1689	1147436	679.36
1690	1142518	676.05
1691	1146581	678.05
1692	1140999	674.35
1693	1150003	679.27
1694	1147491	677.39
1695	1152346	679.85
1696	1150640	678.44
1697	1148183	676.60
1698	1175909	692.53
1699	1159322	682.36
1700	1161474	683.22
1701	1161116	682.61
1702	1166133	685.15
1703	1159666	680.95
1704	1345662	789.71
1705	1159838	680.26
1706	1166856	683.97
1707	1162206	680.85
1708	1168277	684.00
1709	1162724	680.35
1710	1164555	681.03
1711	1165637	681.26
1712	1167183	681.77
1713	1169728	682.85
1714	1168843	681.94
1715	1173080	684.01
1716	1172279	683.15
1717	1184457	689.84
1718	1174452	683.62
1719	1181505	687.32
1720	1178503	685.18
1721	1182550	687.13
1722	1179830	685.15
1723	1183773	687.04
1724	1181770	685.48
1725	1181924	685.17
1726	1191237	690.17
1727	1186883	687.25
1728	1191890	689.75
1729	1188959	687.66
1730	1193113	689.66
1731	1191404	688.27
1732	1378087	795.66
1733	1218113	702.89
1734	1201546	692.93
1735	1205057	694.56
1736	1216625	700.82
1737	1213817	698.80
1738	1219003	701.38
1739	1204667	692.74
1740	1221607	702.07
1741	1211573	695.91
1742	1211568	695.50
1743	1214053	696.53
1744	1213212	695.65
1745	1218302	698.17
1746	1214360	695.51
1747	1220121	698.41
1748	1221198	698.63
1749	1222187	698.79
1750	1217656	695.80
1751	1235070	705.35
1752	1220719	696.76
1753	1230051	701.68
1754	1225066	698.44
1755	1227612	699.49
1756	1227907	699.26
1757	1231164	700.72
1758	1230047	699.69
1759	1234142	701.62
1760	1231023	699.44
1761	1236894	702.38
1762	1232242	699.34
1763	1436577	814.85
1764	1248025	707.50
1765	1256183	711.72
1766	1241863	703.21
1767	1246155	705.24
1768	1245554	704.50
1769	1255245	709.58
1770	1247014	704.53
1771	1253213	707.63
1772	1249768	705.29
1773	1253671	707.09
1774	1253812	706.77
1775	1256138	707.68
1776	1255562	706.96
1777	1257106	707.43
1778	1257491	707.25
1779	1260788	708.71
1780	1259612	707.65
1781	1383053	776.56
1782	1433697	804.54
1783	1425736	799.63
1784	1327951	744.37
1785	1265683	709.07
1786	1273028	712.78
1787	1269339	710.32
1788	1275680	713.47
1789	1272665	711.38
1790	1279249	714.66
1791	1273438	711.02
1792	1283707	716.35
1793	1279334	713.52
1794	1289898	719.01
1795	1293165	720.43
1796	1303279	725.66
1797	1334135	742.42
1798	1321064	734.74
1799	1312479	729.56
1800	1313209	729.56
1801	1311295	728.09
1802	1315999	730.30
1803	1295957	718.78
1804	1299361	720.27
1805	1299680	720.04
1806	1296474	717.87
1807	1309072	724.44
1808	1301363	719.78
1809	1306010	721.95
1810	1303099	719.94
1811	1306389	721.36
1812	1307084	721.35
1813	1331744	734.55
1814	1316710	725.86
1815	1317773	726.05
1816	1313101	723.07
1817	1319127	725.99
1818	1318648	725.33
1819	1320930	726.18
1820	1319148	724.81
1821	1322192	726.08
1822	1318873	723.86
1823	1325703	727.21
1824	1323578	725.65
1825	1513450	829.29
1826	1325993	726.17
1827	1331638	728.87
1828	1330980	728.11
1829	1331392	727.93
1830	1338187	731.25
1831	1330227	726.50
1832	1338129	730.42
1833	1347719	735.25
1834	1346418	734.14
1835	1349589	735.47
1836	1352171	736.48
1837	1344321	731.80
1838	1357778	738.73
1839	1352903	735.67
1840	1360099	739.18
1841	1348868	732.68
1842	1364837	740.95
1843	1357921	736.80
1844	1354093	734.32
1845	1349183	731.26
1846	1355594	734.34
1847	1357291	734.86
1848	1355331	733.40
1849	1357820	734.35
1850	1360993	735.67
1851	1363316	736.53
1852	1360488	734.60
1853	1375898	742.52
1854	1429212	770.88
1855	1369844	738.46
1856	1397207	752.81
1857	1377218	741.64
1858	1379392	742.41
1859	1387900	746.58
1860	1382215	743.13
1861	1392596	748.31
1862	1517584	815.03
1863	2028673	1088.93
1864	1398895	750.48
1865	1385041	742.65
1866	1387733	743.69
1867	1385928	742.33
1868	1389581	743.89
1869	1394746	746.25
1870	1388204	742.36
1871	1395526	745.87
1872	1397265	746.40
1873	1397211	745.97
1874	1394537	744.15
1875	1399731	746.52
1876	1397187	744.77
1877	1400332	746.05
1878	1402123	746.60
1879	1401270	745.75
1880	1410719	750.38
1881	1402701	745.72
1882	1410033	749.22
1883	1415095	751.51
1884	1416258	751.73
1885	1425094	756.02
1886	1442434	764.81
1887	1426495	755.96
1888	1413917	748.90
1889	1417708	750.51
1890	1419813	751.22
1891	1419381	750.60
1892	1428067	754.79
1893	1426696	753.67
1894	1429612	754.81
1895	1426704	752.88
1896	1429938	754.19
1897	1452160	765.50
1898	1431450	754.19
1899	1447960	762.49
1900	1444038	760.02
1901	1446025	760.67
1902	1434029	753.96
1903	1440182	756.80
1904	1442817	757.78
1905	1446415	759.27
1906	1447247	759.31
1907	1444615	757.53
1908	1482130	776.80
1909	1472837	771.52
1910	1460074	764.44
1911	1468438	768.41
1912	1473313	770.56
1913	1453246	759.67
1914	1471818	768.97
1915	1461063	762.96
1916	1465681	764.97
1917	1455680	759.35
1918	1469290	766.05
1919	1465325	763.59
1920	1459205	760.00
1921	1467745	764.05
1922	1462881	761.12
1923	1464864	761.76
1924	1465738	761.82
1925	1471258	764.29
1926	1473088	764.84
1927	1472873	764.33
1928	1474897	764.99
1929	1477992	766.20
1930	1478358	765.99
1931	1481006	766.96
1932	1476610	764.29
1933	1483137	767.27
1934	1479164	764.82
1935	1485512	767.71
1936	1493336	771.35
1937	1488407	768.41
1938	1500087	774.04
1939	1490755	768.83
1940	1510802	778.76
1941	1519191	782.68
1942	1505197	775.08
1943	1497613	770.77
1944	1511351	777.44
1945	1500025	771.22
1946	1514036	778.02
1947	1520251	780.82
1948	1512761	776.57
1949	1507943	773.70
1950	1527028	783.09
1951	1511508	774.74
1952	1522357	779.90
1953	1520301	778.44
1954	1519274	777.52
1955	1519047	777.01
1956	1520046	777.12
1957	1530740	782.19
1958	1522955	777.81
1959	1520125	775.97
1960	1526938	779.05
1961	1528214	779.30
1962	1538158	783.97
1963	1532965	780.93
1964	1537968	783.08
1965	1534354	780.84
1966	1611136	819.50
1967	1549419	787.71
1968	1536907	780.95
1969	1559184	791.87
1970	1547725	785.65
1971	1547152	784.96
1972	1550322	786.17
1973	1551423	786.33
1974	1545169	782.76
1975	1553568	786.62
1976	1550481	784.66
1977	1555465	786.78
1978	1560565	788.96
1979	1563974	790.28
1980	1557408	786.57
1981	1559736	787.35
1982	1567266	790.75
1983	1561479	787.43
1984	1566416	789.52
1985	1566198	789.02
1986	1571762	791.42
1987	1567474	788.86
1988	1569718	789.60
1989	1565949	787.30
1990	1574704	791.31
1991	1577551	792.34
1992	1588788	797.58
1993	1582020	793.79
1994	1591931	798.36
1995	1582234	793.10
1996	1587416	795.30
1997	1589563	795.98
1998	1588582	795.09
1999	1585234	793.01
2000	1592118	796.06
2001	1592229	795.72
2002	1593150	795.78
2003	1593770	795.69
2004	1594254	795.54
2005	1594204	795.11
2006	1619518	807.34
2007	1603453	798.93
2008	1600790	797.21
2009	1602861	797.84
2010	1600983	796.51
2011	1603859	797.54
2012	1606855	798.64
2013	1637207	813.32
2014	1619481	804.11
2015	1618751	803.35
2016	1614792	800.99
2017	1639735	812.96
2018	1632603	809.02
2019	1641640	813.10
2020	1640333	812.05
2021	1644661	813.79
2022	1646134	814.11
2023	1653388	817.30
2024	1658821	819.58
2025	1664329	821.89
2026	1668508	823.55
2027	1675288	826.49
2028	1669699	823.32
2029	1653011	814.69
2030	1693444	834.21
2031	1656388	815.55
2032	1660587	817.22
2033	1657259	815.18
2034	1654781	813.56
2035	1665147	818.25
2036	1679370	824.84
2037	1729839	849.21
2038	1692912	830.67
2039	1698955	833.23
2040	1732258	849.15
2041	1704437	835.10
2042	1685956	825.64
2043	1701515	832.85
2044	1702615	832.98
2045	1693700	828.22
2046	1697925	829.88
2047	1705706	833.27
2048	1714351	837.09
2049	1711406	835.24
2050	1698209	828.39
2051	1699143	828.45
2052	1703782	830.30
2053	1713774	834.77
2054	1701782	828.52
2055	1710543	832.38
2056	1711548	832.46
2057	1707107	829.90
2058	1701615	826.83
2059	1713849	832.37
2060	1720110	835.00
2061	1716082	832.65
2062	1717039	832.71
2063	1713311	830.49
2064	1737993	842.05
2065	1741160	843.18
2066	1722140	833.56
2067	1725525	834.80
2068	1729483	836.31
2069	1742272	842.08
2070	1733900	837.63
2071	1724831	832.85
2072	1763714	851.21
2073	1740864	839.78
2074	1742494	840.16
2075	1738396	837.78
2076	1736961	836.69
2077	1732750	834.26
2078	1737556	836.17
2079	1762711	847.86
2080	1755130	843.81
2081	1745413	838.74
2082	1767703	849.04
2083	1961441	941.64
2084	1763141	846.04
2085	1756414	842.40
2086	1744548	836.31
2087	1762739	844.63
2088	1752051	839.10
2089	1751745	838.56
2090	1762712	843.40
2091	1753421	838.56
2092	1758968	840.81
2093	1769146	845.27
2094	1767907	844.27
2095	1754348	837.40
2096	1754326	836.99
2097	1750666	834.84
2098	1776355	846.69
2099	1757176	837.15
2100	1780287	847.76
2101	1766351	840.72
2102	1768946	841.55
2103	1762290	837.99
2104	1768783	840.68
2105	1793737	852.13
2106	1764997	838.08
2107	2005541	951.85
2108	1800169	853.97
2109	1805839	856.25
2110	1812827	859.16
2111	1798216	851.83
2112	1835401	869.03
2113	1820126	861.39
2114	1808663	855.56
2115	1813498	857.45
2116	1820855	860.52
2117	1819645	859.54
2118	1819173	858.91
2119	1822628	860.14
2120	1837177	866.59
2121	1825060	860.47
2122	1829120	861.98
2123	1817608	856.15
2124	1824425	858.96
2125	1819694	856.33
2126	1842295	866.55
2127	1839075	864.63
2128	1837426	863.45
2129	1840465	864.47
2130	1846692	866.99
2131	1826659	857.18
2132	1845009	865.39
2133	1834808	860.20
2134	1823984	854.73
2135	1827045	855.76
2136	1866977	874.05
2137	1861375	871.02
2138	1830723	856.28
2139	1833086	856.98
2140	1834613	857.30
2141	1846643	862.51
2142	1833132	855.80
2143	1837487	857.44
2144	1843028	859.62
2145	1838506	857.11
2146	1847345	860.83
2147	1848472	860.96
2148	1850005	861.27
2149	2057696	957.51
2150	1881562	875.15
2151	1905905	886.06
2152	1930866	897.24
2153	1891322	878.46
2154	1890988	877.90
2155	1910924	886.74
2156	1899302	880.94
2157	1898372	880.10
2158	1897370	879.23
2159	1902780	881.32
2160	1905375	882.12
2161	1903964	881.06
2162	1902871	880.14
2163	1912971	884.41
2164	1912053	883.57
2165	1909252	881.87
2166	1904021	879.05
2167	1912954	882.77
2168	1911847	881.85
2169	1929345	889.51
2170	1904356	877.58
2171	1901554	875.89
2172	1908049	878.48
2173	1912202	879.98
2174	1911199	879.12
2175	1918433	882.04
2176	1909954	877.74
2177	1920895	882.36
2178	1914789	879.15
2179	1947975	893.98
2180	1933162	886.77
2181	1959667	898.52
2182	1970679	903.15
2183	1973608	904.08
2184	1964751	899.61
2185	1935452	885.79
2186	1939163	887.08
2187	1940749	887.40
2188	2174531	993.84
2189	1962090	896.34
2190	1982639	905.31
2191	1990817	908.63
2192	1982940	904.63
2193	1966063	896.52
2194	1953498	890.38
2195	1969455	897.25
2196	1992328	907.25
2197	1962802	893.40
2198	1979064	900.39
2199	2063370	938.32
2200	2000619	909.37
2201	2021193	918.31
2202	2030033	921.90
2203	2019074	916.51
2204	2041912	926.46
2205	2077499	942.18
2206	2119008	960.57
2207	2072542	939.08
2208	2204565	998.44
2209	2384929	1079.64
2210	2242936	1014.90
2211	2113742	956.01
2212	2150184	972.05
2213	2108408	952.74
2214	2124962	959.78
2215	2158600	974.54
2216	2131197	961.73
2217	2170611	979.08
2218	2191379	988.00
2219	2175783	980.52
2220	2181507	982.66
2221	2205028	992.81
2222	2214308	996.54
2223	2214339	996.10
2224	2191629	985.44
2225	2260260	1015.85
2226	2471421	1110.25
2227	2349939	1055.20
2228	2325590	1043.80
2229	2304068	1033.68
2230	2336331	1047.68
2231	2308764	1034.86
2232	2376144	1064.58
2233	2375798	1063.95
2234	2366075	1059.12
2235	2359530	1055.72
2236	2289665	1024.00
2237	2303595	1029.77
2238	2282012	1019.67
2239	2298022	1026.36
2240	2224853	993.24
2241	2180562	973.03
2242	2207222	984.49
2243	2166771	966.01
2244	2084841	929.07
2245	2063908	919.34
2246	2082859	927.36
2247	2397704	1067.07
2248	2104548	936.19
2249	2093035	930.65
2250	2107243	936.55
2251	2105661	935.43
2252	2090936	928.48
2253	2153453	955.82
2254	2115007	938.33
2255	2121289	940.70
2256	2118237	938.93
2257	2121097	939.79
2258	2103467	931.56
2259	2117842	937.51
2260	2108304	932.88
2261	2107509	932.11
2262	2165786	957.47
2263	2371632	1048.00
2264	2170846	958.85
2265	2147708	948.22
2266	2108940	930.69
2267	2113887	932.46
2268	2115619	932.81
2269	2112836	931.17
2270	2128789	937.79
2271	2122714	934.70
2272	2127467	936.39
2273	2140468	941.69
2274	2158617	949.26
2275	2201195	967.56
2276	2168790	952.90
2277	2170976	953.44
2278	2158030	947.34
2279	2188220	960.17
2280	2172596	952.89
2281	2164056	948.73
2282	2154027	943.92
2283	2229900	976.74
2284	2161946	946.56
2285	2219241	971.22
2286	2165344	947.22
2287	2189947	957.56
2288	2241565	979.70
2289	2187605	955.70
2290	2204099	962.49
2291	2152016	939.33
2292	2162185	943.36
2293	2233300	973.96
2294	2195450	957.04
2295	2291015	998.26
2296	2265102	986.54
2297	2210116	962.18
2298	2178777	948.12
2299	2184471	950.18
2300	2166391	941.91
2301	2264045	983.94
2302	2170743	942.98
2303	2183545	948.13
2304	2193682	952.12
2305	2195057	952.30
2306	2203701	955.64
2307	2207929	957.06
2308	2236664	969.09
2309	2199516	952.58
2310	2211999	957.58
2311	2191225	948.17
2312	2204766	953.62
2313	2218780	959.27
2314	2237839	967.09
2315	2217848	958.03
2316	2235765	965.36
2317	2303366	994.12
2318	2225950	960.29
2319	2264932	976.68
2320	2267785	977.49
2321	2237659	964.09
2322	2280493	982.12
2323	2287541	984.74
2324	2261505	973.11
2325	2310429	993.73
2326	2278858	979.73
2327	2200108	945.47
2328	2156981	926.54
2329	2137617	917.83
2330	2136916	917.13
2331	2138265	917.32
2332	2140073	917.70
2333	2166809	928.77
2334	2181425	934.63
2335	2387783	1022.61
2336	2167863	928.02
2337	2154388	921.86
2338	2164806	925.92
2339	2161191	923.98
2340	2168462	926.69
2341	2158279	921.95
2342	2167131	925.33
2343	2164106	923.65
2344	2168112	924.96
2345	2168759	924.84
2346	2170620	925.24
2347	2173628	926.13
2348	2169380	923.93
2349	2173518	925.30
2350	2178778	927.14
2351	2179479	927.04
2352	2179294	926.57
2353	2202180	935.90
2354	2194330	932.17
2355	2195831	932.41
2356	2209130	937.66
2357	2189078	928.76
2358	2189925	928.72
2359	2187974	927.50
2360	2190245	928.07
2361	2209284	935.74
2362	2192703	928.32
2363	2195667	929.19
2364	2201923	931.44
2365	2195422	928.30
2366	2197496	928.78
2367	2205232	931.66
2368	2214725	935.27
2369	2227474	940.26
2370	2216771	935.35
2371	2211188	932.60
2372	2223176	937.26
2373	2233947	941.40
2374	2214860	932.97
2375	2216021	933.06
2376	2217800	933.42
2377	2215665	932.13
2378	2222829	934.75
2379	2218342	932.47
2380	2226984	935.71
2381	2226445	935.09
2382	2228949	935.75
2383	2233748	937.37
2384	2236017	937.93
2385	2230533	935.23
2386	2256302	945.64
2387	2250370	942.76
2388	2248701	941.67
2389	2250332	941.96
2390	2458010	1028.46
2391	2264009	946.89
2392	2253954	942.29
2393	2256965	943.15
2394	2255787	942.27
2395	2256252	942.07
2396	2255022	941.16
2397	2289248	955.05
2398	2282914	952.01
2399	2263053	943.33
2400	2295379	956.41
2401	2276955	948.34
2402	2279608	949.05
2403	2273691	946.19
2404	2275512	946.55
2405	2300288	956.46
2406	2290925	952.17
2407	2290409	951.56
2408	2299015	954.74
2409	2283628	947.96
2410	2280981	946.47
2411	2284039	947.34
2412	2289392	949.17
2413	2288445	948.38
2414	2295815	951.04
2415	2289730	948.13
2416	2292505	948.88
2417	2298885	951.13
2418	2293926	948.69
2419	2302046	951.65
2420	2300176	950.49
2421	2481567	1025.02
2422	2299610	949.47
2423	2303009	950.48
2424	2525407	1041.83
2425	2307828	951.68
2426	2310962	952.58
2427	2313065	953.06
2428	2311854	952.16
2429	2317539	954.11
2430	2313624	952.11
2431	2338652	962.01
2432	2324290	955.71
2433	2335848	960.07
2434	2326554	955.86
2435	2329999	956.88
2436	2340357	960.74
2437	2341417	960.78
2438	2334558	957.57
2439	2346357	962.02
2440	2341864	959.78
2441	2347503	961.70
2442	2351861	963.09
2443	2346214	960.38
2444	2353344	962.91
2445	2346632	959.77
2446	2354558	962.62
2447	2355197	962.48
2448	2357978	963.23
2449	2356728	962.32
2450	2365073	965.34
2451	2361406	963.45
2452	2360846	962.82
2453	2366509	964.74
2454	2365257	963.84
2455	2386781	972.21
2456	2558205	1041.61
2457	2373814	966.14
2458	2392100	973.19
2459	2397574	975.02
2460	2378739	966.97
2461	2399314	974.93
2462	2406584	977.49
2463	2384446	968.11
2464	2387426	968.92
2465	2421306	982.27
2466	2397841	972.36
2467	2409966	976.88
2468	2397801	971.56
2469	2396389	970.59
2470	2411524	976.33
2471	2404066	972.91
2472	2614203	1057.53
2473	2411285	975.04
2474	2416579	976.79
2475	2429543	981.63
2476	2427700	980.49
2477	2413224	974.25
2478	2697437	1088.55
2479	2633079	1062.15
2480	2428931	979.41
2481	2428965	979.03
2482	2435631	981.32
2483	2438284	981.99
2484	2437375	981.23
2485	2495694	1004.30
2486	2552428	1026.72
2487	2444568	982.94
2488	2470904	993.13
2489	2470306	992.49
2490	2633750	1057.73
2491	2813439	1129.44
2492	2440851	979.47
2493	2441285	979.26
2494	2448655	981.82
2495	2451467	982.55
2496	2445986	979.96
2497	2454007	982.78
2498	2454238	982.48
2499	2450721	980.68
2500	2457380	982.95
2501	2451381	980.16
2502	2455090	981.25
2503	2452902	979.98
2504	2780131	1110.28
2505	2463888	983.59
2506	2476666	988.29
2507	2519082	1004.82
2508	2481175	989.30
2509	2488263	991.73
2510	2490048	992.05
2511	2498464	995.01
2512	2494788	993.15
2513	2492913	992.01
2514	2483610	987.91
2515	2497989	993.24
2516	2482251	986.59
2517	2496183	991.73
2518	2505825	995.16
2519	2495990	990.87
2520	2497434	991.05
2521	2491329	988.23
2522	2522050	1000.02
2523	2704208	1071.82
2524	2513944	996.02
2525	2504922	992.05
2526	2516074	996.07
2527	2504008	990.90
2528	2515513	995.06
2529	2506649	991.16
2530	2514604	993.91
2531	2511821	992.42
2532	2515469	993.47
2533	2520823	995.19
2534	2519524	994.29
2535	2572037	1014.61
2536	2537648	1000.65
2537	2539515	1000.99
2538	2559773	1008.58
2539	2539262	1000.10
2540	2527086	994.92
2541	2528213	994.97
2542	2528093	994.53
2543	2529104	994.54
2544	2533874	996.02
2545	2537611	997.10
2546	2533991	995.28
2547	2547143	1000.06
2548	2539352	996.61
2549	2543587	997.88
2550	2545602	998.28
2551	2553641	1001.04
2552	2552453	1000.18
2553	2599485	1018.21
2554	2603572	1019.41
2555	2558286	1001.29
2556	2559106	1001.22
2557	2556663	999.87
2558	2563264	1002.06
2559	2570991	1004.69
2560	2566273	1002.45
2561	2571943	1004.27
2562	2569150	1002.79
2563	2576494	1005.26
2564	2578700	1005.73
2565	2580091	1005.88
2566	2602400	1014.19
2567	2587032	1007.80
2568	2588222	1007.87
2569	2619245	1019.56
2570	2596972	1010.49
2571	2595750	1009.63
2572	2597637	1009.97
2573	2591899	1007.35
2574	2598340	1009.46
2575	2615972	1015.91
2576	2604426	1011.03
2577	2605298	1010.98
2578	2620632	1016.54
2579	2608175	1011.31
2580	2611271	1012.12
2581	2611558	1011.84
2582	2612650	1011.87
2583	2610836	1010.78
2584	2654457	1027.27
2585	2633227	1018.66
2586	2622257	1014.02
2587	2623525	1014.12
2588	2624251	1014.01
2589	2628651	1015.32
2590	2655756	1025.39
2591	2640336	1019.04
2592	2631422	1015.21
2593	2635122	1016.24
2594	2638270	1017.07
2595	2638715	1016.85
2596	2835046	1092.08
2597	2700574	1039.88
2598	2651574	1020.62
2599	2660588	1023.70
2600	2808999	1080.38
2601	2679690	1030.25
2602	2671614	1026.75
2603	2665181	1023.89
2604	2669750	1025.25
2605	2676910	1027.60
2606	2676915	1027.21
2607	2680887	1028.34
2608	2683050	1028.78
2609	2678287	1026.56
2610	2693764	1032.09
2611	2683645	1027.82
2612	2724440	1043.05
2613	3092639	1183.56
2614	2726748	1043.13
2615	2686978	1027.53
2616	2684337	1026.12
2617	2685788	1026.29
2618	2690216	1027.58
2619	2702267	1031.79
2620	2694808	1028.55
2621	2699188	1029.83
2622	2695662	1028.09
2623	2702045	1030.14
2624	2694430	1026.84
2625	2704551	1030.31
2626	2721399	1036.33
2627	2723593	1036.77
2628	2718112	1034.29
2629	2713305	1032.07
2630	2711726	1031.07
2631	2719051	1033.47
2632	2715531	1031.74
2633	2724282	1034.67
2634	2721479	1033.21
2635	2721802	1032.94
2636	2723212	1033.08
2637	2759875	1046.60
2638	2750525	1042.66
2639	2740667	1038.52
2640	2768100	1048.52
2641	2758825	1044.61
2642	2999455	1135.30
2643	2759618	1044.12
2644	2747555	1039.17
2645	2751215	1040.16
2646	2748763	1038.84
2647	2747318	1037.90
2648	2799126	1057.07
2649	2771576	1046.27
2650	2792095	1053.62
2651	2775911	1047.12
2652	2780578	1048.48
2653	2774540	1045.81
2654	2798677	1054.51
2655	2788719	1050.36
2656	2775106	1044.84
2657	2779835	1046.23
2658	2771608	1042.74
2659	2776638	1044.24
2660	2775443	1043.40
2661	2781957	1045.46
2662	2786586	1046.80
2663	2781794	1044.61
2664	2776950	1042.40
2665	2790610	1047.13
2666	2797652	1049.38
2667	2803027	1051.00
2668	2789499	1045.54
2669	3097708	1160.62
2670	2805257	1050.66
2671	2815129	1053.96
2672	2797674	1047.03
2673	2798380	1046.91
2674	2797827	1046.31
2675	2804374	1048.36
2676	2825485	1055.86
2677	2818776	1052.96
2678	2815893	1051.49
2679	2820395	1052.78
2680	2822008	1052.99
2681	2817188	1050.80
2682	2835891	1057.38
2683	2825061	1052.95
2684	2830573	1054.61
2685	2879336	1072.38
2686	2828851	1053.18
2687	2831389	1053.74
2688	2835185	1054.76
2689	2835543	1054.50
2690	2839406	1055.54
2691	2839397	1055.15
2692	2838762	1054.52
2693	2844555	1056.28
2694	2854303	1059.50
2695	2849265	1057.24
2696	2859029	1060.47
2697	2852800	1057.77
2698	3015310	1117.61
2699	2863083	1060.79
2700	2862896	1060.33
2701	2860392	1059.01
2702	2865643	1060.56
2703	2865519	1060.13
2704	2875935	1063.59
2705	2873633	1062.34
2706	2876383	1062.96
2707	2871003	1060.58
2708	2891978	1067.94
2709	2881658	1063.73
2710	2902286	1070.95
2711	2886721	1064.82
2712	2915163	1074.91
2713	2897234	1067.91
2714	2893669	1066.20
2715	2896838	1066.98
2716	2891677	1064.68
2717	2896325	1066.00
2718	2897746	1066.13
2719	2898666	1066.08
2720	2898428	1065.60
2721	2912799	1070.49
2722	2911475	1069.61
2723	2917936	1071.59
2724	2920993	1072.32
2725	2920978	1071.92
2726	2919004	1070.80
2727	2909040	1066.75
2728	2912218	1067.53
2729	2911420	1066.84
2730	2911818	1066.60
2731	2919665	1069.08
2732	2920722	1069.08
2733	2924915	1070.22
2734	2919413	1067.82
2735	2927928	1070.54
2736	2926821	1069.74
2737	2945413	1076.15
2738	2948459	1076.87
2739	2986047	1090.20
2740	2956343	1078.96
2741	2946974	1075.15
2742	2950331	1075.98
2743	2962246	1079.93
2744	2947510	1074.17
2745	2985922	1087.77
2746	2959560	1077.77
2747	2955730	1075.98
2748	3000471	1091.87
2749	2971904	1081.09
2750	2988002	1086.55
2751	2994489	1088.51
2752	3026811	1099.86
2753	2989473	1085.90
2754	3014942	1094.75
2755	3032355	1100.67
2756	3034544	1101.07
2757	2983899	1082.30
2758	2988456	1083.56
2759	2994153	1085.23
2760	2989927	1083.31
2761	2988441	1082.38
2762	3000901	1086.50
2763	3021924	1093.71
2764	2994993	1083.57
2765	2993397	1082.60
2766	3008139	1087.54
2767	3005702	1086.27
2768	2997224	1082.81
2769	2998546	1082.90
2770	3000706	1083.29
2771	3006798	1085.09
2772	3007620	1085.00
2773	3004316	1083.42
2774	3012182	1085.86
2775	3014002	1086.13
2776	3014371	1085.87
2777	3026422	1089.82
2778	3033601	1092.01
2779	3043949	1095.34
2780	3033173	1091.07
2781	3036615	1091.91
2782	3033540	1090.42
2783	3028423	1088.19
2784	3037902	1091.20
2785	3037659	1090.72
2786	3032885	1088.62
2787	3031933	1087.88
2788	3044082	1091.85
2789	3040816	1090.29
2790	3043072	1090.71
2791	3051705	1093.41
2792	3049707	1092.30
2793	3091171	1106.76
2794	3090681	1106.19
2795	3128172	1119.20
2796	3068888	1097.60
2797	3063159	1095.16
2798	3069751	1097.12
2799	3067302	1095.86
2800	3072349	1097.27
2801	3065664	1094.49
2802	3069287	1095.39
2803	3076119	1097.44
2804	3107349	1108.18
2805	3102168	1105.94
2806	3101552	1105.33
2807	3104677	1106.05
2808	3084615	1098.51
2809	3094886	1101.78
2810	3099627	1103.07
2811	3093177	1100.38
2812	3105696	1104.44
2813	3119881	1109.09
2814	3102654	1102.58
2815	3105104	1103.06
2816	3105954	1102.97
2817	3153007	1119.28
2818	3173151	1126.03
2819	3125074	1108.58
2820	3130306	1110.04
2821	3122679	1106.94
2822	3131476	1109.67
2823	3192693	1130.96
2824	3169365	1122.30
2825	3181944	1126.35
2826	3142257	1111.91
2827	3127372	1106.25
2828	3327235	1176.53
2829	3382463	1195.64
2830	3234071	1142.78
2831	3170454	1119.91
2832	3160007	1115.82
2833	3152332	1112.72
2834	3158311	1114.44
2835	3173069	1119.25
2836	3165077	1116.04
2837	3158839	1113.44
2838	3174263	1118.49
2839	3162573	1113.97
2840	3166006	1114.79
2841	3177352	1118.39
2842	3162568	1112.80
2843	3165499	1113.44
2844	3161786	1111.74
2845	3164061	1112.15
2846	3159352	1110.10
2847	3164505	1111.52
2848	3195516	1122.02
2849	3167094	1111.65
2850	3168411	1111.72
2851	3180098	1115.43
2852	3181503	1115.53
2853	3184580	1116.22
2854	3179831	1114.17
2855	3386266	1186.08
2856	3188059	1116.27
2857	3188004	1115.86
2858	3193562	1117.41
2859	3191659	1116.36
2860	3212021	1123.08
2861	3316923	1159.36
2862	3202827	1119.09
2863	3196315	1116.42
2864	3210568	1121.01
2865	3273043	1142.42
2866	3220623	1123.73
2867	3239055	1129.77
2868	3224898	1124.44
2869	3224128	1123.78
2870	3213773	1119.78
2871	3222513	1122.44
2872	3215930	1119.75
2873	3222398	1121.61
2874	3227776	1123.10
2875	3227646	1122.66
2876	3230244	1123.17
2877	3227450	1121.81
2878	3458841	1201.82
2879	3246035	1127.49
2880	3273751	1136.72
2881	3251171	1128.49
2882	3257658	1130.35
2883	3254831	1128.97
2884	3279692	1137.20
2885	3254772	1128.17
2886	3252054	1126.84
2887	3254220	1127.20
2888	3262758	1129.76
2889	3255201	1126.76
2890	3280614	1135.16
2891	3313399	1146.11
2892	3283152	1135.25
2893	3279304	1133.53
2894	3276329	1132.11
2895	3283027	1134.03
2896	3281516	1133.12
2897	3275829	1130.77
2898	3288048	1134.59
2899	3288624	1134.40
2900	3290261	1134.57
2901	3296845	1136.45
2902	3292797	1134.66
2903	3296507	1135.55
2904	3375881	1162.49
2905	3296094	1134.63
2906	3298692	1135.13
2907	3293829	1133.07
2908	3306521	1137.04
2909	3317953	1140.58
2910	3301333	1134.48
2911	3308114	1136.42
2912	3311485	1137.19
2913	3310719	1136.53
2914	3517662	1207.16
2915	3327829	1141.62
2916	3330837	1142.26
2917	3329433	1141.39
2918	3318720	1137.33
2919	3319360	1137.16
2920	3326378	1139.17
2921	3342279	1144.22
2922	3328103	1138.98
2923	3332428	1140.07
2924	3342052	1142.97
2925	3338918	1141.51
2926	3339298	1141.25
2927	3353774	1145.81
2928	3369679	1150.85
2929	3357619	1146.34
2930	3359175	1146.48
2931	3366441	1148.56
2932	3384907	1154.47
2933	3660258	1247.96
2934	3800856	1295.45
2935	3796487	1293.52
2936	3807284	1296.76
2937	3803998	1295.20
2938	3751816	1277.00
2939	3408916	1159.89
2940	3403058	1157.50
2941	3381737	1149.86
2942	3375748	1147.43
2943	3376026	1147.14
2944	3381277	1148.53
2945	3379512	1147.54
2946	3387408	1149.83
2947	3392607	1151.21
2948	3574859	1212.64
2949	3411287	1156.76
2950	3467015	1175.26
2951	3447742	1168.33
2952	3430034	1161.94
2953	3438477	1164.40
2954	3428098	1160.49
2955	3469505	1174.11
2956	3430828	1160.63
2957	3425941	1158.59
2958	3437839	1162.22
2959	3432012	1159.86
2960	3468430	1171.77
2961	3478178	1174.66
2962	3714201	1253.95
2963	3893658	1314.09
2964	3896849	1314.73
2965	3881407	1309.07
2966	3899105	1314.60
2967	3884893	1309.37
2968	3892127	1311.36
2969	3900906	1313.88
2970	3914752	1318.10
2971	3912923	1317.04
2972	3716265	1250.43
2973	3695164	1242.91
2974	3472681	1167.68
2975	3474970	1168.06
2976	3495460	1174.55
2977	3472320	1166.38
2978	3472842	1166.17
2979	3494750	1173.13
2980	3506556	1176.70
2981	3494548	1172.27
2982	3593201	1204.96
2983	3634578	1218.43
2984	3509006	1175.94
2985	3485986	1167.83
2986	3490053	1168.81
2987	3485958	1167.04
2988	3493866	1169.30
2989	3499228	1170.70
2990	3499434	1170.38
2991	3496077	1168.87
2992	3508350	1172.58
2993	3511284	1173.17
2994	3514749	1173.93
2995	3521325	1175.73
2996	3509532	1171.41
2997	3531240	1178.26
2998	3513688	1172.01
2999	3549786	1183.66
3000	3550506	1183.50
3001	3542762	1180.53
3002	3536033	1177.89
3003	3559891	1185.44
3004	3563189	1186.15
3005	3566357	1186.81
3006	3549092	1180.67
3007	3556344	1182.69
3008	3543383	1177.99
3009	3544662	1178.02
3010	3548769	1178.99
3011	3552686	1179.90
3012	3555034	1180.29
3013	3627177	1203.84
3014	3561725	1181.73
3015	3564417	1182.23
3016	3592619	1191.19
3017	3575414	1185.09
3018	3564144	1180.96
3019	3564924	1180.83
3020	3569207	1181.86
3021	3602968	1192.64
3022	3576058	1183.34
3023	3581837	1184.86
3024	3593951	1188.48
3025	3590462	1186.93
3026	3589296	1186.15
3027	3595620	1187.85
3028	3598106	1188.28
3029	3607595	1191.02
3030	3592006	1185.48
3031	3592936	1185.40
3032	3592047	1184.71
3033	3612872	1191.19
3034	3604943	1188.18
3035	3605209	1187.88
3036	3611484	1189.55
3037	3641643	1199.09
3038	3627621	1194.08
3039	4091032	1346.18
3040	4102130	1349.38
3041	4089662	1344.84
3042	4085727	1343.11
3043	3701384	1216.36
3044	3626438	1191.34
3045	3623248	1189.90
3046	3629723	1191.64
3047	3630198	1191.40
3048	3635710	1192.82
3049	3651276	1197.53
3050	3664191	1201.37
3051	3641920	1193.68
3052	3646503	1194.79
3053	4010404	1313.59
3054	3847095	1259.69
3055	3676875	1203.56
3056	3673589	1202.09
3057	3670526	1200.70
3058	3681719	1203.96
3059	3663846	1197.73
3060	3680899	1202.91
3061	3674255	1200.34
3062	3658569	1194.83
3063	3657812	1194.19
3064	3680388	1201.17
3065	3682094	1201.34
3066	3678643	1199.82
3067	3677344	1199.00
3068	3688464	1202.24
3069	3882666	1265.12
3070	3683932	1199.98
3071	3706633	1206.98
3072	3732013	1214.85
3073	3689083	1200.48
3074	3699747	1203.56
3075	3689744	1199.92
3076	3703439	1203.98
3077	3698097	1201.85
3078	3715355	1207.07
3079	3725402	1209.94
3080	3720724	1208.03
3081	3715091	1205.81
3082	3715006	1205.39
3083	3702987	1201.10
3084	3705000	1201.36
3085	3708611	1202.14
3086	3722214	1206.16
3087	3711772	1202.39
3088	3711825	1202.02
3089	3717801	1203.56
3090	3765121	1218.49
3091	3821976	1236.49
3092	3778806	1222.12
3093	3840792	1241.77
3094	3759526	1215.10
3095	3758851	1214.49
3096	3753126	1212.25
3097	3758938	1213.74
3098	3759946	1213.67
3099	3763752	1214.51
3100	3764547	1214.37
3101	3778928	1218.62
3102	3761724	1212.68
3103	3782289	1218.91
3104	3765073	1212.97
3105	3768259	1213.61
3106	3776067	1215.73
3107	3793518	1220.96
3108	3762503	1210.59
3109	3779758	1215.75
3110	3773391	1213.31
3111	3794314	1219.64
3112	3823443	1228.61
3113	3852442	1237.53
3114	3797306	1219.43
3115	3810483	1223.27
3116	3816521	1224.81
3117	3789201	1215.66
3118	3793484	1216.64
3119	3795010	1216.74
3120	3800853	1218.22
3121	3795837	1216.22
3122	3830877	1227.06
3123	3855102	1234.42
3124	3819648	1222.68
3125	3820033	1222.41
3126	3810153	1218.86
3127	3832986	1225.77
3128	3821291	1221.64
3129	3830259	1224.12
3130	3826007	1222.37
3131	3826307	1222.07
3132	3849569	1229.11
3133	3871102	1235.59
3134	3865371	1233.37
3135	3835784	1223.54
3136	3832616	1222.14
3137	3875125	1235.30
3138	3852572	1227.72
3139	3857562	1228.91
3140	3849325	1225.90
3141	3854504	1227.16
3142	3875208	1233.36
3143	3873044	1232.28
3144	3882325	1234.84
3145	3855503	1225.92
3146	3874789	1231.66
3147	3862072	1227.22
3148	3937624	1250.83
3149	3877294	1231.28
3150	3873247	1229.60
3151	3883341	1232.42
3152	3875527	1229.55
3153	3890473	1233.90
3154	3908494	1239.22
3155	3890906	1233.25
3156	3884961	1230.98
3157	3879828	1228.96
3158	3884304	1229.99
3159	3885336	1229.93
3160	3887097	1230.09
3161	3887166	1229.73
3162	3898633	1232.96
3163	4147273	1311.18
3164	3929862	1242.05
3165	3920385	1238.67
3166	3924969	1239.72
3167	3921686	1238.30
3168	3946352	1245.69
3169	3925882	1238.84
3170	3920576	1236.77
3171	3922786	1237.08
3172	3929912	1238.94
3173	4127351	1300.77
3174	3951431	1244.94
3175	3928235	1237.24
3176	3926290	1236.24
3177	3925863	1235.71
3178	3924485	1234.89
3179	3933683	1237.40
3180	3937127	1238.09
3181	3940766	1238.85
3182	3939686	1238.12
3183	3974444	1248.65
3184	3952316	1241.31
3185	4127495	1295.92
3186	3948806	1239.42
3187	3955136	1241.02
3188	3963331	1243.20
3189	3957944	1241.12
3190	3961938	1241.99
3191	3960812	1241.24
3192	3965779	1242.41
3193	3983842	1247.68
3194	3979835	1246.03
3195	3990709	1249.05
3196	3976439	1244.19
3197	3970353	1241.90
3198	3979318	1244.31
3199	3978719	1243.74
3200	3990194	1246.94
3201	3985625	1245.12
3202	3990579	1246.28
3203	3990917	1245.99
3204	3999968	1248.43
3205	4024934	1255.83
3206	4016272	1252.74
3207	4006819	1249.40
3208	4035818	1258.05
3209	4034104	1257.12
3210	4043227	1259.57
3211	4027284	1254.21
3212	4027989	1254.04
3213	4052444	1261.26
3214	4037860	1256.33
3215	4030265	1253.58
3216	4022027	1250.63
3217	4022846	1250.50
3218	4030438	1252.47
3219	4031643	1252.45
3220	4034590	1252.98
3221	4038999	1253.96
3222	4041112	1254.22
3223	4048301	1256.07
3224	4247266	1317.39
3225	4054420	1257.18
3226	4060455	1258.67
3227	4049112	1254.76
3228	4084527	1265.34
3229	4058536	1256.90
3230	4067682	1259.34
3231	4061906	1257.17
3232	4265145	1319.66
3233	4071405	1259.33
3234	4069160	1258.24
3235	4085593	1262.93
3236	4082681	1261.64
3237	4097634	1265.87
3238	4088632	1262.70
3239	4089947	1262.72
3240	4096655	1264.40
3241	4103802	1266.21
3242	4094316	1262.90
3243	4114623	1268.77
3244	4110437	1267.09
3245	4095845	1262.20
3246	4110461	1266.32
3247	4119263	1268.64
3248	4106702	1264.38
3249	4102606	1262.73
3250	4111864	1265.19
3251	4109195	1263.98
3252	4546443	1398.05
3253	4168863	1281.54
3254	4137887	1271.63
3255	4121785	1266.29
3256	4118955	1265.04
3257	4130150	1268.08
3258	4127445	1266.86
3259	4138795	1269.96
3260	4140802	1270.18
3261	4161139	1276.03
3262	4161549	1275.77
3263	4172584	1278.76
3264	4139283	1268.16
3265	4150422	1271.19
3266	4166139	1275.61
3267	4182558	1280.24
3268	4190127	1282.17
3269	4203856	1285.98
3270	4177794	1277.61
3271	4178413	1277.41
3272	4175231	1276.05
3273	4167469	1273.29
3274	4171274	1274.06
3275	4162328	1270.94
3276	4175656	1274.62
3277	4177893	1274.91
3278	4174394	1273.46
3279	4190337	1277.93
3280	4185499	1276.07
3281	4186768	1276.06
3282	4208365	1282.26
3283	4317668	1315.16
3284	4245828	1292.88
3285	4225354	1286.26
3286	4194056	1276.34
3287	4206953	1279.88
3288	4207520	1279.66
3289	4208952	1279.71
3290	4238696	1288.36
3291	4227574	1284.59
3292	4236623	1286.95
3293	4240863	1287.84
3294	4246730	1289.23
3295	4284887	1300.42
3296	4255851	1291.22
3297	4252635	1289.85
3298	4252000	1289.27
3299	4255744	1290.01
3300	4236870	1283.90
3301	4246325	1286.38
3302	4251055	1287.42
3303	4242761	1284.52
3304	4264288	1290.64
3305	4239965	1282.89
3306	4251204	1285.91
3307	4258334	1287.67
3308	4251702	1285.28
3309	4259074	1287.12
3310	4256177	1285.85
3311	4278565	1292.23
3312	4292319	1295.99
3313	4261937	1286.43
3314	4264260	1286.74
3315	4266808	1287.12
3316	4276789	1289.74
3317	4277914	1289.69
3318	4580909	1380.62
3319	4280713	1289.76
3320	4307547	1297.45
3321	4314672	1299.21
3322	4420142	1330.57
3323	4291650	1291.50
3324	4289781	1290.55
3325	4287999	1289.62
3326	4320920	1299.13
3327	4303690	1293.56
3328	4314222	1296.34
3329	4311007	1294.99
3330	4306323	1293.19
3331	4302696	1291.71
3332	4305567	1292.19
3333	4311601	1293.61
3334	4310717	1292.96
3335	4313256	1293.33
3336	4469679	1339.83
3337	4324500	1295.92
3338	4326208	1296.05
3339	4322963	1294.69
3340	4326097	1295.24
3341	4354944	1303.49
3342	4347000	1300.72
3343	4337831	1297.59
3344	4344671	1299.24
3345	4340732	1297.68
3346	4381762	1309.55
3347	4393661	1312.72
3348	4374369	1306.56
3349	4387338	1310.04
3350	4375591	1306.15
3351	4385052	1308.58
3352	4371558	1304.16
3353	4411048	1315.55
3354	4418257	1317.31
3355	4396259	1310.36
3356	4387087	1307.24
3357	4379915	1304.71
3358	4380710	1304.56
3359	4405961	1311.69
3360	4383025	1304.47
3361	4390819	1306.40
3362	4387082	1304.90
3363	4407247	1310.51
3364	4434341	1318.18
3365	4398451	1307.12
3366	4409201	1309.92
3367	4410266	1309.85
3368	4408582	1308.96
3369	4425563	1313.61
3370	4409013	1308.31
3371	4420641	1311.37
3372	4594146	1362.44
3373	4427381	1312.59
3374	4421974	1310.60
3375	4419844	1309.58
3376	4430942	1312.48
3377	4444000	1315.96
3378	4430795	1311.66
3379	4445678	1315.68
3380	4438461	1313.15
3381	4520416	1337.01
3382	4467021	1320.82
3383	4501310	1330.57
3384	4501477	1330.22
3385	4493443	1327.46
3386	4495611	1327.71
3387	4484028	1323.89
3388	4488285	1324.76
3389	4492997	1325.76
3390	4494001	1325.66
3391	4490911	1324.36
3392	4497716	1325.98
3393	4481138	1320.70
3394	4492282	1323.60
3395	4490781	1322.76
3396	4484932	1320.65
3397	4477763	1318.15
3398	4491024	1321.67
3399	4516430	1328.75
3400	4527866	1331.73
3401	4508207	1325.55
3402	4509378	1325.51
3403	4505070	1323.85
3404	4507933	1324.30
3405	4514965	1325.98
3406	4524980	1328.53
3407	4728033	1387.74
3408	4524303	1327.55
3409	4534279	1330.09
3410	4525239	1327.05
3411	4518975	1324.82
3412	4531343	1328.06
3413	4531680	1327.77
3414	4541608	1330.29
3415	4539708	1329.34
3416	4547753	1331.31
3417	4547061	1330.72
3418	4537970	1327.67
3419	4548604	1330.39
3420	4541320	1327.87
3421	4545853	1328.81
3422	4543950	1327.86
3423	4555678	1330.90
3424	4551206	1329.21
3425	4646155	1356.54
3426	4629958	1351.42
3427	4578050	1335.88
3428	4575920	1334.87
3429	4644596	1354.50
3430	5173589	1508.33
3431	5161327	1504.32
3432	5167701	1505.74
3433	5081536	1480.20
3434	4629888	1348.25
3435	4610104	1342.10
3436	4594247	1337.09
3437	4591312	1335.85
3438	4602664	1338.76
3439	4595193	1336.20
3440	4621582	1343.48
3441	4602617	1337.58
3442	4602390	1337.13
3443	4618565	1341.44
3444	4604093	1336.84
3445	4610368	1338.28
3446	4628252	1343.08
3447	4621358	1340.69
3448	4620190	1339.96
3449	4629027	1342.14
3450	4637525	1344.21
3451	4668787	1352.88
3452	4646968	1346.17
3453	4636991	1342.89
3454	4629925	1340.45
3455	4635505	1341.68
3456	4631854	1340.24
3457	4633099	1340.21
3458	4641304	1342.19
3459	4640119	1341.46
3460	4651851	1344.47
3461	4644746	1342.02
3462	4644726	1341.63
3463	4671308	1348.92
3464	4669506	1348.01
3465	4668952	1347.46
3466	4669639	1347.27
3467	4830148	1393.18
3468	4852370	1399.18
3469	4840172	1395.26
3470	4676707	1347.75
3471	4681427	1348.73
3472	4681039	1348.23
3473	4681359	1347.93
3474	4677482	1346.43
3475	4703356	1353.48
3476	4691202	1349.60
3477	4734836	1361.76
3478	4694646	1349.81
3479	4690908	1348.35
3480	4706654	1352.49
3481	4702919	1351.03
3482	4703603	1350.83
3483	4701407	1349.82
3484	4717996	1354.19
3485	4737455	1359.38
3486	4737048	1358.88
3487	4728679	1356.09
3488	4721692	1353.70
3489	4742647	1359.31
3490	4748996	1360.74
3491	4740884	1358.03
3492	4957810	1419.76
3493	4976318	1424.65
3494	4752277	1360.13
3495	4753615	1360.12
3496	4740653	1356.02
3497	4773495	1365.03
3498	4755481	1359.49
3499	4761063	1360.69
3500	4771737	1363.35
3501	4906121	1401.35
3502	4780425	1365.06
3503	4767372	1360.94
3504	4759169	1358.21
3505	4760986	1358.34
3506	4762920	1358.51
3507	4761586	1357.74
3508	4772869	1360.57
3509	4880804	1390.94
3510	4799543	1367.39
3511	4778589	1361.03
3512	4781111	1361.36
3513	4796557	1365.37
3514	4795756	1364.76
3515	4795850	1364.40
3516	4813272	1368.96
3517	4833660	1374.37
3518	4865439	1383.01
3519	5368741	1525.64
3520	5014762	1424.65
3521	4816824	1368.03
3522	4836443	1373.21
3523	4822520	1368.87
3524	4818909	1367.45
3525	4832194	1370.84
3526	4836857	1371.77
3527	4860137	1377.98
3528	4851805	1375.23
3529	4847976	1373.75
3530	4868681	1379.23
3531	4857044	1375.54
3532	4851688	1373.64
3533	4861319	1375.97
3534	4909425	1389.20
3535	5067122	1433.41
3536	4877632	1379.42
3537	4866463	1375.87
3538	4870587	1376.65
3539	4873833	1377.18
3540	4869174	1375.47
3541	4881912	1378.68
3542	4890760	1380.79
3543	5081397	1434.21
3544	4884748	1378.31
3545	4875583	1375.34
3546	4885770	1377.83
3547	4883366	1376.76
3548	4890932	1378.50
3549	4900611	1380.84
3550	4902457	1380.97
3551	4904159	1381.06
3552	4920170	1385.18
3553	4909834	1381.88
3554	4909848	1381.50
3555	4913716	1382.20
3556	4917587	1382.90
3557	4942417	1389.49
3558	4926989	1384.76
3559	4941389	1388.42
3560	4917219	1381.24
3561	4917430	1380.91
3562	4948671	1389.30
3563	4933078	1384.53
3564	4938550	1385.68
3565	4945141	1387.14
3566	4961748	1391.40
3567	4985700	1397.73
3568	5002101	1401.93
3569	4955084	1388.37
3570	4956745	1388.44
3571	4955396	1387.68
3572	4954636	1387.08
3573	4961868	1388.71
3574	5007449	1401.08
3575	4976978	1392.16
3576	5001553	1398.64
3577	4967238	1388.66
3578	5012594	1400.95
3579	4985365	1392.95
3580	4984991	1392.46
3581	5004241	1397.44
3582	5055149	1411.26
3583	5018545	1400.65
3584	5012800	1398.66
3585	4995542	1393.46
3586	5016796	1398.99
3587	5013638	1397.72
3588	5010536	1396.47
3589	5017292	1397.96
3590	5030261	1401.19
3591	5039493	1403.37
3592	5045357	1404.61
3593	5032083	1400.52
3594	5050923	1405.38
3595	5026558	1398.21
3596	5020671	1396.18
3597	5039845	1401.12
3598	5127472	1425.09
3599	5047719	1402.53
3600	5049013	1402.50
3601	5032367	1397.49
3602	5030310	1396.53
3603	5033496	1397.03
3604	5041250	1398.79
3605	5056129	1402.53
3606	5091554	1411.97
3607	5070624	1405.77
3608	5065191	1403.88
3609	5082573	1408.31
3610	5080370	1407.30
3611	5071035	1404.33
3612	5094237	1410.36
3613	5078248	1405.55
3614	5091286	1408.77
3615	5119124	1416.08
3616	5098140	1409.88
3617	5090733	1407.45
3618	5091908	1407.38
3619	5097446	1408.52
3620	5096738	1407.94
3621	5131717	1417.21
3622	5118308	1413.12
3623	5104240	1408.84
3624	5100374	1407.39
3625	5121481	1412.82
3626	5100553	1406.66
3627	5107760	1408.26
3628	5104016	1406.84
3629	5120833	1411.09
3630	5149754	1418.67
3631	5121153	1410.40
3632	5120507	1409.83
3633	5119946	1409.29
3634	5115666	1407.72
3635	5120419	1408.64
3636	5136694	1412.73
3637	5176052	1423.17
3638	5175521	1422.63
3639	5177003	1422.64
3640	5154137	1415.97
3641	5171953	1420.48
3642	5143734	1412.34
3643	5153077	1414.51
3644	5153644	1414.28
3645	5189861	1423.83
3646	5162318	1415.89
3647	5164777	1416.17
3648	5368041	1471.50
3649	5162798	1414.85
3650	5162086	1414.27
3651	5164835	1414.64
3652	5387112	1475.11
3653	5320385	1456.44
3654	5235488	1432.81
3655	5194639	1421.24
3656	5203440	1423.26
3657	5194587	1420.45
3658	5202142	1422.13
3659	5200981	1421.42
3660	5265418	1438.64
3661	5219621	1425.74
3662	5218500	1425.04
3663	5234040	1428.89
3664	5215852	1423.54
3665	5229778	1426.95
3666	5233041	1427.45
3667	5257688	1433.78
3668	5233947	1426.92
3669	5219494	1422.59
3670	5227649	1424.43
3671	5275329	1437.03
3672	5243151	1427.87
3673	5240934	1426.88
3674	5246283	1427.95
3675	5499410	1496.44
3676	5253989	1429.27
3677	5267823	1432.64
3678	5262023	1430.68
3679	5256825	1428.87
3680	5256212	1428.32
3681	5271605	1432.11
3682	5303569	1440.40
3683	5279295	1433.42
3684	5263855	1428.84
3685	5262648	1428.13
3686	5271981	1430.27
3687	5266185	1428.31
3688	5266002	1427.87
3689	5302009	1437.25
3690	5511283	1493.57
3691	5337769	1446.16
3692	5312721	1438.98
3693	5305085	1436.52
3694	5310702	1437.66
3695	5305127	1435.76
3696	5307625	1436.05
3697	5344839	1445.72
3698	5371451	1452.53
3699	5323366	1439.14
3700	5333828	1441.58
3701	5363611	1449.23
3702	5339833	1442.42
3703	5339410	1441.91
3704	5369656	1449.69
3705	5404287	1458.65
3706	5555019	1498.93
3707	5395614	1455.52
3708	5381645	1451.36
3709	5390665	1453.40
3710	5388971	1452.55
3711	5405163	1456.52
3712	5409094	1457.19
3713	5733121	1544.07
3714	5383034	1449.39
3715	5376992	1447.37
3716	5417359	1457.85
3717	5382385	1448.05
3718	5406553	1454.16
3719	5402224	1452.60
3720	5470321	1470.52
3721	5415786	1455.47
3722	5416499	1455.27
3723	5399757	1450.38
3724	5423000	1456.23
3725	5410766	1452.55
3726	5495500	1474.91
3727	5442996	1460.42
3728	5445064	1460.59
3729	5458207	1463.72
3730	5455730	1462.66
3731	5435741	1456.91
3732	5419417	1452.15
3733	5426363	1453.62
3734	5428113	1453.70
3735	5443490	1457.43
3736	5435649	1454.94
3737	5453516	1459.33
3738	5439519	1455.20
3739	5427103	1451.49
3740	5430292	1451.95
3741	5661809	1513.45
3742	5505983	1471.40
3743	5476740	1463.20
3744	5444333	1454.15
3745	5466608	1459.71
3746	5455081	1456.24
3747	5455320	1455.92
3748	5505821	1469.00
3749	5514148	1470.83
3750	5482067	1461.88
3751	5483302	1461.82
3752	5483763	1461.56
3753	5493869	1463.86
3754	5490282	1462.52
3755	5509140	1467.15
3756	6100957	1624.32
3757	5507903	1466.04
3758	5504259	1464.68
3759	5514746	1467.08
3760	5520064	1468.10
3761	5518652	1467.34
3762	5521277	1467.64
3763	5543040	1473.04
3764	5526626	1468.29
3765	5502775	1461.56
3766	5494984	1459.10
3767	5495481	1458.85
3768	5501885	1460.16
3769	5509169	1461.71
3770	5510803	1461.75
3771	5542318	1469.72
3772	5530552	1466.21
3773	5535003	1467.00
3774	5533810	1466.30
3775	5530896	1465.14
3776	5544328	1468.31
3777	5558667	1471.71
3778	5577771	1476.38
3779	5546345	1467.68
3780	5545454	1467.05
3781	5549306	1467.68
3782	5557898	1469.57
3783	5550236	1467.15
3784	5568802	1471.67
3785	5608297	1481.72
3786	5566751	1470.35
3787	5557929	1467.63
3788	5568343	1470.00
3789	5566459	1469.11
3790	5593122	1475.76
3791	5702072	1504.11
3792	5603100	1477.61
3793	5596470	1475.47
3794	5595596	1474.85
3795	5599605	1475.52
3796	5592501	1473.26
3797	5599106	1474.61
3798	5667711	1492.29
3799	5824255	1533.10
3800	5642462	1484.86
3801	5624768	1479.81
3802	6116943	1608.88
3803	5890060	1548.79
3804	5633649	1480.98
3805	5632695	1480.34
3806	5658717	1486.79
3807	6090354	1599.78
3808	5642045	1481.63
3809	5632566	1478.75
3810	5655310	1484.33
3811	5647775	1481.97
3812	5670259	1487.48
3813	5650610	1481.93
3814	5655916	1482.94
3815	5651730	1481.45
3816	5660493	1483.36
3817	5665412	1484.26
3818	5665502	1483.89
3819	5664358	1483.20
3820	5898790	1544.19
3821	5668835	1483.60
3822	5663334	1481.77
3823	5669953	1483.12
3824	5664649	1481.34
3825	5681568	1485.38
3826	5886257	1538.49
3827	5706109	1491.01
3828	5683274	1484.66
3829	5683237	1484.26
3830	5691010	1485.90
3831	5687688	1484.65
3832	5700026	1487.48
3833	5893254	1537.50
3834	5744476	1498.30
3835	5707899	1488.37
3836	5724669	1492.35
3837	5728375	1492.93
3838	5724045	1491.41
3839	5730657	1492.75
3840	5776866	1504.39
3841	5736214	1493.42
3842	5715905	1487.74
3843	5726220	1490.04
3844	5754296	1496.96
3845	5731402	1490.61
3846	5723681	1488.22
3847	5735826	1490.99
3848	5746605	1493.40
3849	5734980	1489.99
3850	5742405	1491.53
3851	5751080	1493.40
3852	5742426	1490.76
3853	5937498	1541.01
3854	5771139	1497.44
3855	5757993	1493.64
3856	5756360	1492.83
3857	5758262	1492.94
3858	5762787	1493.72
3859	5766232	1494.23
3860	5963506	1544.95
3861	5801367	1502.56
3862	5788996	1498.96
3863	5787045	1498.07
3864	5797193	1500.31
3865	5793560	1498.98
3866	5797788	1499.69
3867	5995125	1550.33
3868	5808378	1501.65
3869	5791263	1496.84
3870	5796729	1497.86
3871	5826409	1505.14
3872	5808419	1500.11
3873	5811431	1500.50
3874	5827987	1504.38
3875	5860449	1512.37
3876	5865954	1513.40
3877	5839247	1506.13
3878	5836858	1505.12
3879	5835245	1504.32
3880	5838993	1504.90
3881	5852144	1507.90
3882	5848162	1506.48
3883	5839388	1503.83
3884	5840554	1503.75
3885	5878831	1513.21
3886	5871829	1511.02
3887	5877235	1512.02
3888	5895459	1516.32
3889	5879774	1511.90
3890	5875226	1510.34
3891	5885697	1512.64
3892	5867691	1507.63
3893	5872750	1508.54
3894	5906219	1516.75
3895	5920136	1519.93
3896	5887220	1511.09
3897	5879749	1508.79
3898	5891117	1511.32
3899	5887207	1509.93
3900	5896698	1511.97
3901	5913808	1515.97
3902	5938982	1522.04
3903	5910623	1514.38
3904	5924855	1517.64
3905	5904615	1512.07
3906	5909476	1512.92
3907	5913292	1513.51
3908	5970799	1527.84
3909	5966112	1526.25
3910	5957987	1523.78
3911	5952513	1521.99
3912	5956974	1522.74
3913	5940161	1518.06
3914	5955724	1521.65
3915	6076852	1552.20
3916	5976696	1526.22
3917	5942199	1517.03
3918	5942651	1516.76
3919	5952192	1518.80
3920	5953342	1518.71
3921	5975713	1524.03
3922	6193146	1579.08
3923	5995978	1528.42
3924	5979519	1523.83
3925	6039227	1538.66
3926	5991032	1525.99
3927	6018528	1532.60
3928	6017274	1531.89
3929	6033417	1535.61
3930	5995762	1525.64
3931	5996221	1525.37
3932	5993178	1524.21
3933	5999916	1525.53
3934	6005099	1526.46
3935	6079193	1544.90
3936	6023397	1530.33
3937	6025316	1530.43
3938	6040022	1533.78
3939	6009885	1525.74
3940	6010452	1525.50
3941	6277549	1592.88
3942	6066197	1538.86
3943	6054540	1535.52
3944	6008378	1523.42
3945	6010558	1523.59
3946	6012181	1523.61
3947	6008881	1522.39
3948	6050721	1532.60
3949	6125900	1551.25
3950	6039795	1529.06
3951	6077024	1538.10
3952	6079410	1538.31
3953	6079335	1537.90
3954	6089056	1539.97
3955	6098985	1542.09
3956	6071357	1534.72
3957	6080747	1536.71
3958	6059314	1530.90
3959	6081048	1536.01
3960	6067894	1532.30
3961	6288962	1587.72
3962	6099658	1539.54
3963	6605976	1666.91
3964	6168962	1556.25
3965	6143319	1549.39
3966	6184832	1559.46
3967	6306797	1589.82
3968	6096745	1536.48
3969	6101607	1537.32
3970	6082208	1532.04
3971	6092992	1534.37
3972	6101310	1536.08
3973	6102100	1535.89
3974	6264786	1576.44
3975	6147149	1546.45
3976	6124966	1540.48
3977	6131545	1541.75
3978	6133783	1541.93
3979	6145671	1544.53
3980	6452838	1621.32
3981	6150184	1544.88
3982	6129264	1539.24
3983	6134490	1540.17
3984	6136156	1540.20
3985	6133294	1539.10
3986	6135015	1539.14
3987	6174273	1548.60
3988	6235092	1563.46
3989	6200348	1554.36
3990	6234033	1562.41
3991	6181466	1548.85
3992	6177702	1547.52
3993	6231152	1560.52
3994	6274288	1570.93
3995	6247590	1563.85
3996	6205325	1552.88
3997	6202249	1551.73
3998	6196497	1549.90
3999	6206872	1552.11
4000	6235558	1558.89
