N	Total Time	Average CPE
1	201	201.00
2	48	24.00
3	144	48.00
4	72	18.00
5	163	32.60
6	210	35.00
7	173	24.71
8	322	40.25
9	327	36.33
10	370	37.00
11	358	32.55
12	477	39.75
13	432	33.23
14	505	36.07
15	554	36.93
16	520	32.50
17	554	32.59
18	596	33.11
19	705	37.11
20	825	41.25
21	539	25.67
22	553	25.14
23	655	28.48
24	559	23.29
25	627	25.08
26	696	26.77
27	819	30.33
28	1288	46.00
29	1127	38.86
30	977	32.57
31	1118	36.06
32	1157	36.16
33	1061	32.15
34	1297	38.15
35	550	15.71
36	556	15.44
37	571	15.43
38	571	15.03
39	596	15.28
40	732	18.30
41	589	14.37
42	597	14.21
43	618	14.37
44	910	20.68
45	1241	27.58
46	1180	25.65
47	1250	26.60
48	1181	24.60
49	961	19.61
50	708	14.16
51	718	14.08
52	735	14.13
53	853	16.09
54	882	16.33
55	884	16.07
56	869	15.52
57	827	14.51
58	813	14.02
59	870	14.75
60	970	16.17
61	857	14.05
62	922	14.87
63	1480	23.49
64	1581	24.70
65	1649	25.37
66	1752	26.55
67	955	14.25
68	1237	18.19
69	982	14.23
70	1063	15.19
71	1080	15.21
72	1057	14.68
73	1050	14.38
74	1029	13.91
75	1100	14.67
76	1164	15.32
77	1162	15.09
78	1087	13.94
79	1101	13.94
80	1407	17.59
81	1124	13.88
82	1519	18.52
83	2061	24.83
84	2018	24.02
85	1479	17.40
86	1241	14.43
87	1241	14.26
88	1339	15.22
89	1331	14.96
90	1236	13.73
91	1266	13.91
92	1370	14.89
93	1644	17.68
94	1324	14.09
95	1314	13.83
96	1388	14.46
97	1476	15.22
98	1404	14.33
99	1379	13.93
100	1507	15.07
101	1395	13.81
102	2651	25.99
103	2691	26.13
104	1905	18.32
105	1453	13.84
106	1583	14.93
107	1619	15.13
108	1603	14.84
109	1503	13.79
110	1638	14.89
111	1804	16.25
112	1860	16.61
113	1613	14.27
114	1674	14.68
115	1631	14.18
116	1618	13.95
117	1746	14.92
118	1727	14.64
119	1648	13.85
120	1808	15.07
121	1846	15.26
122	3163	25.93
123	2858	23.24
124	1732	13.97
125	1845	14.76
126	2338	18.56
127	3253	25.61
128	2750	21.48
129	1772	13.74
130	1898	14.60
131	1927	14.71
132	1814	13.74
133	1927	14.49
134	1945	14.51
135	2054	15.21
136	1974	14.51
137	1967	14.36
138	1882	13.64
139	2045	14.71
140	2321	16.58
141	2440	17.30
142	7454	52.49
143	2479	17.34
144	2047	14.22
145	2197	15.15
146	2016	13.81
147	2092	14.23
148	2171	14.67
149	2055	13.79
150	2175	14.50
151	2152	14.25
152	2750	18.09
153	2397	15.67
154	2133	13.85
155	2397	15.46
156	2281	14.62
157	2156	13.73
158	2375	15.03
159	2280	14.34
160	2378	14.86
161	3122	19.39
162	4086	25.22
163	2211	13.56
164	2379	14.51
165	2356	14.28
166	3543	21.34
167	2461	14.74
168	2314	13.77
169	2490	14.73
170	2362	13.89
171	2486	14.54
172	2456	14.28
173	2426	14.02
174	2560	14.71
175	2403	13.73
176	2726	15.49
177	4363	24.65
178	2876	16.16
179	2795	15.61
180	2914	16.19
181	3619	19.99
182	4078	22.41
183	2537	13.86
184	2676	14.54
185	2533	13.69
186	2723	14.64
187	2554	13.66
188	2747	14.61
189	2809	14.86
190	2757	14.51
191	2670	13.98
192	2748	14.31
193	2731	14.15
194	2768	14.27
195	2732	14.01
196	3029	15.45
197	2763	14.03
198	2831	14.30
199	2812	14.13
200	2933	14.66
201	4147	20.63
202	3797	18.80
203	2900	14.29
204	3305	16.20
205	3100	15.12
206	3297	16.00
207	2954	14.27
208	2937	14.12
209	4263	20.40
210	3166	15.08
211	3320	15.73
212	2934	13.84
213	3135	14.72
214	2949	13.78
215	3352	15.59
216	2980	13.80
217	3129	14.42
218	3071	14.09
219	3144	14.36
220	3208	14.58
221	5037	22.79
222	3772	16.99
223	3239	14.52
224	3077	13.74
225	4175	18.56
226	5081	22.48
227	3227	14.22
228	3989	17.50
229	3443	15.03
230	3190	13.87
231	3378	14.62
232	3188	13.74
233	3341	14.34
234	3286	14.04
235	3311	14.09
236	3435	14.56
237	3265	13.78
238	3622	15.22
239	3385	14.16
240	3828	15.95
241	5758	23.89
242	3759	15.53
243	3552	14.62
244	3454	14.16
245	4529	18.49
246	3893	15.83
247	3462	14.02
248	3593	14.49
249	3534	14.19
250	3796	15.18
251	5772	23.00
252	3556	14.11
253	3586	14.17
254	3642	14.34
255	3550	13.92
256	3723	14.54
257	3683	14.33
258	3597	13.94
259	3892	15.03
260	3757	14.45
261	6744	25.84
262	3849	14.69
263	4062	15.44
264	4147	15.71
265	3811	14.38
266	4272	16.06
267	4429	16.59
268	3916	14.61
269	4272	15.88
270	4551	16.86
271	3941	14.54
272	4226	15.54
273	4341	15.90
274	4169	15.22
275	4184	15.21
276	5106	18.50
277	4351	15.71
278	4569	16.44
279	4364	15.64
280	4098	14.64
281	6913	24.60
282	4000	14.18
283	4062	14.35
284	4305	15.16
285	4558	15.99
286	4064	14.21
287	4137	14.41
288	4318	14.99
289	4334	15.00
290	4313	14.87
291	4482	15.40
292	4532	15.52
293	4320	14.74
294	4186	14.24
295	4408	14.94
296	4221	14.26
297	4907	16.52
298	4425	14.85
299	4353	14.56
300	4458	14.86
301	6808	22.62
302	4525	14.98
303	4326	14.28
304	4488	14.76
305	5216	17.10
306	4551	14.87
307	4424	14.41
308	4961	16.11
309	4472	14.47
310	4448	14.35
311	4389	14.11
312	4684	15.01
313	4490	14.35
314	4529	14.42
315	4523	14.36
316	4732	14.97
317	5031	15.87
318	4542	14.28
319	4600	14.42
320	4764	14.89
321	6991	21.78
322	4839	15.03
323	4575	14.16
324	4566	14.09
325	5169	15.90
326	4725	14.49
327	4906	15.00
328	4774	14.55
329	4864	14.78
330	5277	15.99
331	4708	14.22
332	4770	14.37
333	4800	14.41
334	4917	14.72
335	4746	14.17
336	4774	14.21
337	4835	14.35
338	4995	14.78
339	4930	14.54
340	4971	14.62
341	7755	22.74
342	4913	14.37
343	4879	14.22
344	5028	14.62
345	4881	14.15
346	4876	14.09
347	5181	14.93
348	5001	14.37
349	4970	14.24
350	4962	14.18
351	4983	14.20
352	4951	14.07
353	4964	14.06
354	5046	14.25
355	5924	16.69
356	5469	15.36
357	5110	14.31
358	5066	14.15
359	5079	14.15
360	5300	14.72
361	7500	20.78
362	5138	14.19
363	5219	14.38
364	5171	14.21
365	5411	14.82
366	5396	14.74
367	5178	14.11
368	5186	14.09
369	5218	14.14
370	5386	14.56
371	5245	14.14
372	5350	14.38
373	5271	14.13
374	5384	14.40
375	6755	18.01
376	6264	16.66
377	5421	14.38
378	6103	16.15
379	5386	14.21
380	5816	15.31
381	7406	19.44
382	5496	14.39
383	5459	14.25
384	5413	14.10
385	5535	14.38
386	5480	14.20
387	5676	14.67
388	5534	14.26
389	5519	14.19
390	5620	14.41
391	5576	14.26
392	5726	14.61
393	6475	16.48
394	5595	14.20
395	5608	14.20
396	5671	14.32
397	5621	14.16
398	5708	14.34
399	5683	14.24
400	6312	15.78
401	8142	20.30
402	5883	14.63
403	5748	14.26
404	5891	14.58
405	6179	15.26
406	5791	14.26
407	5777	14.19
408	5727	14.04
409	5857	14.32
410	5922	14.44
411	5827	14.18
412	5789	14.05
413	6071	14.70
414	5897	14.24
415	6039	14.55
416	5924	14.24
417	5898	14.14
418	5899	14.11
419	6305	15.05
420	6640	15.81
421	8174	19.42
422	5995	14.21
423	6258	14.79
424	6045	14.26
425	6238	14.68
426	6045	14.19
427	6114	14.32
428	6526	15.25
429	6665	15.54
430	6362	14.80
431	6126	14.21
432	6135	14.20
433	6133	14.16
434	6119	14.10
435	6376	14.66
436	6218	14.26
437	8076	18.48
438	6589	15.04
439	6337	14.44
440	7303	16.60
441	8296	18.81
442	6260	14.16
443	6192	13.98
444	6243	14.06
445	6272	14.09
446	6226	13.96
447	6236	13.95
448	7306	16.31
449	6551	14.59
450	6675	14.83
451	6748	14.96
452	6362	14.08
453	6342	14.00
454	6470	14.25
455	6472	14.22
456	6439	14.12
457	6979	15.27
458	6772	14.79
459	6623	14.43
460	7687	16.71
461	8866	19.23
462	7084	15.33
463	7173	15.49
464	6867	14.80
465	7171	15.42
466	6908	14.82
467	7056	15.11
468	7359	15.72
469	7345	15.66
470	6933	14.75
471	7303	15.51
472	7009	14.85
473	7226	15.28
474	7187	15.16
475	7484	15.76
476	6990	14.68
477	7322	15.35
478	7309	15.29
479	7494	15.65
480	8086	16.85
481	8691	18.07
482	7064	14.66
483	6699	13.87
484	6700	13.84
485	6970	14.37
486	6802	14.00
487	7488	15.38
488	6879	14.10
489	7163	14.65
490	6879	14.04
491	6934	14.12
492	7293	14.82
493	6924	14.04
494	6922	14.01
495	7217	14.58
496	6938	13.99
497	6989	14.06
498	7347	14.75
499	7076	14.18
500	7718	15.44
501	9542	19.05
502	7506	14.95
503	7056	14.03
504	10988	21.80
505	7094	14.05
506	7274	14.38
507	7147	14.10
508	7100	13.98
509	7268	14.28
510	7608	14.92
511	7331	14.35
512	7097	13.86
513	7340	14.31
514	7262	14.13
515	7387	14.34
516	7118	13.79
517	8660	16.75
518	7590	14.65
519	7172	13.82
520	8699	16.73
521	8778	16.85
522	7256	13.90
523	7242	13.85
524	7391	14.10
525	7723	14.71
526	7304	13.89
527	7360	13.97
528	7398	14.01
529	7280	13.76
530	7443	14.04
531	7414	13.96
532	7495	14.09
533	8590	16.12
534	7676	14.37
535	7386	13.81
536	7836	14.62
537	7500	13.97
538	7505	13.95
539	7578	14.06
540	8902	16.49
541	9030	16.69
542	7554	13.94
543	7596	13.99
544	7650	14.06
545	7936	14.56
546	7712	14.12
547	7609	13.91
548	7594	13.86
549	8091	14.74
550	7929	14.42
551	7688	13.95
552	7752	14.04
553	7793	14.09
554	8045	14.52
555	7727	13.92
556	7909	14.22
557	7922	14.22
558	7946	14.24
559	7861	14.06
560	9249	16.52
561	9384	16.73
562	7922	14.10
563	7879	13.99
564	7809	13.85
565	8148	14.42
566	7916	13.99
567	7937	14.00
568	7982	14.05
569	8972	15.77
570	8042	14.11
571	7958	13.94
572	7953	13.90
573	8248	14.39
574	7932	13.82
575	8093	14.07
576	10508	18.24
577	8084	14.01
578	8283	14.33
579	8489	14.66
580	9367	16.15
581	9196	15.83
582	8846	15.20
583	8616	14.78
584	8129	13.92
585	8576	14.66
586	8531	14.56
587	8523	14.52
588	8156	13.87
589	8229	13.97
590	8319	14.10
591	8405	14.22
592	8229	13.90
593	8651	14.59
594	8666	14.59
595	8307	13.96
596	8722	14.63
597	8286	13.88
598	8329	13.93
599	8358	13.95
600	9980	16.63
601	10307	17.15
602	8599	14.28
603	8432	13.98
604	8492	14.06
605	8471	14.00
606	8673	14.31
607	8561	14.10
608	8765	14.42
609	8478	13.92
610	8942	14.66
611	8803	14.41
612	8637	14.11
613	8484	13.84
614	8758	14.26
615	8535	13.88
616	8656	14.05
617	8553	13.86
618	8805	14.25
619	8666	14.00
620	10393	16.76
621	9944	16.01
622	8738	14.05
623	8761	14.06
624	8813	14.12
625	13511	21.62
626	11199	17.89
627	9067	14.46
628	8971	14.29
629	8769	13.94
630	8839	14.03
631	8924	14.14
632	8960	14.18
633	8744	13.81
634	8957	14.13
635	9127	14.37
636	8829	13.88
637	9009	14.14
638	8828	13.84
639	8930	13.97
640	11029	17.23
641	10312	16.09
642	10107	15.74
643	9448	14.69
644	10004	15.53
645	9922	15.38
646	9485	14.68
647	10108	15.62
648	9766	15.07
649	10015	15.43
650	9885	15.21
651	9612	14.76
652	9912	15.20
653	9809	15.02
654	10896	16.66
655	10111	15.44
656	9819	14.97
657	10086	15.35
658	10119	15.38
659	9688	14.70
660	11564	17.52
661	9847	14.90
662	9316	14.07
663	9498	14.33
664	9248	13.93
665	9508	14.30
666	9585	14.39
667	9660	14.48
668	9600	14.37
669	9342	13.96
670	10127	15.11
671	9511	14.17
672	9392	13.98
673	9605	14.27
674	9793	14.53
675	9585	14.20
676	13799	20.41
677	10314	15.23
678	9762	14.40
679	9584	14.11
680	11718	17.23
681	10327	15.16
682	9828	14.41
683	9585	14.03
684	9656	14.12
685	9571	13.97
686	10231	14.91
687	9817	14.29
688	9571	13.91
689	9666	14.03
690	9941	14.41
691	9705	14.04
692	9991	14.44
693	9949	14.36
694	9981	14.38
695	9800	14.10
696	9850	14.15
697	10076	14.46
698	9903	14.19
699	10057	14.39
700	12167	17.38
701	10361	14.78
702	10253	14.61
703	9821	13.97
704	9812	13.94
705	9946	14.11
706	10152	14.38
707	9906	14.01
708	10136	14.32
709	9971	14.06
710	9873	13.91
711	9933	13.97
712	10124	14.22
713	9904	13.89
714	9941	13.92
715	10203	14.27
716	10224	14.28
717	10027	13.98
718	10016	13.95
719	10482	14.58
720	12348	17.15
721	10709	14.85
722	10620	14.71
723	10427	14.42
724	10430	14.41
725	13862	19.12
726	10791	14.86
727	10098	13.89
728	10721	14.73
729	12642	17.34
730	11833	16.21
731	14890	20.37
732	12008	16.40
733	13329	18.18
734	10401	14.17
735	10635	14.47
736	12682	17.23
737	10591	14.37
738	10353	14.03
739	10390	14.06
740	13498	18.24
741	10777	14.54
742	10492	14.14
743	10389	13.98
744	11120	14.95
745	10763	14.45
746	10535	14.12
747	10656	14.27
748	11484	15.35
749	10882	14.53
750	13029	17.37
751	12969	17.27
752	10820	14.39
753	11074	14.71
754	10760	14.27
755	10655	14.11
756	10987	14.53
757	11095	14.66
758	10809	14.26
759	10818	14.25
760	13883	18.27
761	10975	14.42
762	10780	14.15
763	11096	14.54
764	11087	14.51
765	10749	14.05
766	19224	25.10
767	12525	16.33
768	10943	14.25
769	11050	14.37
770	10758	13.97
771	11248	14.59
772	11026	14.28
773	10803	13.98
774	11001	14.21
775	10851	14.00
776	11139	14.35
777	10971	14.12
778	11071	14.23
779	10964	14.07
780	14251	18.27
781	11328	14.50
782	11335	14.49
783	11257	14.38
784	11298	14.41
785	11040	14.06
786	11369	14.46
787	11183	14.21
788	11254	14.28
789	10980	13.92
790	11026	13.96
791	11298	14.28
792	11371	14.36
793	11153	14.06
794	11084	13.96
795	11179	14.06
796	11323	14.22
797	11240	14.10
798	11102	13.91
799	11618	14.54
800	16444	20.55
801	15312	19.12
802	12010	14.98
803	12153	15.13
804	12999	16.17
805	13690	17.01
806	11945	14.82
807	12084	14.97
808	12482	15.45
809	12901	15.95
810	12000	14.81
811	12220	15.07
812	12282	15.13
813	12082	14.86
814	12688	15.59
815	12108	14.86
816	12799	15.69
817	11957	14.64
818	12556	15.35
819	12547	15.32
820	14615	17.82
821	11449	13.95
822	11462	13.94
823	11725	14.25
824	11522	13.98
825	11646	14.12
826	11511	13.94
827	11704	14.15
828	11873	14.34
829	12098	14.59
830	11924	14.37
831	11945	14.37
832	12054	14.49
833	11868	14.25
834	11896	14.26
835	11700	14.01
836	11925	14.26
837	11761	14.05
838	12161	14.51
839	11726	13.98
840	14473	17.23
841	12103	14.39
842	12052	14.31
843	12177	14.44
844	12779	15.14
845	12054	14.27
846	12332	14.58
847	12009	14.18
848	12037	14.19
849	12343	14.54
850	11978	14.09
851	12157	14.29
852	11928	14.00
853	12509	14.66
854	12925	15.13
855	12291	14.38
856	12275	14.34
857	12116	14.14
858	12245	14.27
859	12285	14.30
860	15247	17.73
861	12054	14.00
862	12130	14.07
863	12165	14.10
864	12322	14.26
865	12436	14.38
866	12154	14.03
867	12176	14.04
868	12127	13.97
869	12608	14.51
870	12351	14.20
871	12509	14.36
872	12200	13.99
873	12137	13.90
874	12549	14.36
875	12327	14.09
876	12262	14.00
877	12580	14.34
878	12474	14.21
879	12221	13.90
880	14922	16.96
881	12800	14.53
882	12592	14.28
883	13410	15.19
884	12615	14.27
885	12399	14.01
886	12664	14.29
887	12501	14.09
888	12657	14.25
889	12689	14.27
890	12581	14.14
891	12795	14.36
892	12690	14.23
893	12722	14.25
894	13026	14.57
895	12503	13.97
896	12686	14.16
897	12839	14.31
898	14550	16.20
899	12973	14.43
900	15478	17.20
901	12615	14.00
902	12663	14.04
903	13340	14.77
904	13870	15.34
905	12738	14.08
906	12850	14.18
907	12728	14.03
908	12872	14.18
909	12827	14.11
910	12801	14.07
911	13301	14.60
912	12822	14.06
913	12828	14.05
914	13008	14.23
915	13169	14.39
916	12944	14.13
917	13195	14.39
918	12911	14.06
919	12855	13.99
920	15869	17.25
921	13791	14.97
922	13447	14.58
923	13293	14.40
924	12980	14.05
925	16835	18.20
926	13000	14.04
927	13060	14.09
928	12959	13.96
929	13089	14.09
930	12951	13.93
931	13418	14.41
932	13362	14.34
933	13170	14.12
934	13250	14.19
935	13329	14.26
936	13713	14.65
937	13464	14.37
938	13443	14.33
939	13103	13.95
940	17270	18.37
941	13237	14.07
942	13621	14.46
943	13342	14.15
944	13467	14.27
945	14061	14.88
946	13221	13.98
947	13248	13.99
948	13686	14.44
949	13615	14.35
950	13466	14.17
951	13810	14.52
952	13355	14.03
953	13598	14.27
954	13222	13.86
955	13278	13.90
956	13348	13.96
957	14124	14.76
958	13402	13.99
959	13310	13.88
960	16566	17.26
961	13441	13.99
962	13849	14.40
963	13326	13.84
964	13510	14.01
965	13513	14.00
966	13450	13.92
967	13817	14.29
968	13415	13.86
969	14138	14.59
970	13477	13.89
971	13870	14.28
972	13617	14.01
973	13764	14.15
974	13719	14.09
975	13557	13.90
976	16977	17.39
977	13659	13.98
978	14022	14.34
979	13659	13.95
980	17302	17.66
981	13850	14.12
982	13675	13.93
983	13648	13.88
984	14229	14.46
985	13780	13.99
986	13801	14.00
987	13994	14.18
988	13828	14.00
989	14137	14.29
990	14121	14.26
991	14166	14.29
992	14278	14.39
993	14683	14.79
994	14231	14.32
995	14211	14.28
996	13999	14.06
997	14642	14.69
998	14166	14.19
999	14212	14.23
1000	14445	14.45
1001	17447	17.43
1002	15811	15.78
1003	15256	15.21
1004	14810	14.75
1005	15351	15.27
1006	15697	15.60
1007	15366	15.26
1008	15001	14.88
1009	15272	15.14
1010	15489	15.34
1011	15660	15.49
1012	14757	14.58
1013	15418	15.22
1014	15620	15.40
1015	15663	15.43
1016	15038	14.80
1017	15755	15.49
1018	15234	14.96
1019	15339	15.05
1020	17270	16.93
1021	14287	13.99
1022	14273	13.97
1023	14394	14.07
1024	14429	14.09
1025	17038	16.62
1026	14977	14.60
1027	14339	13.96
1028	14494	14.10
1029	14696	14.28
1030	14350	13.93
1031	14481	14.05
1032	14341	13.90
1033	14552	14.09
1034	14825	14.34
1035	14453	13.96
1036	14927	14.41
1037	14364	13.85
1038	14600	14.07
1039	14878	14.32
1040	17511	16.84
1041	14613	14.04
1042	14447	13.86
1043	16866	16.17
1044	17347	16.62
1045	15257	14.60
1046	15056	14.39
1047	15774	15.07
1048	14984	14.30
1049	14986	14.29
1050	15204	14.48
1051	15614	14.86
1052	15096	14.35
1053	15004	14.25
1054	15101	14.33
1055	15270	14.47
1056	15147	14.34
1057	14958	14.15
1058	14886	14.07
1059	15767	14.89
1060	18345	17.31
1061	15769	14.86
1062	14897	14.03
1063	15813	14.88
1064	15071	14.16
1065	14944	14.03
1066	15153	14.21
1067	15291	14.33
1068	15000	14.04
1069	15454	14.46
1070	15304	14.30
1071	15963	14.90
1072	15397	14.36
1073	15236	14.20
1074	15414	14.35
1075	15195	14.13
1076	15469	14.38
1077	15197	14.11
1078	15194	14.09
1079	15657	14.51
1080	18195	16.85
1081	16113	14.91
1082	15644	14.46
1083	15206	14.04
1084	15597	14.39
1085	15247	14.05
1086	15249	14.04
1087	15712	14.45
1088	15381	14.14
1089	15724	14.44
1090	15299	14.04
1091	15508	14.21
1092	15367	14.07
1093	15435	14.12
1094	15736	14.38
1095	15904	14.52
1096	15401	14.05
1097	15441	14.08
1098	15476	14.09
1099	16213	14.75
1100	18620	16.93
1101	16366	14.86
1102	15535	14.10
1103	15896	14.41
1104	16799	15.22
1105	16020	14.50
1106	19588	17.71
1107	15576	14.07
1108	15620	14.10
1109	15710	14.17
1110	15610	14.06
1111	15597	14.04
1112	16420	14.77
1113	15800	14.20
1114	16126	14.48
1115	15999	14.35
1116	15881	14.23
1117	15841	14.18
1118	16763	14.99
1119	16396	14.65
1120	18511	16.53
1121	15819	14.11
1122	15783	14.07
1123	16213	14.44
1124	16180	14.40
1125	15821	14.06
1126	15786	14.02
1127	16052	14.24
1128	16519	14.64
1129	15821	14.01
1130	16581	14.67
1131	15940	14.09
1132	15896	14.04
1133	16559	14.62
1134	16327	14.40
1135	17225	15.18
1136	15942	14.03
1137	16485	14.50
1138	16357	14.37
1139	16801	14.75
1140	19530	17.13
1141	16540	14.50
1142	16537	14.48
1143	16170	14.15
1144	16805	14.69
1145	16085	14.05
1146	16480	14.38
1147	16868	14.71
1148	17261	15.04
1149	16351	14.23
1150	16195	14.08
1151	16973	14.75
1152	16470	14.30
1153	16471	14.29
1154	16285	14.11
1155	16449	14.24
1156	16320	14.12
1157	16803	14.52
1158	16301	14.08
1159	16544	14.27
1160	19183	16.54
1161	16558	14.26
1162	16727	14.40
1163	18002	15.48
1164	17591	15.11
1165	16621	14.27
1166	17396	14.92
1167	16608	14.23
1168	16511	14.14
1169	16467	14.09
1170	16478	14.08
1171	16558	14.14
1172	17046	14.54
1173	16800	14.32
1174	16581	14.12
1175	16518	14.06
1176	16551	14.07
1177	17123	14.55
1178	16633	14.12
1179	16916	14.35
1180	19876	16.84
1181	17447	14.77
1182	16798	14.21
1183	16769	14.17
1184	17022	14.38
1185	17296	14.60
1186	16967	14.31
1187	17082	14.39
1188	17512	14.74
1189	17047	14.34
1190	17363	14.59
1191	16797	14.10
1192	16948	14.22
1193	18059	15.14
1194	16977	14.22
1195	17421	14.58
1196	16848	14.09
1197	16805	14.04
1198	17259	14.41
1199	17093	14.26
1200	22455	18.71
1201	19364	16.12
1202	17457	14.52
1203	16884	14.03
1204	17033	14.15
1205	17087	14.18
1206	17159	14.23
1207	17075	14.15
1208	17587	14.56
1209	17129	14.17
1210	17195	14.21
1211	17804	14.70
1212	17366	14.33
1213	17785	14.66
1214	17223	14.19
1215	17325	14.26
1216	17914	14.73
1217	17364	14.27
1218	17123	14.06
1219	17493	14.35
1220	20143	16.51
1221	18265	14.96
1222	17763	14.54
1223	17681	14.46
1224	17301	14.13
1225	17272	14.10
1226	17647	14.39
1227	17536	14.29
1228	17624	14.35
1229	17741	14.44
1230	17565	14.28
1231	17494	14.21
1232	17559	14.25
1233	18181	14.75
1234	17615	14.27
1235	17584	14.24
1236	18479	14.95
1237	17894	14.47
1238	17759	14.34
1239	17999	14.53
1240	20486	16.52
1241	18132	14.61
1242	17786	14.32
1243	17506	14.08
1244	18263	14.68
1245	18076	14.52
1246	17786	14.27
1247	17842	14.31
1248	17730	14.21
1249	18601	14.89
1250	17717	14.17
1251	19743	15.78
1252	17762	14.19
1253	17828	14.23
1254	18264	14.56
1255	18057	14.39
1256	17777	14.15
1257	17736	14.11
1258	17756	14.11
1259	17894	14.21
1260	20752	16.47
1261	17980	14.26
1262	18091	14.34
1263	18212	14.42
1264	18560	14.68
1265	18071	14.29
1266	18281	14.44
1267	18105	14.29
1268	17906	14.12
1269	18169	14.32
1270	17859	14.06
1271	18592	14.63
1272	18133	14.26
1273	18172	14.27
1274	18270	14.34
1275	18238	14.30
1276	18783	14.72
1277	18047	14.13
1278	18831	14.73
1279	18131	14.18
1280	21388	16.71
1281	18466	14.42
1282	18324	14.29
1283	18213	14.20
1284	18764	14.61
1285	18280	14.23
1286	18352	14.27
1287	18978	14.75
1288	18317	14.22
1289	18373	14.25
1290	18669	14.47
1291	18869	14.62
1292	18613	14.41
1293	18193	14.07
1294	19128	14.78
1295	18516	14.30
1296	18233	14.07
1297	18793	14.49
1298	18781	14.47
1299	18996	14.62
1300	21569	16.59
1301	19174	14.74
1302	19100	14.67
1303	18755	14.39
1304	18481	14.17
1305	18690	14.32
1306	18727	14.34
1307	18480	14.14
1308	19159	14.65
1309	18748	14.32
1310	18502	14.12
1311	18751	14.30
1312	19071	14.54
1313	18583	14.15
1314	18707	14.24
1315	18791	14.29
1316	18641	14.16
1317	19002	14.43
1318	18703	14.19
1319	18950	14.37
1320	21512	16.30
1321	18865	14.28
1322	18717	14.16
1323	19252	14.55
1324	18784	14.19
1325	18990	14.33
1326	18707	14.11
1327	19152	14.43
1328	19507	14.69
1329	18820	14.16
1330	19015	14.30
1331	18966	14.25
1332	18849	14.15
1333	19822	14.87
1334	19608	14.70
1335	19244	14.41
1336	19297	14.44
1337	20485	15.32
1338	19216	14.36
1339	19463	14.54
1340	22739	16.97
1341	19407	14.47
1342	19647	14.64
1343	19003	14.15
1344	19581	14.57
1345	18913	14.06
1346	19280	14.32
1347	19093	14.17
1348	19231	14.27
1349	19799	14.68
1350	19235	14.25
1351	19416	14.37
1352	19604	14.50
1353	19314	14.27
1354	20174	14.90
1355	20380	15.04
1356	19284	14.22
1357	19509	14.38
1358	19836	14.61
1359	19886	14.63
1360	22525	16.56
1361	21437	15.75
1362	20569	15.10
1363	20823	15.28
1364	20749	15.21
1365	20662	15.14
1366	21092	15.44
1367	20633	15.09
1368	20685	15.12
1369	20575	15.03
1370	20865	15.23
1371	20857	15.21
1372	20878	15.22
1373	21083	15.36
1374	20719	15.08
1375	21666	15.76
1376	22249	16.17
1377	19835	14.40
1378	20266	14.71
1379	19688	14.28
1380	22200	16.09
1381	19802	14.34
1382	23655	17.12
1383	20149	14.57
1384	19903	14.38
1385	19905	14.37
1386	19577	14.12
1387	19746	14.24
1388	19513	14.06
1389	19839	14.28
1390	19694	14.17
1391	19910	14.31
1392	19547	14.04
1393	19994	14.35
1394	20188	14.48
1395	20080	14.39
1396	20038	14.35
1397	19887	14.24
1398	20213	14.46
1399	20039	14.32
1400	23157	16.54
1401	20205	14.42
1402	21076	15.03
1403	20361	14.51
1404	20676	14.73
1405	20236	14.40
1406	20634	14.68
1407	20043	14.25
1408	19878	14.12
1409	19976	14.18
1410	20346	14.43
1411	20020	14.19
1412	20031	14.19
1413	21051	14.90
1414	20545	14.53
1415	20167	14.25
1416	20936	14.79
1417	20170	14.23
1418	20322	14.33
1419	19979	14.08
1420	23236	16.36
1421	20300	14.29
1422	21057	14.81
1423	20411	14.34
1424	20410	14.33
1425	22840	16.03
1426	20537	14.40
1427	20987	14.71
1428	20336	14.24
1429	20335	14.23
1430	20293	14.19
1431	21644	15.13
1432	20435	14.27
1433	20409	14.24
1434	20498	14.29
1435	20564	14.33
1436	20642	14.37
1437	20427	14.22
1438	20680	14.38
1439	20688	14.38
1440	23378	16.23
1441	20878	14.49
1442	20607	14.29
1443	21066	14.60
1444	20708	14.34
1445	20900	14.46
1446	20567	14.22
1447	20602	14.24
1448	20915	14.44
1449	20799	14.35
1450	21624	14.91
1451	20959	14.44
1452	20834	14.35
1453	20913	14.39
1454	20607	14.17
1455	20987	14.42
1456	21114	14.50
1457	20701	14.21
1458	21136	14.50
1459	20827	14.27
1460	23502	16.10
1461	20884	14.29
1462	21228	14.52
1463	20705	14.15
1464	21035	14.37
1465	20899	14.27
1466	20771	14.17
1467	21084	14.37
1468	20994	14.30
1469	20883	14.22
1470	21012	14.29
1471	21134	14.37
1472	21252	14.44
1473	20834	14.14
1474	21778	14.77
1475	21043	14.27
1476	20842	14.12
1477	21129	14.31
1478	21420	14.49
1479	21113	14.28
1480	23979	16.20
1481	21241	14.34
1482	21093	14.23
1483	21198	14.29
1484	21369	14.40
1485	21325	14.36
1486	21335	14.36
1487	21901	14.73
1488	21606	14.52
1489	21770	14.62
1490	21362	14.34
1491	21241	14.25
1492	21343	14.30
1493	21839	14.63
1494	21935	14.68
1495	24809	16.59
1496	21519	14.38
1497	21706	14.50
1498	21790	14.55
1499	21381	14.26
1500	27463	18.31
1501	25685	17.11
1502	23310	15.52
1503	23010	15.31
1504	23210	15.43
1505	22886	15.21
1506	23420	15.55
1507	22666	15.04
1508	23146	15.35
1509	23785	15.76
1510	22974	15.21
1511	22785	15.08
1512	22489	14.87
1513	23541	15.56
1514	22775	15.04
1515	22779	15.04
1516	23467	15.48
1517	23265	15.34
1518	23226	15.30
1519	23278	15.32
1520	25213	16.59
1521	21440	14.10
1522	21644	14.22
1523	22248	14.61
1524	21794	14.30
1525	22250	14.59
1526	21867	14.33
1527	21962	14.38
1528	22504	14.73
1529	21959	14.36
1530	21777	14.23
1531	21854	14.27
1532	21633	14.12
1533	21842	14.25
1534	21960	14.32
1535	22219	14.47
1536	22522	14.66
1537	22737	14.79
1538	21990	14.30
1539	21935	14.25
1540	24966	16.21
1541	22197	14.40
1542	22026	14.28
1543	21878	14.18
1544	21973	14.23
1545	22281	14.42
1546	22015	14.24
1547	22002	14.22
1548	22214	14.35
1549	21815	14.08
1550	22021	14.21
1551	22093	14.24
1552	21835	14.07
1553	21802	14.04
1554	22042	14.18
1555	22042	14.17
1556	23823	15.31
1557	22283	14.31
1558	24854	15.95
1559	22952	14.72
1560	30902	19.81
1561	22387	14.34
1562	24118	15.44
1563	22373	14.31
1564	22300	14.26
1565	22311	14.26
1566	22155	14.15
1567	26528	16.93
1568	23197	14.79
1569	22475	14.32
1570	23301	14.84
1571	22475	14.31
1572	22609	14.38
1573	22958	14.60
1574	22516	14.30
1575	22516	14.30
1576	22351	14.18
1577	22895	14.52
1578	23448	14.86
1579	22654	14.35
1580	25861	16.37
1581	22761	14.40
1582	22387	14.15
1583	23146	14.62
1584	22667	14.31
1585	22357	14.11
1586	23094	14.56
1587	22753	14.34
1588	22650	14.26
1589	22775	14.33
1590	22745	14.31
1591	23169	14.56
1592	22850	14.35
1593	22679	14.24
1594	23064	14.47
1595	22778	14.28
1596	22760	14.26
1597	22860	14.31
1598	23211	14.53
1599	23979	15.00
1600	28560	17.85
1601	25747	16.08
1602	23266	14.52
1603	23108	14.42
1604	23046	14.37
1605	23348	14.55
1606	23660	14.73
1607	23208	14.44
1608	23116	14.38
1609	23248	14.45
1610	23032	14.31
1611	23005	14.28
1612	22893	14.20
1613	23557	14.60
1614	23111	14.32
1615	23025	14.26
1616	23023	14.25
1617	23441	14.50
1618	23166	14.32
1619	22993	14.20
1620	26396	16.29
1621	23182	14.30
1622	27089	16.70
1623	23309	14.36
1624	23300	14.35
1625	25247	15.54
1626	30620	18.83
1627	23803	14.63
1628	23259	14.29
1629	23682	14.54
1630	23332	14.31
1631	23054	14.13
1632	23122	14.17
1633	23183	14.20
1634	23059	14.11
1635	23545	14.40
1636	23468	14.34
1637	23527	14.37
1638	23475	14.33
1639	23108	14.10
1640	27389	16.70
1641	23601	14.38
1642	23750	14.46
1643	23226	14.14
1644	23265	14.15
1645	23539	14.31
1646	23830	14.48
1647	23452	14.24
1648	23566	14.30
1649	23501	14.25
1650	23416	14.19
1651	23510	14.24
1652	23382	14.15
1653	23303	14.10
1654	23765	14.37
1655	23345	14.11
1656	24153	14.59
1657	23707	14.31
1658	23528	14.19
1659	23638	14.25
1660	27152	16.36
1661	24964	15.03
1662	25150	15.13
1663	25089	15.09
1664	25452	15.30
1665	25609	15.38
1666	31057	18.64
1667	25755	15.45
1668	25298	15.17
1669	25390	15.21
1670	192091	115.02
1671	25729	15.40
1672	25230	15.09
1673	25118	15.01
1674	24925	14.89
1675	25162	15.02
1676	25399	15.15
1677	25284	15.08
1678	25136	14.98
1679	25347	15.10
1680	28387	16.90
1681	24381	14.50
1682	23787	14.14
1683	26745	15.89
1684	24124	14.33
1685	23611	14.01
1686	23940	14.20
1687	23626	14.00
1688	24799	14.69
1689	30720	18.19
1690	25893	15.32
1691	24483	14.48
1692	24712	14.61
1693	24050	14.21
1694	24431	14.42
1695	23888	14.09
1696	24417	14.40
1697	24298	14.32
1698	24503	14.43
1699	23900	14.07
1700	27764	16.33
1701	24153	14.20
1702	24242	14.24
1703	24829	14.58
1704	24707	14.50
1705	24501	14.37
1706	24364	14.28
1707	24659	14.45
1708	24911	14.58
1709	24220	14.17
1710	24178	14.14
1711	24714	14.44
1712	24459	14.29
1713	24742	14.44
1714	24389	14.23
1715	24687	14.39
1716	24587	14.33
1717	24273	14.14
1718	24789	14.43
1719	24531	14.27
1720	27412	15.94
1721	24252	14.09
1722	24437	14.19
1723	25114	14.58
1724	24624	14.28
1725	24964	14.47
1726	24749	14.34
1727	24613	14.25
1728	24860	14.39
1729	28848	16.68
1730	24999	14.45
1731	25261	14.59
1732	25334	14.63
1733	24587	14.19
1734	24945	14.39
1735	24773	14.28
1736	24831	14.30
1737	24701	14.22
1738	24728	14.23
1739	24988	14.37
1740	27858	16.01
1741	25742	14.79
1742	26278	15.08
1743	24749	14.20
1744	24947	14.30
1745	25375	14.54
1746	25011	14.32
1747	25074	14.35
1748	24784	14.18
1749	24505	14.01
1750	28627	16.36
1751	24835	14.18
1752	25552	14.58
1753	24981	14.25
1754	25397	14.48
1755	24777	14.12
1756	25340	14.43
1757	25048	14.26
1758	25103	14.28
1759	25365	14.42
1760	28323	16.09
1761	26723	15.17
1762	24977	14.18
1763	25537	14.48
1764	24932	14.13
1765	25542	14.47
1766	24962	14.13
1767	26301	14.88
1768	25208	14.26
1769	25297	14.30
1770	25396	14.35
1771	25229	14.25
1772	25567	14.43
1773	25719	14.51
1774	25366	14.30
1775	25918	14.60
1776	28362	15.97
1777	25781	14.51
1778	25761	14.49
1779	26261	14.76
1780	29044	16.32
1781	25136	14.11
1782	26498	14.87
1783	25731	14.43
1784	26040	14.60
1785	25334	14.19
1786	25575	14.32
1787	25607	14.33
1788	25724	14.39
1789	25201	14.09
1790	25303	14.14
1791	25877	14.45
1792	25250	14.09
1793	25563	14.26
1794	25498	14.21
1795	25657	14.29
1796	25882	14.41
1797	25554	14.22
1798	26386	14.68
1799	26083	14.50
1800	28728	15.96
1801	25809	14.33
1802	25809	14.32
1803	26244	14.56
1804	25665	14.23
1805	25822	14.31
1806	27496	15.22
1807	25917	14.34
1808	25565	14.14
1809	26716	14.77
1810	26385	14.58
1811	25719	14.20
1812	25823	14.25
1813	26032	14.36
1814	26418	14.56
1815	26088	14.37
1816	25442	14.01
1817	26507	14.59
1818	26168	14.39
1819	26664	14.66
1820	29058	15.97
1821	25977	14.27
1822	25828	14.18
1823	26143	14.34
1824	26209	14.37
1825	30834	16.90
1826	27667	15.15
1827	27417	15.01
1828	28868	15.79
1829	27644	15.11
1830	27813	15.20
1831	27681	15.12
1832	27784	15.17
1833	28197	15.38
1834	27716	15.11
1835	28310	15.43
1836	28225	15.37
1837	27939	15.21
1838	28052	15.26
1839	27958	15.20
1840	30322	16.48
1841	30617	16.63
1842	26521	14.40
1843	26634	14.45
1844	25954	14.07
1845	27031	14.65
1846	33997	18.42
1847	28790	15.59
1848	26132	14.14
1849	26305	14.23
1850	26347	14.24
1851	26788	14.47
1852	26581	14.35
1853	26749	14.44
1854	26538	14.31
1855	26298	14.18
1856	26790	14.43
1857	26020	14.01
1858	26292	14.15
1859	26842	14.44
1860	30268	16.27
1861	26662	14.33
1862	26180	14.06
1863	26972	14.48
1864	26189	14.05
1865	26211	14.05
1866	27174	14.56
1867	26177	14.02
1868	26372	14.12
1869	26693	14.28
1870	26590	14.22
1871	26449	14.14
1872	26410	14.11
1873	26762	14.29
1874	26557	14.17
1875	32024	17.08
1876	29502	15.73
1877	26750	14.25
1878	26850	14.30
1879	26403	14.05
1880	28866	15.35
1881	26714	14.20
1882	27951	14.85
1883	30331	16.11
1884	26617	14.13
1885	26570	14.10
1886	26434	14.02
1887	26725	14.16
1888	26866	14.23
1889	27019	14.30
1890	26693	14.12
1891	27249	14.41
1892	26752	14.14
1893	26761	14.14
1894	26946	14.23
1895	26720	14.10
1896	26548	14.00
1897	26846	14.15
1898	26719	14.08
1899	26860	14.14
1900	30765	16.19
1901	27070	14.24
1902	27102	14.25
1903	26818	14.09
1904	27157	14.26
1905	26985	14.17
1906	27019	14.18
1907	27413	14.37
1908	27170	14.24
1909	26824	14.05
1910	26773	14.02
1911	27599	14.44
1912	26753	13.99
1913	27238	14.24
1914	27676	14.46
1915	26810	14.00
1916	27060	14.12
1917	27355	14.27
1918	27716	14.45
1919	27891	14.53
1920	30124	15.69
1921	27763	14.45
1922	27806	14.47
1923	27718	14.41
1924	26962	14.01
1925	27012	14.03
1926	27304	14.18
1927	27941	14.50
1928	27543	14.29
1929	27611	14.31
1930	27662	14.33
1931	27300	14.14
1932	27608	14.29
1933	27659	14.31
1934	27363	14.15
1935	27825	14.38
1936	27671	14.29
1937	27138	14.01
1938	27149	14.01
1939	27342	14.10
1940	29779	15.35
1941	27140	13.98
1942	27217	14.01
1943	28055	14.44
1944	27578	14.19
1945	27273	14.02
1946	27763	14.27
1947	27151	13.95
1948	27629	14.18
1949	27200	13.96
1950	28015	14.37
1951	27335	14.01
1952	27965	14.33
1953	27609	14.14
1954	28152	14.41
1955	27890	14.27
1956	28166	14.40
1957	27759	14.18
1958	27803	14.20
1959	27744	14.16
1960	30787	15.71
1961	28127	14.34
1962	28129	14.34
1963	27661	14.09
1964	28216	14.37
1965	27904	14.20
1966	28003	14.24
1967	27594	14.03
1968	27911	14.18
1969	27886	14.16
1970	28053	14.24
1971	28458	14.44
1972	27944	14.17
1973	28365	14.38
1974	28085	14.23
1975	28109	14.23
1976	28122	14.23
1977	28132	14.23
1978	27882	14.10
1979	28064	14.18
1980	31391	15.85
1981	29689	14.99
1982	30586	15.43
1983	29936	15.10
1984	30291	15.27
1985	30141	15.18
1986	29809	15.01
1987	30371	15.28
1988	29672	14.93
1989	34302	17.25
1990	30146	15.15
1991	30109	15.12
1992	30490	15.31
1993	29965	15.04
1994	30188	15.14
1995	30007	15.04
1996	30460	15.26
1997	30493	15.27
1998	30214	15.12
1999	30472	15.24
2000	27969	13.98
2001	31063	15.52
2002	28117	14.04
2003	28432	14.19
2004	28121	14.03
2005	28295	14.11
2006	28910	14.41
2007	28957	14.43
2008	28885	14.38
2009	28250	14.06
2010	28380	14.12
2011	28683	14.26
2012	28509	14.17
2013	28527	14.17
2014	28283	14.04
2015	28651	14.22
2016	29084	14.43
2017	28601	14.18
2018	28364	14.06
2019	28432	14.08
2020	31939	15.81
2021	28927	14.31
2022	28478	14.08
2023	29376	14.52
2024	29267	14.46
2025	28843	14.24
2026	28462	14.05
2027	29171	14.39
2028	28976	14.29
2029	28934	14.26
2030	28607	14.09
2031	28989	14.27
2032	29207	14.37
2033	28687	14.11
2034	28736	14.13
2035	28965	14.23
2036	28954	14.22
2037	29828	14.64
2038	29046	14.25
2039	29486	14.46
2040	31779	15.58
2041	29093	14.25
2042	29187	14.29
2043	28925	14.16
2044	29070	14.22
2045	28914	14.14
2046	29051	14.20
2047	28919	14.13
2048	28778	14.05
2049	29138	14.22
2050	29411	14.35
2051	28902	14.09
2052	29448	14.35
2053	28775	14.02
2054	29149	14.19
2055	28873	14.05
2056	29975	14.58
2057	29171	14.18
2058	29160	14.17
2059	29337	14.25
2060	31943	15.51
2061	29179	14.16
2062	29869	14.49
2063	29446	14.27
2064	29760	14.42
2065	29208	14.14
2066	28843	13.96
2067	29454	14.25
2068	29832	14.43
2069	29779	14.39
2070	29286	14.15
2071	29014	14.01
2072	29025	14.01
2073	29895	14.42
2074	29718	14.33
2075	29096	14.02
2076	29120	14.03
2077	29166	14.04
2078	29286	14.09
2079	29801	14.33
2080	32346	15.55
2081	29724	14.28
2082	29400	14.12
2083	29647	14.23
2084	29919	14.36
2085	29580	14.19
2086	29352	14.07
2087	29973	14.36
2088	29923	14.33
2089	29904	14.31
2090	29868	14.29
2091	29763	14.23
2092	29493	14.10
2093	29790	14.23
2094	30068	14.36
2095	29675	14.16
2096	29680	14.16
2097	29513	14.07
2098	29801	14.20
2099	29764	14.18
2100	32580	15.51
2101	29919	14.24
2102	29681	14.12
2103	29974	14.25
2104	29583	14.06
2105	30002	14.25
2106	30675	14.57
2107	29720	14.11
2108	29961	14.21
2109	29886	14.17
2110	29631	14.04
2111	29939	14.18
2112	30127	14.26
2113	30173	14.28
2114	29682	14.04
2115	30108	14.24
2116	30152	14.25
2117	30067	14.20
2118	30028	14.18
2119	30560	14.42
2120	32650	15.40
2121	30760	14.50
2122	30984	14.60
2123	30088	14.17
2124	30073	14.16
2125	33432	15.73
2126	30116	14.17
2127	30371	14.28
2128	30236	14.21
2129	30585	14.37
2130	30312	14.23
2131	30516	14.32
2132	30378	14.25
2133	30528	14.31
2134	30566	14.32
2135	30253	14.17
2136	30351	14.21
2137	30169	14.12
2138	30820	14.42
2139	30601	14.31
2140	33317	15.57
2141	32031	14.96
2142	30179	14.09
2143	30745	14.35
2144	30799	14.37
2145	30397	14.17
2146	34211	15.94
2147	31642	14.74
2148	31318	14.58
2149	30904	14.38
2150	31695	14.74
2151	31394	14.60
2152	31279	14.53
2153	30930	14.37
2154	30832	14.31
2155	31161	14.46
2156	30977	14.37
2157	31044	14.39
2158	31139	14.43
2159	30662	14.20
2160	34304	15.88
2161	34821	16.11
2162	31430	14.54
2163	31825	14.71
2164	30986	14.32
2165	31019	14.33
2166	31516	14.55
2167	31383	14.48
2168	30931	14.27
2169	31358	14.46
2170	30938	14.26
2171	31474	14.50
2172	31114	14.33
2173	30744	14.15
2174	31423	14.45
2175	30696	14.11
2176	37042	17.02
2177	36303	16.68
2178	32820	15.07
2179	33107	15.19
2180	34810	15.97
2181	30947	14.19
2182	31179	14.29
2183	31297	14.34
2184	31187	14.28
2185	31326	14.34
2186	31662	14.48
2187	31851	14.56
2188	32037	14.64
2189	31729	14.49
2190	31109	14.21
2191	31709	14.47
2192	31561	14.40
2193	31445	14.34
2194	33185	15.13
2195	33836	15.42
2196	31356	14.28
2197	31150	14.18
2198	31742	14.44
2199	31077	14.13
2200	34769	15.80
2201	34469	15.66
2202	31656	14.38
2203	31911	14.49
2204	31374	14.24
2205	31285	14.19
2206	32247	14.62
2207	34960	15.84
2208	31867	14.43
2209	31287	14.16
2210	34281	15.51
2211	31942	14.45
2212	31499	14.24
2213	31729	14.34
2214	31643	14.29
2215	31808	14.36
2216	32036	14.46
2217	32466	14.64
2218	32104	14.47
2219	31994	14.42
2220	34854	15.70
2221	32037	14.42
2222	32863	14.79
2223	31789	14.30
2224	32351	14.55
2225	34043	15.30
2226	33034	14.84
2227	32911	14.78
2228	31688	14.22
2229	31553	14.16
2230	32348	14.51
2231	32306	14.48
2232	32281	14.46
2233	31848	14.26
2234	31580	14.14
2235	32641	14.60
2236	32398	14.49
2237	31505	14.08
2238	32239	14.41
2239	32249	14.40
2240	35291	15.75
2241	31594	14.10
2242	31522	14.06
2243	32259	14.38
2244	31729	14.14
2245	31570	14.06
2246	31440	14.00
2247	31809	14.16
2248	31365	13.95
2249	31638	14.07
2250	34861	15.49
2251	31440	13.97
2252	31570	14.02
2253	32304	14.34
2254	31731	14.08
2255	31583	14.01
2256	32703	14.50
2257	33331	14.77
2258	32791	14.52
2259	32461	14.37
2260	34920	15.45
2261	31647	14.00
2262	33838	14.96
2263	32416	14.32
2264	32891	14.53
2265	31822	14.05
2266	32266	14.24
2267	31838	14.04
2268	32222	14.21
2269	32167	14.18
2270	31630	13.93
2271	32523	14.32
2272	32165	14.16
2273	32145	14.14
2274	32136	14.13
2275	32323	14.21
2276	32467	14.26
2277	32285	14.18
2278	32367	14.21
2279	32577	14.29
2280	35357	15.51
2281	33021	14.48
2282	32440	14.22
2283	32720	14.33
2284	32440	14.20
2285	32672	14.30
2286	33965	14.86
2287	32940	14.40
2288	32902	14.38
2289	32334	14.13
2290	32549	14.21
2291	32708	14.28
2292	32896	14.35
2293	32625	14.23
2294	32842	14.32
2295	32417	14.13
2296	32687	14.24
2297	32819	14.29
2298	32596	14.18
2299	32869	14.30
2300	35829	15.58
2301	33156	14.41
2302	33337	14.48
2303	33186	14.41
2304	32716	14.20
2305	32859	14.26
2306	32783	14.22
2307	32958	14.29
2308	32738	14.18
2309	32989	14.29
2310	32874	14.23
2311	33021	14.29
2312	32700	14.14
2313	32926	14.24
2314	33129	14.32
2315	37189	16.06
2316	33010	14.25
2317	33289	14.37
2318	32829	14.16
2319	33071	14.26
2320	36113	15.57
2321	33189	14.30
2322	32843	14.14
2323	33200	14.29
2324	32713	14.08
2325	32812	14.11
2326	33244	14.29
2327	32927	14.15
2328	33271	14.29
2329	33201	14.26
2330	33014	14.17
2331	34006	14.59
2332	33157	14.22
2333	33878	14.52
2334	33051	14.16
2335	32908	14.09
2336	33261	14.24
2337	32824	14.05
2338	33015	14.12
2339	34084	14.57
2340	37508	16.03
2341	35515	15.17
2342	36007	15.37
2343	35744	15.26
2344	35174	15.01
2345	35694	15.22
2346	36339	15.49
2347	36377	15.50
2348	35719	15.21
2349	35503	15.11
2350	35503	15.11
2351	35401	15.06
2352	35474	15.08
2353	35895	15.25
2354	36110	15.34
2355	35340	15.01
2356	35815	15.20
2357	35793	15.19
2358	35899	15.22
2359	35601	15.09
2360	38035	16.12
2361	33580	14.22
2362	33437	14.16
2363	33552	14.20
2364	33493	14.17
2365	33362	14.11
2366	33568	14.19
2367	34020	14.37
2368	33319	14.07
2369	33843	14.29
2370	33969	14.33
2371	33789	14.25
2372	33831	14.26
2373	33712	14.21
2374	33984	14.32
2375	36891	15.53
2376	34303	14.44
2377	33492	14.09
2378	34139	14.36
2379	33795	14.21
2380	36455	15.32
2381	33800	14.20
2382	33852	14.21
2383	34008	14.27
2384	33801	14.18
2385	33690	14.13
2386	34812	14.59
2387	34294	14.37
2388	33909	14.20
2389	34446	14.42
2390	33712	14.11
2391	33769	14.12
2392	33891	14.17
2393	33807	14.13
2394	33783	14.11
2395	33819	14.12
2396	34200	14.27
2397	33992	14.18
2398	33981	14.17
2399	33764	14.07
2400	39621	16.51
2401	36398	15.16
2402	39480	16.44
2403	34417	14.32
2404	34791	14.47
2405	34085	14.17
2406	34357	14.28
2407	34223	14.22
2408	33971	14.11
2409	33976	14.10
2410	34520	14.32
2411	34264	14.21
2412	34297	14.22
2413	34103	14.13
2414	34283	14.20
2415	34620	14.34
2416	34358	14.22
2417	34439	14.25
2418	34315	14.19
2419	34233	14.15
2420	37994	15.70
2421	34093	14.08
2422	34382	14.20
2423	34131	14.09
2424	34117	14.07
2425	35153	14.50
2426	34539	14.24
2427	33959	13.99
2428	34128	14.06
2429	34735	14.30
2430	38298	15.76
2431	35295	14.52
2432	34508	14.19
2433	34831	14.32
2434	35415	14.55
2435	34846	14.31
2436	34587	14.20
2437	34274	14.06
2438	34073	13.98
2439	34314	14.07
2440	37987	15.57
2441	34425	14.10
2442	34745	14.23
2443	34377	14.07
2444	34334	14.05
2445	35289	14.43
2446	34623	14.15
2447	34230	13.99
2448	34629	14.15
2449	34715	14.18
2450	35356	14.43
2451	34444	14.05
2452	35253	14.38
2453	34893	14.22
2454	34402	14.02
2455	34582	14.09
2456	34917	14.22
2457	34593	14.08
2458	34478	14.03
2459	35438	14.41
2460	38422	15.62
2461	34864	14.17
2462	34732	14.11
2463	35092	14.25
2464	34654	14.06
2465	35007	14.20
2466	35281	14.31
2467	34835	14.12
2468	35124	14.23
2469	35327	14.31
2470	35193	14.25
2471	35422	14.34
2472	35477	14.35
2473	35617	14.40
2474	35448	14.33
2475	35507	14.35
2476	35411	14.30
2477	34860	14.07
2478	35563	14.35
2479	35163	14.18
2480	38327	15.45
2481	35360	14.25
2482	35280	14.21
2483	35506	14.30
2484	35189	14.17
2485	35176	14.16
2486	35428	14.25
2487	36185	14.55
2488	35519	14.28
2489	35287	14.18
2490	34913	14.02
2491	35256	14.15
2492	35452	14.23
2493	35529	14.25
2494	35388	14.19
2495	35384	14.18
2496	35589	14.26
2497	35504	14.22
2498	34884	13.96
2499	35056	14.03
2500	35064	14.03
2501	39898	15.95
2502	37310	14.91
2503	37881	15.13
2504	37724	15.07
2505	38691	15.45
2506	37601	15.00
2507	38491	15.35
2508	37763	15.06
2509	38065	15.17
2510	38230	15.23
2511	37834	15.07
2512	37926	15.10
2513	38033	15.13
2514	37869	15.06
2515	37757	15.01
2516	38492	15.30
2517	38259	15.20
2518	38295	15.21
2519	38102	15.13
2520	40232	15.97
2521	35655	14.14
2522	36592	14.51
2523	35775	14.18
2524	35715	14.15
2525	36213	14.34
2526	36171	14.32
2527	35845	14.18
2528	36168	14.31
2529	35914	14.20
2530	35979	14.22
2531	41845	16.53
2532	35954	14.20
2533	36008	14.22
2534	35915	14.17
2535	36325	14.33
2536	35606	14.04
2537	36364	14.33
2538	36097	14.22
2539	35781	14.09
2540	41544	16.36
2541	36069	14.19
2542	35869	14.11
2543	36633	14.41
2544	37097	14.58
2545	37859	14.88
2546	36444	14.31
2547	35733	14.03
2548	36915	14.49
2549	35905	14.09
2550	36111	14.16
2551	36705	14.39
2552	36475	14.29
2553	36367	14.24
2554	35962	14.08
2555	35885	14.05
2556	36007	14.09
2557	35742	13.98
2558	41452	16.20
2559	35904	14.03
2560	39992	15.62
2561	37317	14.57
2562	36670	14.31
2563	36364	14.19
2564	37234	14.52
2565	36568	14.26
2566	36872	14.37
2567	36805	14.34
2568	36798	14.33
2569	36175	14.08
2570	36532	14.21
2571	37629	14.64
2572	36129	14.05
2573	36672	14.25
2574	37212	14.46
2575	36893	14.33
2576	39281	15.25
2577	36580	14.19
2578	37138	14.41
2579	36176	14.03
2580	39153	15.18
2581	37166	14.40
2582	182488	70.68
2583	39647	15.35
2584	39324	15.22
2585	38930	15.06
2586	38564	14.91
2587	40078	15.49
2588	39052	15.09
2589	38102	14.72
2590	38767	14.97
2591	38298	14.78
2592	38353	14.80
2593	38156	14.72
2594	37677	14.52
2595	38542	14.85
2596	40404	15.56
2597	38589	14.86
2598	37730	14.52
2599	44978	17.31
2600	42959	16.52
2601	37122	14.27
2602	39259	15.09
2603	37605	14.45
2604	37652	14.46
2605	37431	14.37
2606	37251	14.29
2607	37057	14.21
2608	37204	14.27
2609	37974	14.56
2610	37579	14.40
2611	38131	14.60
2612	37918	14.52
2613	37457	14.33
2614	39445	15.09
2615	37265	14.25
2616	37563	14.36
2617	37809	14.45
2618	37423	14.29
2619	37869	14.46
2620	41506	15.84
2621	37233	14.21
2622	37054	14.13
2623	40059	15.27
2624	38782	14.78
2625	40296	15.35
2626	37826	14.40
2627	37774	14.38
2628	37345	14.21
2629	37733	14.35
2630	37869	14.40
2631	37837	14.38
2632	37619	14.29
2633	37583	14.27
2634	37626	14.28
2635	37324	14.16
2636	37661	14.29
2637	37764	14.32
2638	37606	14.26
2639	37178	14.09
2640	40884	15.49
2641	38355	14.52
2642	37779	14.30
2643	37813	14.31
2644	37210	14.07
2645	37505	14.18
2646	38033	14.37
2647	37744	14.26
2648	39056	14.75
2649	38028	14.36
2650	37556	14.17
2651	37972	14.32
2652	37492	14.14
2653	37763	14.23
2654	37898	14.28
2655	37556	14.15
2656	45943	17.30
2657	38019	14.31
2658	37996	14.29
2659	44528	16.75
2660	43208	16.24
2661	38450	14.45
2662	38635	14.51
2663	41337	15.52
2664	38410	14.42
2665	43878	16.46
2666	44225	16.59
2667	38485	14.43
2668	42485	15.92
2669	38512	14.43
2670	38392	14.38
2671	38913	14.57
2672	38088	14.25
2673	38377	14.36
2674	37867	14.16
2675	38330	14.33
2676	39061	14.60
2677	38885	14.53
2678	38453	14.36
2679	38336	14.31
2680	43988	16.41
2681	40766	15.21
2682	40820	15.22
2683	41203	15.36
2684	40889	15.23
2685	40750	15.18
2686	41011	15.27
2687	41876	15.58
2688	41272	15.35
2689	40613	15.10
2690	40447	15.04
2691	41318	15.35
2692	41027	15.24
2693	41125	15.27
2694	40924	15.19
2695	40634	15.08
2696	40859	15.16
2697	42958	15.93
2698	40907	15.16
2699	41287	15.30
2700	42888	15.88
2701	38666	14.32
2702	38858	14.38
2703	42575	15.75
2704	38688	14.31
2705	40900	15.12
2706	38368	14.18
2707	38432	14.20
2708	38402	14.18
2709	38691	14.28
2710	39272	14.49
2711	38284	14.12
2712	39133	14.43
2713	39667	14.62
2714	38558	14.21
2715	38607	14.22
2716	38854	14.31
2717	39709	14.62
2718	38830	14.29
2719	39168	14.41
2720	42104	15.48
2721	39145	14.39
2722	38935	14.30
2723	39084	14.35
2724	39273	14.42
2725	38819	14.25
2726	38951	14.29
2727	39778	14.59
2728	43403	15.91
2729	40025	14.67
2730	39944	14.63
2731	39211	14.36
2732	40476	14.82
2733	39363	14.40
2734	39151	14.32
2735	39154	14.32
2736	39451	14.42
2737	39537	14.45
2738	39198	14.32
2739	40244	14.69
2740	42167	15.39
2741	40008	14.60
2742	40142	14.64
2743	38784	14.14
2744	39396	14.36
2745	40276	14.67
2746	39440	14.36
2747	40275	14.66
2748	44286	16.12
2749	39146	14.24
2750	42798	15.56
2751	40097	14.58
2752	39445	14.33
2753	39541	14.36
2754	40611	14.75
2755	39545	14.35
2756	44293	16.07
2757	39929	14.48
2758	39248	14.23
2759	39505	14.32
2760	43088	15.61
2761	39493	14.30
2762	48296	17.49
2763	42753	15.47
2764	39765	14.39
2765	39421	14.26
2766	41150	14.88
2767	39448	14.26
2768	39984	14.45
2769	39575	14.29
2770	40227	14.52
2771	39327	14.19
2772	39386	14.21
2773	39535	14.26
2774	40345	14.54
2775	40093	14.45
2776	39840	14.35
2777	39898	14.37
2778	40169	14.46
2779	39948	14.37
2780	43387	15.61
2781	39828	14.32
2782	39912	14.35
2783	39907	14.34
2784	40099	14.40
2785	39847	14.31
2786	41452	14.88
2787	39872	14.31
2788	42010	15.07
2789	40018	14.35
2790	40389	14.48
2791	39713	14.23
2792	39783	14.25
2793	39920	14.29
2794	39731	14.22
2795	40226	14.39
2796	40286	14.41
2797	40470	14.47
2798	40688	14.54
2799	40966	14.64
2800	46064	16.45
2801	42555	15.19
2802	39598	14.13
2803	40775	14.55
2804	40245	14.35
2805	39732	14.16
2806	40119	14.30
2807	41004	14.61
2808	39968	14.23
2809	41551	14.79
2810	40230	14.32
2811	40726	14.49
2812	40144	14.28
2813	40763	14.49
2814	40164	14.27
2815	40237	14.29
2816	40361	14.33
2817	40607	14.41
2818	40321	14.31
2819	40346	14.31
2820	44523	15.79
2821	44834	15.89
2822	40633	14.40
2823	40570	14.37
2824	40509	14.34
2825	41054	14.53
2826	40837	14.45
2827	40702	14.40
2828	40549	14.34
2829	40586	14.35
2830	40752	14.40
2831	40543	14.32
2832	40912	14.45
2833	40450	14.28
2834	40268	14.21
2835	40224	14.19
2836	40349	14.23
2837	40925	14.43
2838	40547	14.29
2839	40738	14.35
2840	44512	15.67
2841	44835	15.78
2842	43346	15.25
2843	43118	15.17
2844	47864	16.83
2845	43070	15.14
2846	43447	15.27
2847	42811	15.04
2848	42832	15.04
2849	42737	15.00
2850	43595	15.30
2851	43566	15.28
2852	43890	15.39
2853	43704	15.32
2854	43501	15.24
2855	44047	15.43
2856	43567	15.25
2857	43191	15.12
2858	43886	15.36
2859	43260	15.13
2860	46305	16.19
2861	41423	14.48
2862	40651	14.20
2863	40695	14.21
2864	40703	14.21
2865	41729	14.57
2866	41221	14.38
2867	41817	14.59
2868	41337	14.41
2869	41019	14.30
2870	41084	14.31
2871	43185	15.04
2872	42060	14.64
2873	41153	14.32
2874	42812	14.90
2875	42578	14.81
2876	40864	14.21
2877	41288	14.35
2878	42359	14.72
2879	41617	14.46
2880	45121	15.67
2881	41374	14.36
2882	41716	14.47
2883	41657	14.45
2884	41086	14.25
2885	41617	14.43
2886	41423	14.35
2887	42452	14.70
2888	41486	14.36
2889	42324	14.65
2890	41937	14.51
2891	41447	14.34
2892	41459	14.34
2893	41347	14.29
2894	41517	14.35
2895	41882	14.47
2896	41678	14.39
2897	41394	14.29
2898	41402	14.29
2899	41584	14.34
2900	46497	16.03
2901	41740	14.39
2902	42030	14.48
2903	41657	14.35
2904	41352	14.24
2905	41354	14.24
2906	41861	14.41
2907	41024	14.11
2908	42069	14.47
2909	41903	14.40
2910	41805	14.37
2911	41666	14.31
2912	46563	15.99
2913	41963	14.41
2914	42004	14.41
2915	41578	14.26
2916	41731	14.31
2917	42150	14.45
2918	41840	14.34
2919	41934	14.37
2920	44821	15.35
2921	42563	14.57
2922	41642	14.25
2923	44682	15.29
2924	42656	14.59
2925	41998	14.36
2926	42844	14.64
2927	41700	14.25
2928	42483	14.51
2929	43921	15.00
2930	44849	15.31
2931	41990	14.33
2932	41534	14.17
2933	41564	14.17
2934	46442	15.83
2935	43455	14.81
2936	42432	14.45
2937	43737	14.89
2938	42088	14.33
2939	42189	14.35
2940	45267	15.40
2941	42213	14.35
2942	42044	14.29
2943	42231	14.35
2944	42146	14.32
2945	42282	14.36
2946	42869	14.55
2947	41738	14.16
2948	42371	14.37
2949	42843	14.53
2950	42558	14.43
2951	42430	14.38
2952	42473	14.39
2953	42275	14.32
2954	42333	14.33
2955	42290	14.31
2956	43065	14.57
2957	42860	14.49
2958	42206	14.27
2959	42864	14.49
2960	45757	15.46
2961	42778	14.45
2962	42489	14.34
2963	42598	14.38
2964	42622	14.38
2965	43183	14.56
2966	42475	14.32
2967	43062	14.51
2968	42239	14.23
2969	43487	14.65
2970	42454	14.29
2971	42586	14.33
2972	41874	14.09
2973	42831	14.41
2974	42380	14.25
2975	42497	14.28
2976	45968	15.45
2977	42419	14.25
2978	43557	14.63
2979	42419	14.24
2980	45299	15.20
2981	42539	14.27
2982	42689	14.32
2983	42928	14.39
2984	42444	14.22
2985	44274	14.83
2986	43228	14.48
2987	43284	14.49
2988	42163	14.11
2989	43014	14.39
2990	42770	14.30
2991	43135	14.42
2992	43096	14.40
2993	42767	14.29
2994	42626	14.24
2995	42894	14.32
2996	44182	14.75
2997	42625	14.22
2998	42876	14.30
2999	42587	14.20
3000	59358	19.79
3001	43844	14.61
3002	43210	14.39
3003	42729	14.23
3004	43114	14.35
3005	43384	14.44
3006	43792	14.57
3007	43552	14.48
3008	43002	14.30
3009	44556	14.81
3010	43462	14.44
3011	47423	15.75
3012	43689	14.50
3013	42688	14.17
3014	43420	14.41
3015	44940	14.91
3016	44502	14.76
3017	43288	14.35
3018	43608	14.45
3019	44545	14.75
3020	46802	15.50
3021	43124	14.27
3022	43598	14.43
3023	43600	14.42
3024	43086	14.25
3025	45603	15.08
3026	43066	14.23
3027	43651	14.42
3028	43102	14.23
3029	43324	14.30
3030	42964	14.18
3031	43166	14.24
3032	42995	14.18
3033	43141	14.22
3034	43476	14.33
3035	43465	14.32
3036	47439	15.63
3037	43488	14.32
3038	43209	14.22
3039	43078	14.18
3040	46695	15.36
3041	43539	14.32
3042	43175	14.19
3043	42832	14.08
3044	43362	14.25
3045	43246	14.20
3046	43220	14.19
3047	44314	14.54
3048	43211	14.18
3049	43177	14.16
3050	43727	14.34
3051	43208	14.16
3052	43699	14.32
3053	43370	14.21
3054	43363	14.20
3055	43786	14.33
3056	43148	14.12
3057	43031	14.08
3058	43997	14.39
3059	43369	14.18
3060	47198	15.42
3061	43795	14.31
3062	43405	14.18
3063	43379	14.16
3064	43309	14.13
3065	43865	14.31
3066	43479	14.18
3067	43658	14.23
3068	43746	14.26
3069	44346	14.45
3070	43200	14.07
3071	44052	14.34
3072	43621	14.20
3073	44019	14.32
3074	43557	14.17
3075	43735	14.22
3076	43376	14.10
3077	43465	14.13
3078	44111	14.33
3079	44121	14.33
3080	47631	15.46
3081	47499	15.42
3082	43727	14.19
3083	43810	14.21
3084	43760	14.19
3085	43778	14.19
3086	43877	14.22
3087	43671	14.15
3088	44038	14.26
3089	44037	14.26
3090	44127	14.28
3091	44588	14.43
3092	44024	14.24
3093	44237	14.30
3094	44456	14.37
3095	43931	14.19
3096	43856	14.17
3097	44218	14.28
3098	44035	14.21
3099	43830	14.14
3100	47107	15.20
3101	44031	14.20
3102	45173	14.56
3103	44375	14.30
3104	43781	14.10
3105	44194	14.23
3106	44222	14.24
3107	44168	14.22
3108	44065	14.18
3109	44144	14.20
3110	44425	14.28
3111	44243	14.22
3112	44092	14.17
3113	45365	14.57
3114	44245	14.21
3115	44157	14.18
3116	44000	14.12
3117	44259	14.20
3118	44270	14.20
3119	44260	14.19
3120	48169	15.44
3121	45160	14.47
3122	44016	14.10
3123	45174	14.46
3124	45669	14.62
3125	55873	17.88
3126	44713	14.30
3127	44356	14.18
3128	45064	14.41
3129	44367	14.18
3130	44320	14.16
3131	45025	14.38
3132	44769	14.29
3133	44807	14.30
3134	43973	14.03
3135	46067	14.69
3136	44379	14.15
3137	44416	14.16
3138	45283	14.43
3139	44258	14.10
3140	47860	15.24
3141	44986	14.32
3142	44644	14.21
3143	44390	14.12
3144	44701	14.22
3145	44500	14.15
3146	45642	14.51
3147	48607	15.45
3148	44604	14.17
3149	44578	14.16
3150	44746	14.21
3151	44563	14.14
3152	45562	14.45
3153	45317	14.37
3154	45596	14.46
3155	45181	14.32
3156	44810	14.20
3157	45340	14.36
3158	44512	14.09
3159	44833	14.19
3160	48389	15.31
3161	44892	14.20
3162	44588	14.10
3163	45279	14.32
3164	45298	14.32
3165	44985	14.21
3166	45031	14.22
3167	45550	14.38
3168	49388	15.59
3169	45227	14.27
3170	45634	14.40
3171	44979	14.18
3172	44760	14.11
3173	45351	14.29
3174	44904	14.15
3175	45514	14.34
3176	44987	14.16
3177	45636	14.36
3178	45711	14.38
3179	44674	14.05
3180	48761	15.33
3181	45174	14.20
3182	45362	14.26
3183	45520	14.30
3184	45178	14.19
3185	45878	14.40
3186	44957	14.11
3187	45310	14.22
3188	45468	14.26
3189	45604	14.30
3190	48829	15.31
3191	45258	14.18
3192	45651	14.30
3193	45576	14.27
3194	46878	14.68
3195	45404	14.21
3196	45506	14.24
3197	45511	14.24
3198	45343	14.18
3199	45580	14.25
3200	52856	16.52
3201	47481	14.83
3202	45424	14.19
3203	45571	14.23
3204	45681	14.26
3205	45758	14.28
3206	46234	14.42
3207	45364	14.15
3208	45538	14.20
3209	45798	14.27
3210	46040	14.34
3211	49031	15.27
3212	45926	14.30
3213	45709	14.23
3214	46410	14.44
3215	45605	14.19
3216	46133	14.34
3217	46198	14.36
3218	45700	14.20
3219	45487	14.13
3220	49608	15.41
3221	46696	14.50
3222	46159	14.33
3223	45779	14.20
3224	46538	14.43
3225	46125	14.30
3226	45915	14.23
3227	45909	14.23
3228	45916	14.22
3229	47154	14.60
3230	45750	14.16
3231	47650	14.75
3232	46093	14.26
3233	46290	14.32
3234	45753	14.15
3235	46256	14.30
3236	46147	14.26
3237	45840	14.16
3238	45551	14.07
3239	46354	14.31
3240	49188	15.18
3241	45983	14.19
3242	46975	14.49
3243	46267	14.27
3244	46491	14.33
3245	46518	14.34
3246	46160	14.22
3247	46510	14.32
3248	46208	14.23
3249	46433	14.29
3250	49388	15.20
3251	45985	14.14
3252	46989	14.45
3253	46580	14.32
3254	46095	14.17
3255	46611	14.32
3256	46397	14.25
3257	46756	14.36
3258	46578	14.30
3259	46384	14.23
3260	51395	15.77
3261	49468	15.17
3262	49369	15.13
3263	50418	15.45
3264	49932	15.30
3265	49746	15.24
3266	49620	15.19
3267	49087	15.03
3268	49335	15.10
3269	49249	15.07
3270	49771	15.22
3271	49648	15.18
3272	49590	15.16
3273	49990	15.27
3274	49755	15.20
3275	50013	15.27
3276	49830	15.21
3277	49483	15.10
3278	49411	15.07
3279	49652	15.14
3280	52228	15.92
3281	47977	14.62
3282	46769	14.25
3283	50496	15.38
3284	48355	14.72
3285	47412	14.43
3286	46358	14.11
3287	47508	14.45
3288	46658	14.19
3289	47572	14.46
3290	47773	14.52
3291	47085	14.31
3292	47250	14.35
3293	47394	14.39
3294	46709	14.18
3295	46931	14.24
3296	47401	14.38
3297	47196	14.31
3298	47308	14.34
3299	46966	14.24
3300	49924	15.13
3301	47119	14.27
3302	47647	14.43
3303	48116	14.57
3304	47277	14.31
3305	47146	14.27
3306	46705	14.13
3307	48182	14.57
3308	46678	14.11
3309	47011	14.21
3310	48754	14.73
3311	47092	14.22
3312	47024	14.20
3313	48639	14.68
3314	47889	14.45
3315	47171	14.23
3316	47079	14.20
3317	47612	14.35
3318	46583	14.04
3319	46633	14.05
3320	50147	15.10
3321	47261	14.23
3322	47596	14.33
3323	46652	14.04
3324	48219	14.51
3325	47785	14.37
3326	46817	14.08
3327	48243	14.50
3328	47254	14.20
3329	47162	14.17
3330	47213	14.18
3331	46848	14.06
3332	47098	14.14
3333	47502	14.25
3334	47877	14.36
3335	47945	14.38
3336	46870	14.05
3337	47157	14.13
3338	47762	14.31
3339	51948	15.56
3340	51504	15.42
3341	47630	14.26
3342	47444	14.20
3343	47489	14.21
3344	49250	14.73
3345	48880	14.61
3346	48488	14.49
3347	52835	15.79
3348	52754	15.76
3349	47455	14.17
3350	48030	14.34
3351	47102	14.06
3352	47000	14.02
3353	46914	13.99
3354	47772	14.24
3355	47134	14.05
3356	47245	14.08
3357	47992	14.30
3358	47703	14.21
3359	47920	14.27
3360	51245	15.25
3361	47309	14.08
3362	48295	14.36
3363	48504	14.42
3364	48929	14.54
3365	48148	14.31
3366	47493	14.11
3367	48678	14.46
3368	48811	14.49
3369	47565	14.12
3370	48190	14.30
3371	47565	14.11
3372	48395	14.35
3373	48017	14.24
3374	49366	14.63
3375	48054	14.24
3376	51567	15.27
3377	48169	14.26
3378	48942	14.49
3379	47967	14.20
3380	50947	15.07
3381	48168	14.25
3382	47643	14.09
3383	48188	14.24
3384	48893	14.45
3385	48363	14.29
3386	48012	14.18
3387	49095	14.50
3388	48194	14.22
3389	48086	14.19
3390	48619	14.34
3391	48445	14.29
3392	48301	14.24
3393	47630	14.04
3394	48856	14.39
3395	49043	14.45
3396	48803	14.37
3397	48715	14.34
3398	48445	14.26
3399	47777	14.06
3400	53244	15.66
3401	48387	14.23
3402	49847	14.65
3403	49529	14.55
3404	48484	14.24
3405	48666	14.29
3406	48623	14.28
3407	53537	15.71
3408	48230	14.15
3409	48320	14.17
3410	49351	14.47
3411	48516	14.22
3412	48702	14.27
3413	49507	14.51
3414	48697	14.26
3415	50182	14.69
3416	48269	14.13
3417	48431	14.17
3418	48930	14.32
3419	48604	14.22
3420	51999	15.20
3421	48602	14.21
3422	48439	14.16
3423	49240	14.39
3424	48941	14.29
3425	53497	15.62
3426	48912	14.28
3427	52466	15.31
3428	48761	14.22
3429	50148	14.62
3430	48492	14.14
3431	49161	14.33
3432	48889	14.25
3433	48325	14.08
3434	48791	14.21
3435	48740	14.19
3436	49378	14.37
3437	59768	17.39
3438	49852	14.50
3439	48707	14.16
3440	63684	18.51
3441	59556	17.31
3442	58432	16.98
3443	60252	17.50
3444	58648	17.03
3445	59176	17.18
3446	58843	17.08
3447	59674	17.31
3448	59297	17.20
3449	58612	16.99
3450	59154	17.15
3451	59601	17.27
3452	58706	17.01
3453	59354	17.19
3454	59332	17.18
3455	58471	16.92
3456	60251	17.43
3457	58972	17.06
3458	60574	17.52
3459	60215	17.41
3460	60256	17.42
3461	55737	16.10
3462	55841	16.13
3463	55227	15.95
3464	55881	16.13
3465	55650	16.06
3466	56024	16.16
3467	55792	16.09
3468	55552	16.02
3469	55811	16.09
3470	55476	15.99
3471	56830	16.37
3472	55779	16.07
3473	55796	16.07
3474	59999	17.27
3475	56139	16.16
3476	56622	16.29
3477	55678	16.01
3478	56023	16.11
3479	55985	16.09
3480	59340	17.05
3481	56403	16.20
3482	57097	16.40
3483	56493	16.22
3484	56019	16.08
3485	55930	16.05
3486	55996	16.06
3487	56082	16.08
3488	56024	16.06
3489	56768	16.27
3490	56156	16.09
3491	57138	16.37
3492	55986	16.03
3493	56581	16.20
3494	56482	16.17
3495	56088	16.05
3496	56402	16.13
3497	56250	16.09
3498	55911	15.98
3499	56226	16.07
3500	68838	19.67
3501	56611	16.17
3502	56203	16.05
3503	56093	16.01
3504	56242	16.05
3505	56061	15.99
3506	56243	16.04
3507	56289	16.05
3508	56343	16.06
3509	55958	15.95
3510	56613	16.13
3511	57059	16.25
3512	56691	16.14
3513	56532	16.09
3514	56348	16.04
3515	56481	16.07
3516	56433	16.05
3517	57694	16.40
3518	56381	16.03
3519	55970	15.91
3520	59957	17.03
3521	56532	16.06
3522	56617	16.08
3523	56436	16.02
3524	56874	16.14
3525	57973	16.45
3526	57447	16.29
3527	57550	16.32
3528	56597	16.04
3529	56156	15.91
3530	56231	15.93
3531	56790	16.08
3532	56844	16.09
3533	56849	16.09
3534	60771	17.20
3535	56630	16.02
3536	56738	16.05
3537	56886	16.08
3538	57106	16.14
3539	56556	15.98
3540	60300	17.03
3541	56747	16.03
3542	57009	16.10
3543	58232	16.44
3544	56684	15.99
3545	56676	15.99
3546	56923	16.05
3547	56429	15.91
3548	56945	16.05
3549	56374	15.88
3550	57921	16.32
3551	60295	16.98
3552	56910	16.02
3553	57400	16.16
3554	57060	16.06
3555	57011	16.04
3556	57766	16.24
3557	57119	16.06
3558	57827	16.25
3559	61357	17.24
3560	55843	15.69
3561	50438	14.16
3562	50639	14.22
3563	50750	14.24
3564	50462	14.16
3565	50383	14.13
3566	50672	14.21
3567	50335	14.11
3568	50961	14.28
3569	51262	14.36
3570	50768	14.22
3571	50927	14.26
3572	51363	14.38
3573	51569	14.43
3574	51115	14.30
3575	51038	14.28
3576	51521	14.41
3577	51707	14.46
3578	51450	14.38
3579	50554	14.13
3580	53928	15.06
3581	52101	14.55
3582	52367	14.62
3583	51668	14.42
3584	51405	14.34
3585	50856	14.19
3586	51763	14.43
3587	51264	14.29
3588	50895	14.18
3589	52561	14.65
3590	51666	14.39
3591	52201	14.54
3592	52119	14.51
3593	51469	14.32
3594	51681	14.38
3595	51153	14.23
3596	51529	14.33
3597	52733	14.66
3598	52331	14.54
3599	51510	14.31
3600	59828	16.62
3601	53776	14.93
3602	55437	15.39
3603	55731	15.47
3604	52408	14.54
3605	51487	14.28
3606	52165	14.47
3607	51464	14.27
3608	51510	14.28
3609	51792	14.35
3610	59705	16.54
3611	52500	14.54
3612	52907	14.65
3613	52419	14.51
3614	51307	14.20
3615	51881	14.35
3616	52113	14.41
3617	51935	14.36
3618	53081	14.67
3619	53195	14.70
3620	55187	15.25
3621	52087	14.38
3622	51338	14.17
3623	52181	14.40
3624	51635	14.25
3625	54544	15.05
3626	52628	14.51
3627	51591	14.22
3628	53318	14.70
3629	51503	14.19
3630	52117	14.36
3631	51930	14.30
3632	51732	14.24
3633	51777	14.25
3634	51997	14.31
3635	51497	14.17
3636	52076	14.32
3637	51796	14.24
3638	52498	14.43
3639	51989	14.29
3640	54480	14.97
3641	52165	14.33
3642	51777	14.22
3643	51675	14.18
3644	52066	14.29
3645	52554	14.42
3646	51740	14.19
3647	52918	14.51
3648	52262	14.33
3649	52990	14.52
3650	51738	14.17
3651	52250	14.31
3652	51930	14.22
3653	53957	14.77
3654	51911	14.21
3655	51946	14.21
3656	52781	14.44
3657	51680	14.13
3658	52248	14.28
3659	51894	14.18
3660	57306	15.66
3661	52366	14.30
3662	52951	14.46
3663	51811	14.14
3664	51743	14.12
3665	52261	14.26
3666	53347	14.55
3667	52011	14.18
3668	52281	14.25
3669	52209	14.23
3670	52486	14.30
3671	52407	14.28
3672	52593	14.32
3673	52360	14.26
3674	52480	14.28
3675	53188	14.47
3676	52123	14.18
3677	52632	14.31
3678	51840	14.09
3679	52468	14.26
3680	55483	15.08
3681	52383	14.23
3682	53187	14.45
3683	51923	14.10
3684	56624	15.37
3685	52489	14.24
3686	52247	14.17
3687	52460	14.23
3688	52549	14.25
3689	52314	14.18
3690	52557	14.24
3691	52330	14.18
3692	52699	14.27
3693	53075	14.37
3694	52508	14.21
3695	52409	14.18
3696	52282	14.15
3697	52937	14.32
3698	52924	14.31
3699	53153	14.37
3700	55675	15.05
3701	52489	14.18
3702	52966	14.31
3703	54027	14.59
3704	52866	14.27
3705	53107	14.33
3706	52650	14.21
3707	52942	14.28
3708	52614	14.19
3709	52786	14.23
3710	53505	14.42
3711	53200	14.34
3712	54129	14.58
3713	53232	14.34
3714	53038	14.28
3715	53386	14.37
3716	52894	14.23
3717	52857	14.22
3718	53992	14.52
3719	53314	14.34
3720	55850	15.01
3721	54142	14.55
3722	52794	14.18
3723	52721	14.16
3724	53337	14.32
3725	53640	14.40
3726	53096	14.25
3727	53054	14.24
3728	53026	14.22
3729	52796	14.16
3730	54768	14.68
3731	53056	14.22
3732	53446	14.32
3733	53344	14.29
3734	53056	14.21
3735	52909	14.17
3736	53351	14.28
3737	52980	14.18
3738	52962	14.17
3739	54169	14.49
3740	55987	14.97
3741	53765	14.37
3742	53641	14.33
3743	53273	14.23
3744	53692	14.34
3745	53203	14.21
3746	53627	14.32
3747	53101	14.17
3748	54067	14.43
3749	53446	14.26
3750	68023	18.14
3751	53340	14.22
3752	53042	14.14
3753	53661	14.30
3754	53796	14.33
3755	52989	14.11
3756	53259	14.18
3757	54126	14.41
3758	53642	14.27
3759	53561	14.25
3760	56943	15.14
3761	53524	14.23
3762	53534	14.23
3763	53363	14.18
3764	53439	14.20
3765	53462	14.20
3766	54567	14.49
3767	53325	14.16
3768	53178	14.11
3769	53318	14.15
3770	53867	14.29
3771	53655	14.23
3772	54180	14.36
3773	53872	14.28
3774	53959	14.30
3775	57619	15.26
3776	56542	14.97
3777	54033	14.31
3778	53573	14.18
3779	53677	14.20
3780	56571	14.97
3781	54378	14.38
3782	53502	14.15
3783	54121	14.31
3784	54385	14.37
3785	54063	14.28
3786	53608	14.16
3787	54102	14.29
3788	54008	14.26
3789	54505	14.39
3790	53745	14.18
3791	53879	14.21
3792	53474	14.10
3793	54637	14.40
3794	53940	14.22
3795	53807	14.18
3796	53621	14.13
3797	53663	14.13
3798	53970	14.21
3799	54212	14.27
3800	57144	15.04
3801	54691	14.39
3802	54797	14.41
3803	54042	14.21
3804	54026	14.20
3805	54164	14.23
3806	54150	14.23
3807	54513	14.32
3808	54263	14.25
3809	54253	14.24
3810	54096	14.20
3811	58858	15.44
3812	54580	14.32
3813	54320	14.25
3814	54705	14.34
3815	54486	14.28
3816	54631	14.32
3817	53708	14.07
3818	53834	14.10
3819	54058	14.16
3820	58572	15.33
3821	54898	14.37
3822	54564	14.28
3823	54260	14.19
3824	54657	14.29
3825	56459	14.76
3826	54731	14.31
3827	54472	14.23
3828	54624	14.27
3829	54817	14.32
3830	54693	14.28
3831	54470	14.22
3832	54720	14.28
3833	54977	14.34
3834	54276	14.16
3835	54580	14.23
3836	54641	14.24
3837	55381	14.43
3838	54356	14.16
3839	54409	14.17
3840	59226	15.42
3841	58304	15.18
3842	58237	15.16
3843	57878	15.06
3844	59515	15.48
3845	60589	15.76
3846	58569	15.23
3847	59038	15.35
3848	58647	15.24
3849	58543	15.21
3850	58952	15.31
3851	57784	15.00
3852	58733	15.25
3853	58377	15.15
3854	58831	15.26
3855	58706	15.23
3856	58583	15.19
3857	58449	15.15
3858	59210	15.35
3859	58281	15.10
3860	60744	15.74
3861	56151	14.54
3862	55735	14.43
3863	57083	14.78
3864	56160	14.53
3865	56108	14.52
3866	55552	14.37
3867	55601	14.38
3868	54504	14.09
3869	55924	14.45
3870	55697	14.39
3871	55401	14.31
3872	55191	14.25
3873	54726	14.13
3874	55928	14.44
3875	58104	14.99
3876	55139	14.23
3877	55458	14.30
3878	55886	14.41
3879	54982	14.17
3880	58008	14.95
3881	54739	14.10
3882	55528	14.30
3883	55264	14.23
3884	55458	14.28
3885	55475	14.28
3886	55413	14.26
3887	56899	14.64
3888	55862	14.37
3889	55523	14.28
3890	56235	14.46
3891	56481	14.52
3892	55941	14.37
3893	55572	14.27
3894	56716	14.56
3895	56316	14.46
3896	55406	14.22
3897	55736	14.30
3898	60591	15.54
3899	56413	14.47
3900	58778	15.07
3901	60667	15.55
3902	56069	14.37
3903	57266	14.67
3904	56625	14.50
3905	55656	14.25
3906	57021	14.60
3907	57042	14.60
3908	56077	14.35
3909	57650	14.75
3910	56900	14.55
3911	56871	14.54
3912	56069	14.33
3913	56455	14.43
3914	56066	14.32
3915	56562	14.45
3916	56151	14.34
3917	56917	14.53
3918	58411	14.91
3919	56042	14.30
3920	60659	15.47
3921	56574	14.43
3922	57235	14.59
3923	57225	14.59
3924	56338	14.36
3925	56505	14.40
3926	59243	15.09
3927	58735	14.96
3928	56713	14.44
3929	56081	14.27
3930	56824	14.46
3931	57226	14.56
3932	56141	14.28
3933	56527	14.37
3934	60687	15.43
3935	57785	14.68
3936	56577	14.37
3937	56241	14.29
3938	56343	14.31
3939	56916	14.45
3940	59343	15.06
3941	56210	14.26
3942	57264	14.53
3943	56231	14.26
3944	57152	14.49
3945	56185	14.24
3946	57157	14.48
3947	56236	14.25
3948	56331	14.27
3949	56394	14.28
3950	58656	14.85
3951	56833	14.38
3952	58418	14.78
3953	56718	14.35
3954	56871	14.38
3955	56425	14.27
3956	57046	14.42
3957	57208	14.46
3958	56886	14.37
3959	57542	14.53
3960	60662	15.32
3961	56766	14.33
3962	57560	14.53
3963	56631	14.29
3964	57200	14.43
3965	57261	14.44
3966	58139	14.66
3967	57316	14.45
3968	62012	15.63
3969	58576	14.76
3970	57422	14.46
3971	56851	14.32
3972	57272	14.42
3973	57218	14.40
3974	56973	14.34
3975	57253	14.40
3976	56886	14.31
3977	56426	14.19
3978	56936	14.31
3979	57558	14.47
3980	61491	15.45
3981	57222	14.37
3982	57409	14.42
3983	57301	14.39
3984	57387	14.40
3985	57724	14.49
3986	61461	15.42
3987	57667	14.46
3988	57761	14.48
3989	57464	14.41
3990	58135	14.57
3991	57412	14.39
3992	63409	15.88
3993	58956	14.76
3994	57159	14.31
3995	57009	14.27
3996	57477	14.38
3997	56643	14.17
3998	56731	14.19
3999	57285	14.32
4000	83701	20.93
