N	Total Time	Average CPE
1	49	49.00
2	67	33.50
3	87	29.00
4	107	26.75
5	129	25.80
6	151	25.17
7	170	24.29
8	398	49.75
9	240	26.67
10	261	26.10
11	317	28.82
12	309	25.75
13	334	25.69
14	367	26.21
15	397	26.47
16	436	27.25
17	456	26.82
18	532	29.56
19	567	29.84
20	611	30.55
21	628	29.90
22	660	30.00
23	654	28.43
24	924	38.50
25	1072	42.88
26	710	27.31
27	775	28.70
28	784	28.00
29	798	27.52
30	841	28.03
31	1199	38.68
32	861	26.91
33	902	27.33
34	928	27.29
35	945	27.00
36	1013	28.14
37	1184	32.00
38	1030	27.11
39	1094	28.05
40	1079	26.98
41	1155	28.17
42	1118	26.62
43	1149	26.72
44	1370	31.14
45	1218	27.07
46	1591	34.59
47	1296	27.57
48	1463	30.48
49	1299	26.51
50	1327	26.54
51	1431	28.06
52	1449	27.87
53	1487	28.06
54	1506	27.89
55	1500	27.27
56	1406	25.11
57	1392	24.42
58	1707	29.43
59	1443	24.46
60	1412	23.53
61	1440	23.61
62	1462	23.58
63	1513	24.02
64	1501	23.45
65	1587	24.42
66	1561	23.65
67	1587	23.69
68	1621	23.84
69	1657	24.01
70	1710	24.43
71	1733	24.41
72	1724	23.94
73	1718	23.53
74	1809	24.45
75	1766	23.55
76	1791	23.57
77	2109	27.39
78	1875	24.04
79	2068	26.18
80	2066	25.82
81	1898	23.43
82	2527	30.82
83	1978	23.83
84	2056	24.48
85	2262	26.61
86	2053	23.87
87	2087	23.99
88	2080	23.64
89	2093	23.52
90	2591	28.79
91	4746	52.15
92	4977	54.10
93	4839	52.03
94	2893	30.78
95	2253	23.72
96	2524	26.29
97	2478	25.55
98	2308	23.55
99	2342	23.66
100	3241	32.41
101	2376	23.52
102	2682	26.29
103	2648	25.71
104	2412	23.19
105	2730	26.00
106	2672	25.21
107	2535	23.69
108	2522	23.35
109	2824	25.91
110	2600	23.64
111	2631	23.70
112	2657	23.72
113	2666	23.59
114	2993	26.25
115	2711	23.57
116	2754	23.74
117	2769	23.67
118	2833	24.01
119	2821	23.71
120	3072	25.60
121	2980	24.63
122	2831	23.20
123	3621	29.44
124	2897	23.36
125	2946	23.57
126	3012	23.90
127	2985	23.50
128	2999	23.43
129	3258	25.26
130	3062	23.55
131	3297	25.17
132	3071	23.27
133	3116	23.43
134	3260	24.33
135	3443	25.50
136	3383	24.88
137	3198	23.34
138	3225	23.37
139	3309	23.81
140	3540	25.29
141	3356	23.80
142	3336	23.49
143	3467	24.24
144	3379	23.47
145	3789	26.13
146	3415	23.39
147	3432	23.35
148	3481	23.52
149	3712	24.91
150	3690	24.60
151	3553	23.53
152	3590	23.62
153	3553	23.22
154	4203	27.29
155	3615	23.32
156	3649	23.39
157	3738	23.81
158	3699	23.41
159	3923	24.67
160	3754	23.46
161	3790	23.54
162	4020	24.81
163	3834	23.52
164	3813	23.25
165	3939	23.87
166	3936	23.71
167	4012	24.02
168	3899	23.21
169	3994	23.63
170	3989	23.46
171	4166	24.36
172	4032	23.44
173	4117	23.80
174	4066	23.37
175	4269	24.39
176	4185	23.78
177	4143	23.41
178	4181	23.49
179	4169	23.29
180	4275	23.75
181	4214	23.28
182	4512	24.79
183	4285	23.42
184	4477	24.33
185	4318	23.34
186	4519	24.30
187	4410	23.58
188	4402	23.41
189	4704	24.89
190	4446	23.40
191	4574	23.95
192	4729	24.63
193	4618	23.93
194	4544	23.42
195	4517	23.16
196	4755	24.26
197	4605	23.38
198	4670	23.59
199	4664	23.44
200	4705	23.52
201	4883	24.29
202	4701	23.27
203	4913	24.20
204	4813	23.59
205	4987	24.33
206	5003	24.29
207	4853	23.44
208	4930	23.70
209	4890	23.40
210	4908	23.37
211	4924	23.34
212	4940	23.30
213	4977	23.37
214	5043	23.57
215	5302	24.66
216	5034	23.31
217	5900	27.19
218	5312	24.37
219	5278	24.10
220	5142	23.37
221	5487	24.83
222	5185	23.36
223	5316	23.84
224	5227	23.33
225	5249	23.33
226	5299	23.45
227	5515	24.30
228	5347	23.45
229	5388	23.53
230	5667	24.64
231	5451	23.60
232	5437	23.44
233	6086	26.12
234	5460	23.33
235	5569	23.70
236	5841	24.75
237	5594	23.60
238	5603	23.54
239	5777	24.17
240	5612	23.38
241	5622	23.33
242	5676	23.45
243	5729	23.58
244	5732	23.49
245	5741	23.43
246	5763	23.43
247	5968	24.16
248	5814	23.44
249	6235	25.04
250	6137	24.55
251	6509	25.93
252	5927	23.52
253	5911	23.36
254	6034	23.76
255	5960	23.37
256	7988	31.20
257	12555	48.85
258	6211	24.07
259	6039	23.32
260	6076	23.37
261	6366	24.39
262	6120	23.36
263	6161	23.43
264	6460	24.47
265	6196	23.38
266	6542	24.59
267	6206	23.24
268	6276	23.42
269	6542	24.32
270	6839	25.33
271	6779	25.01
272	6305	23.18
273	6337	23.21
274	6389	23.32
275	6458	23.48
276	6728	24.38
277	6463	23.33
278	6733	24.22
279	6551	23.48
280	6558	23.42
281	6822	24.28
282	6645	23.56
283	6610	23.36
284	7490	26.37
285	6851	24.04
286	6663	23.30
287	6712	23.39
288	6690	23.23
289	7572	26.20
290	6846	23.61
291	6832	23.48
292	6818	23.35
293	6879	23.48
294	6863	23.34
295	7119	24.13
296	6879	23.24
297	7055	23.75
298	7443	24.98
299	7142	23.89
300	7044	23.48
301	7217	23.98
302	7052	23.35
303	7401	24.43
304	7204	23.70
305	7394	24.24
306	7375	24.10
307	7299	23.78
308	7638	24.80
309	7240	23.43
310	7219	23.29
311	7309	23.50
312	7645	24.50
313	7287	23.28
314	7619	24.26
315	7324	23.25
316	7374	23.34
317	7397	23.33
318	7598	23.89
319	7502	23.52
320	7491	23.41
321	7537	23.48
322	7571	23.51
323	7725	23.92
324	7821	24.14
325	7739	23.81
326	7579	23.25
327	7672	23.46
328	7678	23.41
329	8211	24.96
330	8328	25.24
331	7919	23.92
332	8274	24.92
333	8314	24.97
334	7780	23.29
335	7811	23.32
336	7917	23.56
337	8194	24.31
338	7923	23.44
339	8097	23.88
340	7963	23.42
341	8146	23.89
342	8098	23.68
343	8603	25.08
344	8414	24.46
345	8280	24.00
346	8346	24.12
347	9111	26.26
348	8902	25.58
349	8428	24.15
350	8897	25.42
351	9063	25.82
352	9053	25.72
353	8593	24.34
354	8462	23.90
355	8986	25.31
356	8909	25.03
357	8879	24.87
358	8561	23.91
359	8677	24.17
360	8837	24.55
361	9625	26.66
362	9620	26.57
363	8906	24.53
364	9482	26.05
365	9086	24.89
366	9107	24.88
367	8741	23.82
368	8915	24.23
369	9743	26.40
370	9150	24.73
371	8882	23.94
372	9079	24.41
373	8934	23.95
374	9512	25.43
375	9247	24.66
376	9161	24.36
377	9018	23.92
378	9134	24.16
379	9180	24.22
380	9074	23.88
381	9159	24.04
382	10580	27.70
383	9597	25.06
384	9120	23.75
385	9189	23.87
386	9425	24.42
387	9163	23.68
388	9488	24.45
389	9760	25.09
390	9400	24.10
391	9314	23.82
392	9294	23.71
393	9800	24.94
394	9784	24.83
395	9458	23.94
396	9580	24.19
397	9456	23.82
398	9693	24.35
399	9543	23.92
400	9531	23.83
401	9592	23.92
402	9883	24.58
403	9619	23.87
404	9929	24.58
405	10076	24.88
406	9695	23.88
407	11151	27.40
408	10742	26.33
409	9837	24.05
410	10187	24.85
411	10021	24.38
412	10365	25.16
413	9816	23.77
414	10083	24.36
415	10132	24.41
416	10004	24.05
417	10005	23.99
418	10066	24.08
419	9996	23.86
420	10193	24.27
421	10701	25.42
422	10544	24.99
423	10042	23.74
424	10038	23.67
425	10099	23.76
426	10439	24.50
427	10222	23.94
428	10346	24.17
429	11141	25.97
430	10455	24.31
431	10612	24.62
432	10281	23.80
433	10569	24.41
434	10467	24.12
435	10419	23.95
436	10550	24.20
437	10754	24.61
438	10582	24.16
439	10501	23.92
440	10556	23.99
441	10680	24.22
442	11571	26.18
443	18458	41.67
444	10731	24.17
445	10814	24.30
446	11812	26.48
447	10644	23.81
448	10907	24.35
449	10684	23.80
450	10712	23.80
451	10832	24.02
452	11381	25.18
453	10864	23.98
454	11252	24.78
455	11648	25.60
456	11241	24.65
457	11340	24.81
458	11833	25.84
459	10933	23.82
460	10913	23.72
461	11510	24.97
462	11045	23.91
463	11252	24.30
464	11010	23.73
465	11011	23.68
466	11217	24.07
467	11396	24.40
468	11203	23.94
469	11506	24.53
470	11209	23.85
471	11729	24.90
472	11327	24.00
473	11445	24.20
474	11499	24.26
475	11296	23.78
476	11339	23.82
477	11377	23.85
478	11437	23.93
479	11463	23.93
480	11787	24.56
481	11533	23.98
482	11484	23.83
483	11459	23.72
484	11767	24.31
485	11840	24.41
486	11952	24.59
487	11739	24.10
488	11614	23.80
489	12567	25.70
490	11672	23.82
491	11763	23.96
492	11835	24.05
493	12218	24.78
494	11700	23.68
495	12113	24.47
496	12284	24.77
497	11888	23.92
498	12028	24.15
499	12987	26.03
500	12491	24.98
501	12038	24.03
502	12839	25.58
503	11882	23.62
504	12013	23.84
505	12461	24.68
506	12689	25.08
507	12586	24.82
508	12452	24.51
509	12334	24.23
510	12144	23.81
511	12100	23.68
512	12865	25.13
513	12121	23.63
514	12608	24.53
515	12469	24.21
516	12429	24.09
517	12275	23.74
518	12665	24.45
519	12855	24.77
520	12313	23.68
521	12554	24.10
522	12537	24.02
523	12842	24.55
524	12811	24.45
525	12458	23.73
526	12674	24.10
527	13335	25.30
528	12621	23.90
529	12909	24.40
530	12613	23.80
531	12645	23.81
532	13048	24.53
533	12918	24.24
534	12947	24.25
535	12689	23.72
536	12821	23.92
537	12969	24.15
538	12750	23.70
539	13057	24.22
540	13692	25.36
541	12885	23.82
542	14288	26.36
543	12858	23.68
544	13104	24.09
545	12985	23.83
546	13051	23.90
547	13536	24.75
548	13265	24.21
549	12979	23.64
550	13695	24.90
551	13116	23.80
552	13554	24.55
553	14719	26.62
554	13291	23.99
555	13629	24.56
556	13383	24.07
557	13417	24.09
558	13159	23.58
559	13414	24.00
560	13539	24.18
561	14094	25.12
562	13436	23.91
563	13949	24.78
564	13718	24.32
565	13669	24.19
566	14053	24.83
567	13581	23.95
568	13735	24.18
569	13507	23.74
570	13495	23.68
571	14010	24.54
572	13616	23.80
573	13982	24.40
574	13613	23.72
575	14111	24.54
576	14142	24.55
577	13699	23.74
578	14712	25.45
579	13718	23.69
580	13769	23.74
581	13805	23.76
582	14381	24.71
583	13787	23.65
584	14143	24.22
585	13902	23.76
586	13997	23.89
587	13807	23.52
588	14308	24.33
589	14207	24.12
590	13926	23.60
591	14154	23.95
592	14291	24.14
593	14228	23.99
594	14550	24.49
595	14628	24.58
596	14781	24.80
597	15154	25.38
598	16208	27.10
599	14747	24.62
600	15000	25.00
601	14464	24.07
602	14884	24.72
603	15157	25.14
604	14736	24.40
605	14722	24.33
606	14587	24.07
607	14859	24.48
608	14646	24.09
609	14901	24.47
610	14970	24.54
611	14871	24.34
612	15249	24.92
613	15405	25.13
614	14986	24.41
615	15153	24.64
616	15273	24.79
617	16034	25.99
618	15031	24.32
619	15431	24.93
620	15540	25.06
621	15002	24.16
622	15385	24.73
623	16139	25.91
624	15720	25.19
625	15229	24.37
626	15649	25.00
627	15462	24.66
628	15443	24.59
629	15556	24.73
630	15497	24.60
631	15135	23.99
632	15067	23.84
633	15092	23.84
634	15673	24.72
635	15775	24.84
636	15946	25.07
637	15745	24.72
638	15670	24.56
639	15778	24.69
640	16335	25.52
641	15734	24.55
642	15786	24.59
643	15673	24.37
644	17624	27.37
645	15852	24.58
646	15751	24.38
647	16357	25.28
648	17235	26.60
649	16308	25.13
650	18176	27.96
651	16296	25.03
652	16267	24.95
653	16077	24.62
654	16302	24.93
655	15907	24.29
656	16292	24.84
657	17670	26.89
658	17614	26.77
659	16098	24.43
660	17024	25.79
661	16278	24.63
662	16560	25.02
663	16257	24.52
664	16652	25.08
665	17100	25.71
666	16447	24.70
667	16023	24.02
668	16878	25.27
669	15947	23.84
670	16252	24.26
671	16023	23.88
672	16461	24.50
673	16689	24.80
674	16622	24.66
675	17273	25.59
676	16575	24.52
677	16704	24.67
678	16648	24.55
679	17159	25.27
680	16797	24.70
681	16569	24.33
682	23926	35.08
683	19078	27.93
684	16928	24.75
685	17146	25.03
686	16709	24.36
687	16850	24.53
688	17371	25.25
689	17658	25.63
690	16656	24.14
691	17083	24.72
692	17089	24.70
693	16579	23.92
694	17386	25.05
695	17132	24.65
696	17190	24.70
697	17703	25.40
698	18542	26.56
699	16919	24.20
700	17993	25.70
701	17763	25.34
702	17729	25.25
703	17261	24.55
704	17624	25.03
705	18152	25.75
706	17922	25.39
707	17637	24.95
708	17449	24.65
709	18996	26.79
710	16986	23.92
711	16965	23.86
712	17715	24.88
713	18225	25.56
714	17353	24.30
715	17481	24.45
716	18358	25.64
717	18298	25.52
718	18965	26.41
719	17664	24.57
720	17996	24.99
721	20709	28.72
722	17839	24.71
723	19270	26.65
724	17683	24.42
725	17810	24.57
726	17333	23.87
727	17469	24.03
728	17988	24.71
729	17884	24.53
730	18108	24.81
731	18250	24.97
732	18101	24.73
733	18122	24.72
734	18810	25.63
735	18535	25.22
736	18677	25.38
737	17603	23.88
738	18190	24.65
739	18095	24.49
740	17888	24.17
741	18652	25.17
742	18673	25.17
743	18363	24.71
744	18521	24.89
745	19218	25.80
746	17979	24.10
747	17984	24.07
748	19218	25.69
749	17998	24.03
750	18275	24.37
751	18322	24.40
752	19573	26.03
753	18981	25.21
754	18620	24.69
755	18926	25.07
756	18755	24.81
757	19169	25.32
758	18263	24.09
759	18978	25.00
760	18813	24.75
761	18494	24.30
762	18814	24.69
763	18257	23.93
764	18269	23.91
765	18656	24.39
766	18703	24.42
767	18853	24.58
768	19168	24.96
769	19586	25.47
770	18934	24.59
771	18863	24.47
772	18738	24.27
773	19164	24.79
774	19030	24.59
775	18982	24.49
776	19563	25.21
777	19775	25.45
778	19271	24.77
779	19594	25.15
780	19641	25.18
781	19007	24.34
782	19384	24.79
783	20235	25.84
784	18933	24.15
785	19356	24.66
786	19020	24.20
787	19006	24.15
788	19235	24.41
789	19291	24.45
790	19162	24.26
791	19187	24.26
792	18980	23.96
793	19617	24.74
794	19444	24.49
795	19324	24.31
796	19176	24.09
797	19461	24.42
798	19732	24.73
799	19961	24.98
800	20330	25.41
801	19551	24.41
802	19508	24.32
803	20147	25.09
804	22741	28.28
805	19925	24.75
806	20595	25.55
807	19762	24.49
808	19861	24.58
809	19754	24.42
810	19753	24.39
811	19694	24.28
812	20196	24.87
813	19875	24.45
814	20336	24.98
815	20798	25.52
816	19891	24.38
817	19985	24.46
818	20028	24.48
819	19993	24.41
820	19959	24.34
821	19781	24.09
822	20510	24.95
823	19899	24.18
824	21352	25.91
825	20548	24.91
826	20345	24.63
827	20628	24.94
828	20511	24.77
829	23767	28.67
830	20388	24.56
831	22296	26.83
832	20784	24.98
833	20900	25.09
834	20588	24.69
835	20937	25.07
836	20697	24.76
837	20116	24.03
838	20630	24.62
839	20485	24.42
840	20754	24.71
841	21103	25.09
842	20827	24.74
843	20674	24.52
844	20723	24.55
845	20499	24.26
846	20803	24.59
847	21019	24.82
848	20612	24.31
849	20860	24.57
850	20973	24.67
851	20899	24.56
852	20588	24.16
853	20801	24.39
854	21271	24.91
855	20730	24.25
856	21393	24.99
857	21053	24.57
858	20992	24.47
859	21063	24.52
860	20844	24.24
861	21245	24.67
862	21352	24.77
863	21055	24.40
864	29920	34.63
865	21339	24.67
866	21546	24.88
867	21330	24.60
868	21127	24.34
869	21390	24.61
870	21660	24.90
871	21507	24.69
872	21301	24.43
873	21884	25.07
874	21671	24.80
875	21306	24.35
876	21312	24.33
877	21279	24.26
878	25403	28.93
879	21458	24.41
880	22226	25.26
881	21909	24.87
882	21471	24.34
883	21541	24.40
884	22113	25.01
885	21880	24.72
886	21748	24.55
887	22352	25.20
888	21411	24.11
889	22242	25.02
890	21811	24.51
891	21770	24.43
892	21560	24.17
893	22522	25.22
894	21613	24.18
895	23005	25.70
896	22318	24.91
897	21868	24.38
898	21514	23.96
899	21622	24.05
900	23414	26.02
901	23066	25.60
902	22163	24.57
903	22199	24.58
904	23738	26.26
905	22210	24.54
906	22156	24.45
907	22267	24.55
908	21792	24.00
909	22327	24.56
910	22362	24.57
911	21844	23.98
912	22414	24.58
913	23381	25.61
914	22541	24.66
915	22324	24.40
916	22277	24.32
917	23196	25.30
918	22587	24.60
919	22127	24.08
920	22627	24.59
921	22482	24.41
922	22408	24.30
923	22248	24.10
924	23275	25.19
925	22599	24.43
926	22427	24.22
927	24596	26.53
928	27027	29.12
929	23363	25.15
930	22685	24.39
931	22320	23.97
932	23180	24.87
933	22919	24.56
934	23019	24.65
935	22553	24.12
936	22961	24.53
937	22664	24.19
938	22695	24.20
939	23452	24.98
940	23017	24.49
941	23310	24.77
942	23070	24.49
943	22907	24.29
944	23464	24.86
945	23924	25.32
946	23646	25.00
947	23383	24.69
948	23146	24.42
949	23760	25.04
950	23210	24.43
951	23232	24.43
952	23413	24.59
953	22905	24.03
954	23147	24.26
955	23423	24.53
956	23008	24.07
957	23548	24.61
958	23662	24.70
959	23175	24.17
960	23616	24.60
961	23879	24.85
962	23936	24.88
963	23752	24.66
964	23594	24.48
965	23859	24.72
966	23595	24.43
967	23496	24.30
968	23655	24.44
969	23586	24.34
970	24075	24.82
971	25343	26.10
972	23400	24.07
973	23863	24.53
974	23749	24.38
975	24259	24.88
976	23785	24.37
977	24535	25.11
978	24067	24.61
979	24354	24.88
980	24336	24.83
981	23854	24.32
982	24065	24.51
983	24319	24.74
984	24019	24.41
985	24370	24.74
986	24140	24.48
987	24059	24.38
988	24437	24.73
989	24050	24.32
990	25240	25.49
991	24488	24.71
992	25173	25.38
993	24831	25.01
994	24490	24.64
995	24567	24.69
996	24587	24.69
997	25045	25.12
998	24357	24.41
999	24942	24.97
1000	25977	25.98
1001	25922	25.90
1002	24734	24.68
1003	26918	26.84
1004	24714	24.62
1005	24447	24.33
1006	25237	25.09
1007	24474	24.30
1008	24767	24.57
1009	24865	24.64
1010	25132	24.88
1011	24553	24.29
1012	28153	27.82
1013	25719	25.39
1014	25534	25.18
1015	25184	24.81
1016	24648	24.26
1017	24844	24.43
1018	24883	24.44
1019	25272	24.80
1020	24697	24.21
1021	26068	25.53
1022	24992	24.45
1023	25186	24.62
1024	25588	24.99
1025	25495	24.87
1026	25835	25.18
1027	26740	26.04
1028	26915	26.18
1029	26009	25.28
1030	25347	24.61
1031	25755	24.98
1032	25413	24.62
1033	25527	24.71
1034	26044	25.19
1035	25906	25.03
1036	26555	25.63
1037	25899	24.97
1038	25706	24.76
1039	25633	24.67
1040	26231	25.22
1041	25928	24.91
1042	25749	24.71
1043	25833	24.77
1044	26037	24.94
1045	26172	25.04
1046	26212	25.06
1047	25928	24.76
1048	26782	25.56
1049	26341	25.11
1050	26367	25.11
1051	26643	25.35
1052	26160	24.87
1053	27091	25.73
1054	26234	24.89
1055	29561	28.02
1056	26589	25.18
1057	26817	25.37
1058	26683	25.22
1059	26555	25.08
1060	26266	24.78
1061	26774	25.23
1062	27716	26.10
1063	26849	25.26
1064	27240	25.60
1065	28075	26.36
1066	26625	24.98
1067	26751	25.07
1068	26974	25.26
1069	27932	26.13
1070	27182	25.40
1071	26769	24.99
1072	27987	26.11
1073	26938	25.11
1074	26812	24.96
1075	26633	24.77
1076	26896	25.00
1077	27051	25.12
1078	27025	25.07
1079	27406	25.40
1080	27542	25.50
1081	26822	24.81
1082	26902	24.86
1083	26947	24.88
1084	27241	25.13
1085	27655	25.49
1086	27450	25.28
1087	27262	25.08
1088	27320	25.11
1089	27970	25.68
1090	31342	28.75
1091	28697	26.30
1092	27420	25.11
1093	27756	25.39
1094	27672	25.29
1095	27894	25.47
1096	27845	25.41
1097	27850	25.39
1098	27407	24.96
1099	27462	24.99
1100	28751	26.14
1101	27516	24.99
1102	27658	25.10
1103	28035	25.42
1104	27963	25.33
1105	28068	25.40
1106	28048	25.36
1107	27778	25.09
1108	28183	25.44
1109	27935	25.19
1110	27817	25.06
1111	27901	25.11
1112	28015	25.19
1113	28028	25.18
1114	28402	25.50
1115	28318	25.40
1116	28114	25.19
1117	28115	25.17
1118	27973	25.02
1119	28785	25.72
1120	28227	25.20
1121	28310	25.25
1122	28984	25.83
1123	30568	27.22
1124	28073	24.98
1125	29427	26.16
1126	27984	24.85
1127	29263	25.97
1128	28120	24.93
1129	29279	25.93
1130	29476	26.08
1131	28274	25.00
1132	28656	25.31
1133	28900	25.51
1134	28622	25.24
1135	28847	25.42
1136	29058	25.58
1137	29348	25.81
1138	29787	26.17
1139	28843	25.32
1140	28636	25.12
1141	29441	25.80
1142	29066	25.45
1143	28858	25.25
1144	29088	25.43
1145	29450	25.72
1146	29061	25.36
1147	28570	24.91
1148	29154	25.40
1149	28725	25.00
1150	28893	25.12
1151	29099	25.28
1152	29466	25.58
1153	28822	25.00
1154	30468	26.40
1155	29214	25.29
1156	29739	25.73
1157	29198	25.24
1158	29501	25.48
1159	29179	25.18
1160	29607	25.52
1161	29795	25.66
1162	29774	25.62
1163	29623	25.47
1164	29284	25.16
1165	29352	25.19
1166	29705	25.48
1167	29361	25.16
1168	29859	25.56
1169	29817	25.51
1170	29271	25.02
1171	29723	25.38
1172	29683	25.33
1173	30700	26.17
1174	30005	25.56
1175	29399	25.02
1176	30394	25.85
1177	31009	26.35
1178	29811	25.31
1179	30982	26.28
1180	30340	25.71
1181	29675	25.13
1182	29874	25.27
1183	29650	25.06
1184	30120	25.44
1185	29907	25.24
1186	30302	25.55
1187	30917	26.05
1188	30809	25.93
1189	30871	25.96
1190	29947	25.17
1191	30767	25.83
1192	30011	25.18
1193	30639	25.68
1194	30243	25.33
1195	30299	25.35
1196	30775	25.73
1197	30190	25.22
1198	30712	25.64
1199	30569	25.50
1200	38335	31.95
1201	31204	25.98
1202	30393	25.29
1203	30775	25.58
1204	31166	25.89
1205	30550	25.35
1206	31316	25.97
1207	30627	25.37
1208	31626	26.18
1209	30909	25.57
1210	31442	25.99
1211	31402	25.93
1212	31310	25.83
1213	31364	25.86
1214	30903	25.46
1215	31381	25.83
1216	31629	26.01
1217	30909	25.40
1218	30886	25.36
1219	32323	26.52
1220	32897	26.96
1221	31734	25.99
1222	31644	25.90
1223	31642	25.87
1224	31445	25.69
1225	32089	26.20
1226	35868	29.26
1227	31897	26.00
1228	31821	25.91
1229	32197	26.20
1230	31394	25.52
1231	31588	25.66
1232	31698	25.73
1233	31762	25.76
1234	31844	25.81
1235	31331	25.37
1236	32404	26.22
1237	38528	31.15
1238	33448	27.02
1239	33369	26.93
1240	32565	26.26
1241	32592	26.26
1242	32597	26.25
1243	32832	26.41
1244	32443	26.08
1245	32663	26.24
1246	31984	25.67
1247	31879	25.56
1248	32246	25.84
1249	32574	26.08
1250	32829	26.26
1251	32251	25.78
1252	32501	25.96
1253	32392	25.85
1254	33163	26.45
1255	32781	26.12
1256	32682	26.02
1257	33539	26.68
1258	32953	26.19
1259	32306	25.66
1260	33055	26.23
1261	32709	25.94
1262	32766	25.96
1263	32555	25.78
1264	32976	26.09
1265	32448	25.65
1266	32433	25.62
1267	33044	26.08
1268	32959	25.99
1269	33026	26.03
1270	32975	25.96
1271	33251	26.16
1272	33216	26.11
1273	33467	26.29
1274	33022	25.92
1275	33276	26.10
1276	33261	26.07
1277	33385	26.14
1278	33159	25.95
1279	33677	26.33
1280	33670	26.30
1281	33962	26.51
1282	33868	26.42
1283	33515	26.12
1284	33165	25.83
1285	33731	26.25
1286	42293	32.89
1287	33709	26.19
1288	33396	25.93
1289	34098	26.45
1290	33712	26.13
1291	35583	27.56
1292	33768	26.14
1293	33897	26.22
1294	33651	26.01
1295	34217	26.42
1296	33549	25.89
1297	34927	26.93
1298	34036	26.22
1299	33909	26.10
1300	34644	26.65
1301	33938	26.09
1302	35639	27.37
1303	34562	26.52
1304	33813	25.93
1305	33964	26.03
1306	34146	26.15
1307	34685	26.54
1308	38481	29.42
1309	34503	26.36
1310	40692	31.06
1311	36969	28.20
1312	34914	26.61
1313	44256	33.71
1314	34817	26.50
1315	34728	26.41
1316	35165	26.72
1317	34271	26.02
1318	41941	31.82
1319	35640	27.02
1320	35019	26.53
1321	34624	26.21
1322	34584	26.16
1323	34856	26.35
1324	34600	26.13
1325	35263	26.61
1326	35270	26.60
1327	35030	26.40
1328	34784	26.19
1329	35648	26.82
1330	34543	25.97
1331	35222	26.46
1332	36367	27.30
1333	35509	26.64
1334	35265	26.44
1335	34620	25.93
1336	35011	26.21
1337	36171	27.05
1338	35180	26.29
1339	35392	26.43
1340	34780	25.96
1341	35321	26.34
1342	35706	26.61
1343	35249	26.25
1344	35311	26.27
1345	35777	26.60
1346	39933	29.67
1347	37556	27.88
1348	35832	26.58
1349	35445	26.28
1350	42497	31.48
1351	35691	26.42
1352	35847	26.51
1353	35440	26.19
1354	42973	31.74
1355	41341	30.51
1356	40444	29.83
1357	41838	30.83
1358	40758	30.01
1359	40751	29.99
1360	40424	29.72
1361	40862	30.02
1362	40887	30.02
1363	40332	29.59
1364	40009	29.33
1365	41863	30.67
1366	40818	29.88
1367	40907	29.92
1368	40808	29.83
1369	40552	29.62
1370	41048	29.96
1371	40468	29.52
1372	41194	30.02
1373	40812	29.72
1374	40369	29.38
1375	40363	29.35
1376	41086	29.86
1377	41050	29.81
1378	40370	29.30
1379	40755	29.55
1380	42345	30.68
1381	41180	29.82
1382	41664	30.15
1383	40617	29.37
1384	41240	29.80
1385	42151	30.43
1386	41054	29.62
1387	41089	29.62
1388	41214	29.69
1389	41171	29.64
1390	40834	29.38
1391	41184	29.61
1392	41817	30.04
1393	41296	29.65
1394	41728	29.93
1395	41316	29.62
1396	40944	29.33
1397	41794	29.92
1398	41887	29.96
1399	41636	29.76
1400	41556	29.68
1401	41167	29.38
1402	41629	29.69
1403	41635	29.68
1404	41550	29.59
1405	42059	29.94
1406	41320	29.39
1407	41663	29.61
1408	42347	30.08
1409	41515	29.46
1410	42150	29.89
1411	41845	29.66
1412	41878	29.66
1413	41605	29.44
1414	42335	29.94
1415	43707	30.89
1416	42777	30.21
1417	42385	29.91
1418	41906	29.55
1419	42068	29.65
1420	42530	29.95
1421	42087	29.62
1422	42535	29.91
1423	42496	29.86
1424	46292	32.51
1425	42722	29.98
1426	41998	29.45
1427	42333	29.67
1428	43021	30.13
1429	42705	29.88
1430	42935	30.02
1431	42542	29.73
1432	42851	29.92
1433	42864	29.91
1434	42314	29.51
1435	42868	29.87
1436	42634	29.69
1437	43130	30.01
1438	43097	29.97
1439	42065	29.23
1440	42865	29.77
1441	43155	29.95
1442	42674	29.59
1443	45295	31.39
1444	46728	32.36
1445	43065	29.80
1446	43195	29.87
1447	47656	32.93
1448	43021	29.71
1449	43215	29.82
1450	43381	29.92
1451	44422	30.61
1452	43919	30.25
1453	43271	29.78
1454	43241	29.74
1455	43870	30.15
1456	43069	29.58
1457	44092	30.26
1458	44362	30.43
1459	43299	29.68
1460	43436	29.75
1461	43000	29.43
1462	43183	29.54
1463	43499	29.73
1464	43407	29.65
1465	43618	29.77
1466	44615	30.43
1467	43379	29.57
1468	52786	35.96
1469	43845	29.85
1470	44006	29.94
1471	44119	29.99
1472	43881	29.81
1473	44518	30.22
1474	44726	30.34
1475	44099	29.90
1476	44684	30.27
1477	44099	29.86
1478	44051	29.80
1479	44468	30.07
1480	44541	30.10
1481	44356	29.95
1482	44537	30.05
1483	43906	29.61
1484	45159	30.43
1485	44306	29.84
1486	44543	29.98
1487	44976	30.25
1488	44363	29.81
1489	44103	29.62
1490	44875	30.12
1491	53866	36.13
1492	46888	31.43
1493	45269	30.32
1494	45126	30.20
1495	45495	30.43
1496	45491	30.41
1497	45071	30.11
1498	45840	30.60
1499	45092	30.08
1500	47444	31.63
1501	44809	29.85
1502	45465	30.27
1503	45303	30.14
1504	44528	29.61
1505	44467	29.55
1506	45443	30.17
1507	45371	30.11
1508	45721	30.32
1509	45611	30.23
1510	45886	30.39
1511	46009	30.45
1512	46022	30.44
1513	45836	30.29
1514	47044	31.07
1515	46939	30.98
1516	46563	30.71
1517	53758	35.44
1518	45504	29.98
1519	46153	30.38
1520	46326	30.48
1521	46191	30.37
1522	45763	30.07
1523	45340	29.77
1524	46255	30.35
1525	46241	30.32
1526	45753	29.98
1527	46496	30.45
1528	46019	30.12
1529	46445	30.38
1530	45914	30.01
1531	45866	29.96
1532	46560	30.39
1533	46378	30.25
1534	45959	29.96
1535	46111	30.04
1536	46092	30.01
1537	51434	33.46
1538	49561	32.22
1539	46244	30.05
1540	46362	30.11
1541	46491	30.17
1542	46538	30.18
1543	46996	30.46
1544	47198	30.57
1545	46882	30.34
1546	47063	30.44
1547	46401	29.99
1548	47380	30.61
1549	47084	30.40
1550	46998	30.32
1551	47375	30.54
1552	46632	30.05
1553	46742	30.10
1554	47901	30.82
1555	46956	30.20
1556	56208	36.12
1557	47320	30.39
1558	49036	31.47
1559	47229	30.29
1560	46846	30.03
1561	47039	30.13
1562	47690	30.53
1563	47533	30.41
1564	47456	30.34
1565	47292	30.22
1566	47307	30.21
1567	46990	29.99
1568	47938	30.57
1569	47128	30.04
1570	47723	30.40
1571	47371	30.15
1572	47084	29.95
1573	47538	30.22
1574	47685	30.30
1575	47617	30.23
1576	47871	30.38
1577	48012	30.45
1578	47962	30.39
1579	47923	30.35
1580	47191	29.87
1581	45431	28.74
1582	43102	27.25
1583	42439	26.81
1584	43438	27.42
1585	42800	27.00
1586	42825	27.00
1587	42608	26.85
1588	42509	26.77
1589	43564	27.42
1590	43180	27.16
1591	42640	26.80
1592	43001	27.01
1593	43049	27.02
1594	42892	26.91
1595	43674	27.38
1596	42867	26.86
1597	42930	26.88
1598	43684	27.34
1599	42882	26.82
1600	43035	26.90
1601	43700	27.30
1602	43023	26.86
1603	43667	27.24
1604	43706	27.25
1605	42876	26.71
1606	43333	26.98
1607	44796	27.88
1608	43367	26.97
1609	42928	26.68
1610	42888	26.64
1611	44123	27.39
1612	46687	28.96
1613	43566	27.01
1614	43523	26.97
1615	43456	26.91
1616	43223	26.75
1617	43044	26.62
1618	53442	33.03
1619	43370	26.79
1620	43490	26.85
1621	43696	26.96
1622	43590	26.87
1623	46339	28.55
1624	44756	27.56
1625	44918	27.64
1626	43859	26.97
1627	43394	26.67
1628	44218	27.16
1629	43742	26.85
1630	43698	26.81
1631	43886	26.91
1632	43838	26.86
1633	48297	29.58
1634	43749	26.77
1635	43478	26.59
1636	44663	27.30
1637	44149	26.97
1638	54877	33.50
1639	44994	27.45
1640	44126	26.91
1641	44854	27.33
1642	44586	27.15
1643	44134	26.86
1644	44173	26.87
1645	44080	26.80
1646	45430	27.60
1647	44297	26.90
1648	44522	27.02
1649	45987	27.89
1650	44820	27.16
1651	44448	26.92
1652	44419	26.89
1653	44389	26.85
1654	44750	27.06
1655	45089	27.24
1656	44308	26.76
1657	45210	27.28
1658	44557	26.87
1659	45196	27.24
1660	44792	26.98
1661	45144	27.18
1662	44760	26.93
1663	45426	27.32
1664	51001	30.65
1665	50453	30.30
1666	51134	30.69
1667	51676	31.00
1668	51059	30.61
1669	51663	30.95
1670	51143	30.62
1671	50970	30.50
1672	51510	30.81
1673	51431	30.74
1674	51196	30.58
1675	51100	30.51
1676	51289	30.60
1677	51213	30.54
1678	51250	30.54
1679	50855	30.29
1680	51592	30.71
1681	52200	31.05
1682	50708	30.15
1683	51589	30.65
1684	51037	30.31
1685	52061	30.90
1686	51347	30.45
1687	52056	30.86
1688	51271	30.37
1689	52135	30.87
1690	59739	35.35
1691	51397	30.39
1692	51917	30.68
1693	51263	30.28
1694	51203	30.23
1695	51674	30.49
1696	52649	31.04
1697	51569	30.39
1698	51437	30.29
1699	52439	30.86
1700	52377	30.81
1701	52250	30.72
1702	52033	30.57
1703	51623	30.31
1704	52127	30.59
1705	52162	30.59
1706	53445	31.33
1707	51851	30.38
1708	52089	30.50
1709	54019	31.61
1710	52376	30.63
1711	52815	30.87
1712	54336	31.74
1713	52600	30.71
1714	52474	30.61
1715	52417	30.56
1716	52658	30.69
1717	53474	31.14
1718	52585	30.61
1719	51800	30.13
1720	52682	30.63
1721	52742	30.65
1722	52591	30.54
1723	47595	27.62
1724	47008	27.27
1725	46867	27.17
1726	46864	27.15
1727	48692	28.19
1728	47228	27.33
1729	46767	27.05
1730	46668	26.98
1731	48022	27.74
1732	48275	27.87
1733	47696	27.52
1734	46897	27.05
1735	46889	27.03
1736	47228	27.21
1737	47866	27.56
1738	48406	27.85
1739	46976	27.01
1740	47705	27.42
1741	48385	27.79
1742	47869	27.48
1743	48334	27.73
1744	47400	27.18
1745	47068	26.97
1746	46658	26.72
1747	48134	27.55
1748	47426	27.13
1749	47656	27.25
1750	48118	27.50
1751	47860	27.33
1752	47867	27.32
1753	48420	27.62
1754	48191	27.47
1755	47317	26.96
1756	49007	27.91
1757	48614	27.67
1758	53041	30.17
1759	47904	27.23
1760	48351	27.47
1761	48016	27.27
1762	48247	27.38
1763	49820	28.26
1764	48223	27.34
1765	48269	27.35
1766	48071	27.22
1767	48261	27.31
1768	56597	32.01
1769	49403	27.93
1770	48594	27.45
1771	48083	27.15
1772	54779	30.91
1773	48134	27.15
1774	48653	27.43
1775	47435	26.72
1776	49898	28.10
1777	48192	27.12
1778	48602	27.34
1779	48127	27.05
1780	48640	27.33
1781	47746	26.81
1782	49789	27.94
1783	51859	29.09
1784	48165	27.00
1785	48161	26.98
1786	48768	27.31
1787	48080	26.91
1788	59464	33.26
1789	49247	27.53
1790	49122	27.44
1791	49242	27.49
1792	48613	27.13
1793	48595	27.10
1794	48373	26.96
1795	49396	27.52
1796	48655	27.09
1797	49542	27.57
1798	48783	27.13
1799	50437	28.04
1800	49844	27.69
1801	49613	27.55
1802	49421	27.43
1803	49479	27.44
1804	50086	27.76
1805	49405	27.37
1806	49535	27.43
1807	50104	27.73
1808	48981	27.09
1809	49466	27.34
1810	50794	28.06
1811	49302	27.22
1812	49408	27.27
1813	50543	27.88
1814	49324	27.19
1815	49381	27.21
1816	50758	27.95
1817	53530	29.46
1818	49713	27.34
1819	49997	27.49
1820	49340	27.11
1821	49623	27.25
1822	49326	27.07
1823	50045	27.45
1824	51140	28.04
1825	50515	27.68
1826	51107	27.99
1827	50285	27.52
1828	49600	27.13
1829	49877	27.27
1830	49430	27.01
1831	49698	27.14
1832	57909	31.61
1833	54535	29.75
1834	50635	27.61
1835	50648	27.60
1836	51389	27.99
1837	50279	27.37
1838	50261	27.35
1839	50698	27.57
1840	49702	27.01
1841	50524	27.44
1842	50613	27.48
1843	50744	27.53
1844	50827	27.56
1845	50918	27.60
1846	50875	27.56
1847	50707	27.45
1848	50981	27.59
1849	50610	27.37
1850	51618	27.90
1851	51236	27.68
1852	50190	27.10
1853	51219	27.64
1854	51360	27.70
1855	50539	27.24
1856	51156	27.56
1857	50662	27.28
1858	50942	27.42
1859	55684	29.95
1860	50758	27.29
1861	50968	27.39
1862	51132	27.46
1863	50800	27.27
1864	51840	27.81
1865	51094	27.40
1866	52400	28.08
1867	52329	28.03
1868	56975	30.50
1869	51256	27.42
1870	51016	27.28
1871	50908	27.21
1872	51751	27.64
1873	51614	27.56
1874	52009	27.75
1875	53249	28.40
1876	51421	27.41
1877	51533	27.45
1878	51532	27.44
1879	51825	27.58
1880	51401	27.34
1881	51510	27.38
1882	51737	27.49
1883	51412	27.30
1884	51493	27.33
1885	52234	27.71
1886	52154	27.65
1887	51726	27.41
1888	52085	27.59
1889	53099	28.11
1890	51639	27.32
1891	51850	27.42
1892	52071	27.52
1893	51698	27.31
1894	52184	27.55
1895	52441	27.67
1896	52098	27.48
1897	60219	31.74
1898	52106	27.45
1899	52546	27.67
1900	51896	27.31
1901	52713	27.73
1902	52421	27.56
1903	53054	27.88
1904	52711	27.68
1905	52299	27.45
1906	52886	27.75
1907	53077	27.83
1908	52348	27.44
1909	52635	27.57
1910	54336	28.45
1911	52625	27.54
1912	54867	28.70
1913	52434	27.41
1914	53865	28.14
1915	52834	27.59
1916	53199	27.77
1917	53099	27.70
1918	53380	27.83
1919	58569	30.52
1920	53101	27.66
1921	56826	29.58
1922	54241	28.22
1923	53840	28.00
1924	52762	27.42
1925	147534	76.64
1926	55167	28.64
1927	54117	28.08
1928	54429	28.23
1929	56177	29.12
1930	55507	28.76
1931	55077	28.52
1932	54993	28.46
1933	54898	28.40
1934	80790	41.77
1935	86794	44.85
1936	61415	31.72
1937	57158	29.51
1938	54373	28.06
1939	54727	28.22
1940	52768	27.20
1941	55780	28.74
1942	54417	28.02
1943	55222	28.42
1944	56372	29.00
1945	54396	27.97
1946	57809	29.71
1947	54543	28.01
1948	54229	27.84
1949	55255	28.35
1950	54487	27.94
1951	53833	27.59
1952	55244	28.30
1953	54202	27.75
1954	53694	27.48
1955	257234	131.58
1956	53554	27.38
1957	55408	28.31
1958	53304	27.22
1959	53303	27.21
1960	59890	30.56
1961	55055	28.07
1962	55259	28.16
1963	55058	28.05
1964	53651	27.32
1965	54447	27.71
1966	54472	27.71
1967	54346	27.63
1968	53985	27.43
1969	54414	27.64
1970	53668	27.24
1971	54302	27.55
1972	54826	27.80
1973	54860	27.81
1974	56597	28.67
1975	54064	27.37
1976	54307	27.48
1977	55060	27.85
1978	55867	28.24
1979	54206	27.39
1980	55809	28.19
1981	54957	27.74
1982	54724	27.61
1983	54577	27.52
1984	58282	29.38
1985	54263	27.34
1986	54450	27.42
1987	54595	27.48
1988	55192	27.76
1989	55962	28.14
1990	54207	27.24
1991	54989	27.62
1992	54786	27.50
1993	54568	27.38
1994	54711	27.44
1995	54943	27.54
1996	54973	27.54
1997	55090	27.59
1998	55803	27.93
1999	57337	28.68
2000	64041	32.02
2001	58252	29.11
2002	54486	27.22
2003	55748	27.83
2004	55146	27.52
2005	55060	27.46
2006	56339	28.09
2007	55341	27.57
2008	55245	27.51
2009	55427	27.59
2010	55593	27.66
2011	57978	28.83
2012	55983	27.82
2013	55899	27.77
2014	56105	27.86
2015	56317	27.95
2016	55151	27.36
2017	55502	27.52
2018	55237	27.37
2019	60908	30.17
2020	55889	27.67
2021	55734	27.58
2022	55817	27.60
2023	55647	27.51
2024	55624	27.48
2025	56646	27.97
2026	55570	27.43
2027	55680	27.47
2028	56251	27.74
2029	56360	27.78
2030	57189	28.17
2031	56267	27.70
2032	55841	27.48
2033	56296	27.69
2034	56145	27.60
2035	56579	27.80
2036	55911	27.46
2037	55970	27.48
2038	56236	27.59
2039	57263	28.08
2040	57927	28.40
2041	55896	27.39
2042	63412	31.05
2043	59961	29.35
2044	56046	27.42
2045	56608	27.68
2046	56676	27.70
2047	56316	27.51
2048	57256	27.96
2049	56840	27.74
2050	62908	30.69
2051	56678	27.63
2052	59650	29.07
2053	56052	27.30
2054	57403	27.95
2055	56252	27.37
2056	57728	28.08
2057	60706	29.51
2058	56383	27.40
2059	57504	27.93
2060	58975	28.63
2061	58124	28.20
2062	56399	27.35
2063	60197	29.18
2064	61658	29.87
2065	59334	28.73
2066	58593	28.36
2067	58385	28.25
2068	58885	28.47
2069	59014	28.52
2070	57183	27.62
2071	56716	27.39
2072	56489	27.26
2073	57876	27.92
2074	56718	27.35
2075	56759	27.35
2076	58324	28.09
2077	57451	27.66
2078	56854	27.36
2079	57470	27.64
2080	57468	27.63
2081	58389	28.06
2082	57629	27.68
2083	58517	28.09
2084	58631	28.13
2085	59012	28.30
2086	58108	27.86
2087	58106	27.84
2088	57053	27.32
2089	57482	27.52
2090	61521	29.44
2091	57359	27.43
2092	61595	29.44
2093	59163	28.27
2094	66705	31.86
2095	58354	27.85
2096	58367	27.85
2097	57793	27.56
2098	58307	27.79
2099	58414	27.83
2100	58815	28.01
2101	58452	27.82
2102	58185	27.68
2103	58554	27.84
2104	57915	27.53
2105	57916	27.51
2106	61959	29.42
2107	58498	27.76
2108	58242	27.63
2109	58620	27.80
2110	58869	27.90
2111	58621	27.77
2112	58649	27.77
2113	58397	27.64
2114	58043	27.46
2115	58395	27.61
2116	58271	27.54
2117	59617	28.16
2118	58835	27.78
2119	58786	27.74
2120	58872	27.77
2121	59088	27.86
2122	63516	29.93
2123	58995	27.79
2124	59044	27.80
2125	59579	28.04
2126	59834	28.14
2127	59311	27.88
2128	59519	27.97
2129	59236	27.82
2130	59113	27.75
2131	59018	27.69
2132	58779	27.57
2133	58833	27.58
2134	59254	27.77
2135	59730	27.98
2136	59387	27.80
2137	59074	27.64
2138	75339	35.24
2139	62942	29.43
2140	58907	27.53
2141	59303	27.70
2142	58851	27.47
2143	59115	27.59
2144	59855	27.92
2145	59448	27.71
2146	59736	27.84
2147	59133	27.54
2148	60369	28.10
2149	60425	28.12
2150	59856	27.84
2151	59910	27.85
2152	59669	27.73
2153	60868	28.27
2154	59961	27.84
2155	60076	27.88
2156	59842	27.76
2157	61105	28.33
2158	60303	27.94
2159	60894	28.20
2160	60534	28.02
2161	60234	27.87
2162	59504	27.52
2163	59427	27.47
2164	60783	28.09
2165	64412	29.75
2166	60395	27.88
2167	60173	27.77
2168	60099	27.72
2169	61891	28.53
2170	62401	28.76
2171	60422	27.83
2172	62718	28.88
2173	60564	27.87
2174	60317	27.74
2175	60224	27.69
2176	61735	28.37
2177	61275	28.15
2178	64539	29.63
2179	62503	28.68
2180	61755	28.33
2181	61229	28.07
2182	60030	27.51
2183	61121	28.00
2184	60659	27.77
2185	61117	27.97
2186	60960	27.89
2187	62844	28.74
2188	63096	28.84
2189	61293	28.00
2190	60759	27.74
2191	60495	27.61
2192	61725	28.16
2193	61431	28.01
2194	60967	27.79
2195	61026	27.80
2196	60701	27.64
2197	63376	28.85
2198	62656	28.51
2199	61814	28.11
2200	61487	27.95
2201	60564	27.52
2202	60972	27.69
2203	61535	27.93
2204	60936	27.65
2205	61574	27.92
2206	60476	27.41
2207	61106	27.69
2208	61215	27.72
2209	61377	27.78
2210	63766	28.85
2211	69364	31.37
2212	62515	28.26
2213	61459	27.77
2214	62012	28.01
2215	62139	28.05
2216	60962	27.51
2217	63279	28.54
2218	67253	30.32
2219	70648	31.84
2220	69840	31.46
2221	70223	31.62
2222	69191	31.14
2223	70072	31.52
2224	69876	31.42
2225	70059	31.49
2226	70025	31.46
2227	69983	31.42
2228	75439	33.86
2229	69206	31.05
2230	69821	31.31
2231	71396	32.00
2232	70944	31.78
2233	70928	31.76
2234	70339	31.49
2235	70601	31.59
2236	69674	31.16
2237	70525	31.53
2238	71037	31.74
2239	70350	31.42
2240	72194	32.23
2241	70122	31.29
2242	70244	31.33
2243	70353	31.37
2244	70397	31.37
2245	73968	32.95
2246	77577	34.54
2247	70191	31.24
2248	70347	31.29
2249	71264	31.69
2250	70855	31.49
2251	70284	31.22
2252	70507	31.31
2253	71097	31.56
2254	72416	32.13
2255	70678	31.34
2256	70998	31.47
2257	70687	31.32
2258	76117	33.71
2259	71226	31.53
2260	70566	31.22
2261	71017	31.41
2262	71653	31.68
2263	71783	31.72
2264	71848	31.73
2265	71791	31.70
2266	71447	31.53
2267	71688	31.62
2268	71999	31.75
2269	70940	31.26
2270	71356	31.43
2271	71677	31.56
2272	72596	31.95
2273	71527	31.47
2274	71558	31.47
2275	72843	32.02
2276	71271	31.31
2277	71959	31.60
2278	72469	31.81
2279	72541	31.83
2280	71667	31.43
2281	73034	32.02
2282	71993	31.55
2283	72172	31.61
2284	73627	32.24
2285	73006	31.95
2286	79279	34.68
2287	73321	32.06
2288	72612	31.74
2289	72041	31.47
2290	72307	31.58
2291	72112	31.48
2292	74239	32.39
2293	73282	31.96
2294	71906	31.35
2295	73270	31.93
2296	72253	31.47
2297	72896	31.74
2298	72988	31.76
2299	72460	31.52
2300	73423	31.92
2301	71970	31.28
2302	72529	31.51
2303	72327	31.41
2304	72123	31.30
2305	72469	31.44
2306	72175	31.30
2307	72957	31.62
2308	74409	32.24
2309	73377	31.78
2310	73319	31.74
2311	76513	33.11
2312	73204	31.66
2313	72317	31.27
2314	73026	31.56
2315	72339	31.25
2316	73413	31.70
2317	72818	31.43
2318	73826	31.85
2319	73751	31.80
2320	72517	31.26
2321	73222	31.55
2322	73333	31.58
2323	72961	31.41
2324	73380	31.57
2325	72832	31.33
2326	73162	31.45
2327	73169	31.44
2328	74016	31.79
2329	72968	31.33
2330	73817	31.68
2331	73419	31.50
2332	73429	31.49
2333	72842	31.22
2334	73262	31.39
2335	73562	31.50
2336	73712	31.55
2337	73209	31.33
2338	73978	31.64
2339	82201	35.14
2340	73161	31.27
2341	73564	31.42
2342	73678	31.46
2343	74145	31.65
2344	73733	31.46
2345	73531	31.36
2346	74055	31.57
2347	73540	31.33
2348	73587	31.34
2349	76472	32.56
2350	74478	31.69
2351	73997	31.47
2352	73847	31.40
2353	74400	31.62
2354	73646	31.29
2355	74367	31.58
2356	74907	31.79
2357	75054	31.84
2358	74691	31.68
2359	76164	32.29
2360	74793	31.69
2361	74678	31.63
2362	74170	31.40
2363	75004	31.74
2364	76286	32.27
2365	74947	31.69
2366	75878	32.07
2367	75360	31.84
2368	74518	31.47
2369	75120	31.71
2370	75415	31.82
2371	74187	31.29
2372	74584	31.44
2373	77525	32.67
2374	74611	31.43
2375	75613	31.84
2376	75443	31.75
2377	74951	31.53
2378	75240	31.64
2379	75049	31.55
2380	75388	31.68
2381	82332	34.58
2382	74228	31.16
2383	74600	31.31
2384	75465	31.65
2385	75759	31.76
2386	76046	31.87
2387	79145	33.16
2388	75431	31.59
2389	75427	31.57
2390	75711	31.68
2391	75448	31.55
2392	76056	31.80
2393	75323	31.48
2394	74877	31.28
2395	75416	31.49
2396	76118	31.77
2397	75350	31.44
2398	76253	31.80
2399	76522	31.90
2400	76429	31.85
2401	75200	31.32
2402	75158	31.29
2403	75559	31.44
2404	76869	31.98
2405	76504	31.81
2406	76425	31.76
2407	75837	31.51
2408	80975	33.63
2409	72119	29.94
2410	69198	28.71
2411	68908	28.58
2412	69567	28.84
2413	68503	28.39
2414	67947	28.15
2415	69038	28.59
2416	68419	28.32
2417	68896	28.50
2418	68058	28.15
2419	70427	29.11
2420	67748	28.00
2421	68981	28.49
2422	68227	28.17
2423	67672	27.93
2424	68822	28.39
2425	67736	27.93
2426	67567	27.85
2427	68488	28.22
2428	67601	27.84
2429	68324	28.13
2430	67791	27.90
2431	67877	27.92
2432	71044	29.21
2433	69250	28.46
2434	68429	28.11
2435	68096	27.97
2436	67885	27.87
2437	70018	28.73
2438	69288	28.42
2439	68487	28.08
2440	67710	27.75
2441	68450	28.04
2442	69068	28.28
2443	68235	27.93
2444	69672	28.51
2445	72743	29.75
2446	68432	27.98
2447	68993	28.19
2448	68492	27.98
2449	68604	28.01
2450	68180	27.83
2451	68300	27.87
2452	69689	28.42
2453	68895	28.09
2454	68727	28.01
2455	68841	28.04
2456	69193	28.17
2457	68338	27.81
2458	68663	27.93
2459	69578	28.30
2460	68702	27.93
2461	69430	28.21
2462	76677	31.14
2463	69230	28.11
2464	69171	28.07
2465	69536	28.21
2466	70244	28.48
2467	77509	31.42
2468	69492	28.16
2469	68995	27.94
2470	69929	28.31
2471	69087	27.96
2472	69998	28.32
2473	72828	29.45
2474	69234	27.98
2475	69289	28.00
2476	69184	27.94
2477	77126	31.14
2478	76937	31.05
2479	69826	28.17
2480	69549	28.04
2481	69330	27.94
2482	69433	27.97
2483	69564	28.02
2484	69745	28.08
2485	69579	28.00
2486	70281	28.27
2487	71175	28.62
2488	69904	28.10
2489	69032	27.73
2490	70255	28.21
2491	69708	27.98
2492	70180	28.16
2493	72026	28.89
2494	70678	28.34
2495	70026	28.07
2496	69707	27.93
2497	70172	28.10
2498	71232	28.52
2499	70222	28.10
2500	75048	30.02
2501	70280	28.10
2502	70151	28.04
2503	70386	28.12
2504	70448	28.13
2505	71271	28.45
2506	71303	28.45
2507	70447	28.10
2508	72690	28.98
2509	70087	27.93
2510	69845	27.83
2511	69694	27.76
2512	70307	27.99
2513	70647	28.11
2514	71704	28.52
2515	70735	28.13
2516	70258	27.92
2517	70016	27.82
2518	71573	28.42
2519	78432	31.14
2520	70729	28.07
2521	70416	27.93
2522	70673	28.02
2523	71124	28.19
2524	70652	27.99
2525	72499	28.71
2526	71148	28.17
2527	74577	29.51
2528	70610	27.93
2529	70821	28.00
2530	71226	28.15
2531	73617	29.09
2532	70500	27.84
2533	72353	28.56
2534	74539	29.42
2535	71833	28.34
2536	71204	28.08
2537	72367	28.52
2538	71563	28.20
2539	71429	28.13
2540	71236	28.05
2541	71192	28.02
2542	71941	28.30
2543	71553	28.14
2544	71594	28.14
2545	71412	28.06
2546	72543	28.49
2547	71496	28.07
2548	71550	28.08
2549	71801	28.17
2550	72732	28.52
2551	71826	28.16
2552	74104	29.04
2553	75077	29.41
2554	72123	28.24
2555	71980	28.17
2556	79631	31.15
2557	79009	30.90
2558	71902	28.11
2559	73089	28.56
2560	71960	28.11
2561	71852	28.06
2562	72353	28.24
2563	71753	28.00
2564	71988	28.08
2565	72619	28.31
2566	75429	29.40
2567	72133	28.10
2568	72013	28.04
2569	72712	28.30
2570	72383	28.16
2571	71606	27.85
2572	72635	28.24
2573	72666	28.24
2574	72692	28.24
2575	80012	31.07
2576	72458	28.13
2577	73799	28.64
2578	72754	28.22
2579	72518	28.12
2580	73023	28.30
2581	72469	28.08
2582	73194	28.35
2583	73348	28.40
2584	73819	28.57
2585	74304	28.74
2586	72845	28.17
2587	74026	28.61
2588	72911	28.17
2589	71445	27.60
2590	75358	29.10
2591	72613	28.03
2592	74370	28.69
2593	72016	27.77
2594	72866	28.09
2595	73357	28.27
2596	73338	28.25
2597	73277	28.22
2598	79052	30.43
2599	72370	27.85
2600	74787	28.76
2601	72007	27.68
2602	83404	32.05
2603	74063	28.45
2604	72316	27.77
2605	74755	28.70
2606	80426	30.86
2607	74257	28.48
2608	75663	29.01
2609	75419	28.91
2610	75712	29.01
2611	74363	28.48
2612	79274	30.35
2613	74927	28.67
2614	74085	28.34
2615	73938	28.27
2616	80448	30.75
2617	74223	28.36
2618	73686	28.15
2619	73061	27.90
2620	73667	28.12
2621	74560	28.45
2622	73753	28.13
2623	73278	27.94
2624	74693	28.47
2625	73973	28.18
2626	75321	28.68
2627	77235	29.40
2628	74001	28.16
2629	74334	28.27
2630	74282	28.24
2631	73807	28.05
2632	74385	28.26
2633	74200	28.18
2634	72945	27.69
2635	73849	28.03
2636	74165	28.14
2637	74247	28.16
2638	74934	28.41
2639	75420	28.58
2640	74812	28.34
2641	74007	28.02
2642	74732	28.29
2643	74302	28.11
2644	74819	28.30
2645	81997	31.00
2646	73246	27.68
2647	74408	28.11
2648	74937	28.30
2649	74934	28.29
2650	74208	28.00
2651	75329	28.42
2652	77136	29.09
2653	74277	28.00
2654	74863	28.21
2655	74162	27.93
2656	74635	28.10
2657	75214	28.31
2658	75316	28.34
2659	75361	28.34
2660	75234	28.28
2661	74887	28.14
2662	75272	28.28
2663	75081	28.19
2664	78772	29.57
2665	75620	28.38
2666	75626	28.37
2667	75315	28.24
2668	75218	28.19
2669	75266	28.20
2670	75255	28.19
2671	74639	27.94
2672	75332	28.19
2673	74931	28.03
2674	75238	28.14
2675	75161	28.10
2676	83349	31.15
2677	79046	29.53
2678	75322	28.13
2679	83601	31.21
2680	75680	28.24
2681	75580	28.19
2682	75226	28.05
2683	76611	28.55
2684	75842	28.26
2685	76335	28.43
2686	76352	28.43
2687	75298	28.02
2688	75617	28.13
2689	78934	29.35
2690	76566	28.46
2691	75911	28.21
2692	75897	28.19
2693	75567	28.06
2694	76083	28.24
2695	75652	28.07
2696	79008	29.31
2697	76619	28.41
2698	75959	28.15
2699	76663	28.40
2700	77091	28.55
2701	75770	28.05
2702	77105	28.54
2703	88573	32.77
2704	78070	28.87
2705	77986	28.83
2706	77421	28.61
2707	77759	28.73
2708	75708	27.96
2709	76936	28.40
2710	77038	28.43
2711	76873	28.36
2712	77196	28.46
2713	76285	28.12
2714	77397	28.52
2715	76152	28.05
2716	85168	31.36
2717	76433	28.13
2718	76772	28.25
2719	77198	28.39
2720	76669	28.19
2721	76367	28.07
2722	77523	28.48
2723	76203	27.98
2724	76660	28.14
2725	77035	28.27
2726	76754	28.16
2727	76454	28.04
2728	76828	28.16
2729	77456	28.38
2730	77367	28.34
2731	76615	28.05
2732	76810	28.11
2733	76969	28.16
2734	76694	28.05
2735	77196	28.23
2736	76472	27.95
2737	76541	27.97
2738	77245	28.21
2739	77007	28.12
2740	77334	28.22
2741	85157	31.07
2742	77420	28.23
2743	83995	30.62
2744	77898	28.39
2745	77529	28.24
2746	81555	29.70
2747	78112	28.44
2748	84524	30.76
2749	77241	28.10
2750	76889	27.96
2751	76834	27.93
2752	78943	28.69
2753	77163	28.03
2754	78224	28.40
2755	77446	28.11
2756	78302	28.41
2757	77642	28.16
2758	82397	29.88
2759	77530	28.10
2760	77597	28.11
2761	78087	28.28
2762	78307	28.35
2763	78647	28.46
2764	78328	28.34
2765	78147	28.26
2766	78709	28.46
2767	78340	28.31
2768	78462	28.35
2769	78283	28.27
2770	79068	28.54
2771	77460	27.95
2772	78926	28.47
2773	77684	28.01
2774	78477	28.29
2775	78044	28.12
2776	79785	28.74
2777	78618	28.31
2778	78524	28.27
2779	268491	96.61
2780	78928	28.39
2781	78287	28.15
2782	78145	28.09
2783	79655	28.62
2784	78436	28.17
2785	79497	28.54
2786	79199	28.43
2787	79079	28.37
2788	78858	28.28
2789	79101	28.36
2790	79088	28.35
2791	79172	28.37
2792	80294	28.76
2793	79748	28.55
2794	78601	28.13
2795	79402	28.41
2796	81135	29.02
2797	79876	28.56
2798	79976	28.58
2799	80623	28.80
2800	79325	28.33
2801	79321	28.32
2802	78673	28.08
2803	80243	28.63
2804	79460	28.34
2805	82060	29.25
2806	81438	29.02
2807	80574	28.70
2808	80314	28.60
2809	79231	28.21
2810	80005	28.47
2811	79825	28.40
2812	79972	28.44
2813	79064	28.11
2814	79770	28.35
2815	79935	28.40
2816	80104	28.45
2817	80271	28.50
2818	79917	28.36
2819	80330	28.50
2820	79432	28.17
2821	79520	28.19
2822	81120	28.75
2823	91009	32.24
2824	90543	32.06
2825	79507	28.14
2826	79727	28.21
2827	80536	28.49
2828	79580	28.14
2829	80717	28.53
2830	79755	28.18
2831	83280	29.42
2832	80755	28.52
2833	79629	28.11
2834	80831	28.52
2835	79816	28.15
2836	80397	28.35
2837	80080	28.23
2838	80528	28.37
2839	87519	30.83
2840	80331	28.29
2841	80836	28.45
2842	80334	28.27
2843	80667	28.37
2844	80197	28.20
2845	81440	28.63
2846	79961	28.10
2847	80394	28.24
2848	80949	28.42
2849	80621	28.30
2850	80505	28.25
2851	81107	28.45
2852	82544	28.94
2853	80457	28.20
2854	80932	28.36
2855	80635	28.24
2856	80638	28.23
2857	80985	28.35
2858	81475	28.51
2859	81574	28.53
2860	80426	28.12
2861	80988	28.31
2862	80530	28.14
2863	80605	28.15
2864	83654	29.21
2865	80730	28.18
2866	81641	28.49
2867	80642	28.13
2868	81374	28.37
2869	88771	30.94
2870	81052	28.24
2871	81382	28.35
2872	81725	28.46
2873	81143	28.24
2874	83921	29.20
2875	82875	28.83
2876	82137	28.56
2877	82440	28.65
2878	81457	28.30
2879	83855	29.13
2880	84246	29.25
2881	80674	28.00
2882	84058	29.17
2883	82621	28.66
2884	81810	28.37
2885	82289	28.52
2886	82175	28.47
2887	80849	28.00
2888	80905	28.01
2889	80817	27.97
2890	81173	28.09
2891	82412	28.51
2892	81460	28.17
2893	80919	27.97
2894	80896	27.95
2895	80877	27.94
2896	82012	28.32
2897	83202	28.72
2898	81368	28.08
2899	82717	28.53
2900	84225	29.04
2901	82449	28.42
2902	83215	28.68
2903	90558	31.19
2904	82201	28.31
2905	82638	28.45
2906	83406	28.70
2907	84682	29.13
2908	83610	28.75
2909	83291	28.63
2910	82748	28.44
2911	81843	28.12
2912	83750	28.76
2913	81356	27.93
2914	83689	28.72
2915	84026	28.83
2916	81923	28.09
2917	83030	28.46
2918	81361	27.88
2919	83137	28.48
2920	81993	28.08
2921	83906	28.73
2922	82887	28.37
2923	82332	28.17
2924	82800	28.32
2925	83208	28.45
2926	81794	27.95
2927	91655	31.31
2928	86967	29.70
2929	82448	28.15
2930	82616	28.20
2931	82703	28.22
2932	86474	29.49
2933	83301	28.40
2934	82934	28.27
2935	82886	28.24
2936	83923	28.58
2937	84076	28.63
2938	83151	28.30
2939	87347	29.72
2940	82888	28.19
2941	83323	28.33
2942	82837	28.16
2943	83723	28.45
2944	83434	28.34
2945	83653	28.41
2946	83300	28.28
2947	82947	28.15
2948	82729	28.06
2949	83316	28.25
2950	87633	29.71
2951	83298	28.23
2952	82799	28.05
2953	86378	29.25
2954	83530	28.28
2955	83922	28.40
2956	83711	28.32
2957	86318	29.19
2958	84572	28.59
2959	86158	29.12
2960	83991	28.38
2961	83813	28.31
2962	84592	28.56
2963	85121	28.73
2964	85220	28.75
2965	84698	28.57
2966	85950	28.98
2967	83946	28.29
2968	85293	28.74
2969	84626	28.50
2970	85008	28.62
2971	83816	28.21
2972	84025	28.27
2973	85314	28.70
2974	85493	28.75
2975	84660	28.46
2976	85131	28.61
2977	84779	28.48
2978	84916	28.51
2979	85143	28.58
2980	85000	28.52
2981	85262	28.60
2982	84940	28.48
2983	84966	28.48
2984	84563	28.34
2985	85909	28.78
2986	84845	28.41
2987	85042	28.47
2988	84456	28.27
2989	84907	28.41
2990	84838	28.37
2991	85002	28.42
2992	84658	28.29
2993	85458	28.55
2994	84545	28.24
2995	84965	28.37
2996	84671	28.26
2997	84343	28.14
2998	84698	28.25
2999	84850	28.29
3000	85934	28.64
3001	85462	28.48
3002	92303	30.75
3003	85416	28.44
3004	92404	30.76
3005	90103	29.98
3006	85108	28.31
3007	84770	28.19
3008	85208	28.33
3009	84800	28.18
3010	84943	28.22
3011	86216	28.63
3012	86158	28.60
3013	85266	28.30
3014	86040	28.55
3015	85061	28.21
3016	89142	29.56
3017	85674	28.40
3018	85914	28.47
3019	85356	28.27
3020	85600	28.34
3021	85256	28.22
3022	86953	28.77
3023	85037	28.13
3024	85834	28.38
3025	85552	28.28
3026	85740	28.33
3027	89583	29.59
3028	86098	28.43
3029	86198	28.46
3030	86158	28.43
3031	85904	28.34
3032	85546	28.21
3033	86592	28.55
3034	86733	28.59
3035	85960	28.32
3036	85479	28.16
3037	85391	28.12
3038	89862	29.58
3039	85948	28.28
3040	86298	28.39
3041	86376	28.40
3042	86314	28.37
3043	86178	28.32
3044	86146	28.30
3045	86062	28.26
3046	87007	28.56
3047	87071	28.58
3048	86080	28.24
3049	87887	28.82
3050	87103	28.56
3051	86843	28.46
3052	86154	28.23
3053	85703	28.07
3054	86980	28.48
3055	85126	27.86
3056	86291	28.24
3057	87016	28.46
3058	99115	32.41
3059	93941	30.71
3060	86651	28.32
3061	86357	28.21
3062	87183	28.47
3063	87059	28.42
3064	86446	28.21
3065	86722	28.29
3066	86949	28.36
3067	94467	30.80
3068	86278	28.12
3069	86414	28.16
3070	87088	28.37
3071	86520	28.17
3072	87152	28.37
3073	86917	28.28
3074	87455	28.45
3075	87504	28.46
3076	86850	28.23
3077	87732	28.51
3078	86729	28.18
3079	86523	28.10
3080	87961	28.56
3081	87012	28.24
3082	87151	28.28
3083	86734	28.13
3084	88294	28.63
3085	86487	28.03
3086	87022	28.20
3087	86607	28.06
3088	86920	28.15
3089	88048	28.50
3090	87120	28.19
3091	90758	29.36
3092	87613	28.34
3093	87747	28.37
3094	87454	28.27
3095	87775	28.36
3096	87831	28.37
3097	87696	28.32
3098	87138	28.13
3099	87818	28.34
3100	87894	28.35
3101	92656	29.88
3102	88083	28.40
3103	88095	28.39
3104	87627	28.23
3105	88608	28.54
3106	88956	28.64
3107	88974	28.64
3108	89172	28.69
3109	88029	28.31
3110	87891	28.26
3111	87305	28.06
3112	88612	28.47
3113	88712	28.50
3114	88065	28.28
3115	87955	28.24
3116	87933	28.22
3117	87745	28.15
3118	88785	28.47
3119	88461	28.36
3120	88584	28.39
3121	88129	28.24
3122	90477	28.98
3123	104480	33.46
3124	88961	28.48
3125	89772	28.73
3126	88514	28.32
3127	152611	48.80
3128	103046	32.94
3129	90182	28.82
3130	89070	28.46
3131	93914	29.99
3132	90619	28.93
3133	91742	29.28
3134	89752	28.64
3135	89227	28.46
3136	89949	28.68
3137	92407	29.46
3138	88945	28.34
3139	88977	28.35
3140	89602	28.54
3141	89365	28.45
3142	92078	29.31
3143	91399	29.08
3144	89996	28.62
3145	89241	28.38
3146	91541	29.10
3147	89715	28.51
3148	89377	28.39
3149	90657	28.79
3150	89168	28.31
3151	89980	28.56
3152	94558	30.00
3153	89574	28.41
3154	94817	30.06
3155	89707	28.43
3156	90142	28.56
3157	90683	28.72
3158	90492	28.65
3159	89345	28.28
3160	96073	30.40
3161	89972	28.46
3162	91416	28.91
3163	89699	28.36
3164	90375	28.56
3165	89439	28.26
3166	92525	29.22
3167	91565	28.91
3168	94382	29.79
3169	90016	28.41
3170	89794	28.33
3171	90355	28.49
3172	89854	28.33
3173	90481	28.52
3174	90057	28.37
3175	89792	28.28
3176	91961	28.95
3177	90438	28.47
3178	90291	28.41
3179	89559	28.17
3180	90267	28.39
3181	91974	28.91
3182	90225	28.35
3183	98289	30.88
3184	90537	28.43
3185	90126	28.30
3186	98381	30.88
3187	91230	28.63
3188	89874	28.19
3189	90790	28.47
3190	90250	28.29
3191	90605	28.39
3192	102204	32.02
3193	97586	30.56
3194	92879	29.08
3195	89816	28.11
3196	91319	28.57
3197	91641	28.66
3198	90619	28.34
3199	91014	28.45
3200	90813	28.38
3201	90464	28.26
3202	90812	28.36
3203	90402	28.22
3204	91746	28.63
3205	89672	27.98
3206	91572	28.56
3207	91808	28.63
3208	90760	28.29
3209	91257	28.44
3210	91388	28.47
3211	91392	28.46
3212	91737	28.56
3213	89977	28.00
3214	92301	28.72
3215	94371	29.35
3216	92073	28.63
3217	91898	28.57
3218	90220	28.04
3219	90595	28.14
3220	89957	27.94
3221	89965	27.93
3222	90005	27.93
3223	93510	29.01
3224	92786	28.78
3225	90097	27.94
3226	92150	28.56
3227	92599	28.70
3228	92454	28.64
3229	92471	28.64
3230	89965	27.85
3231	90527	28.02
3232	90429	27.98
3233	90031	27.85
3234	92011	28.45
3235	92016	28.44
3236	91604	28.31
3237	93891	29.01
3238	92142	28.46
3239	92373	28.52
3240	91996	28.39
3241	92108	28.42
3242	92709	28.60
3243	92959	28.66
3244	91571	28.23
3245	91586	28.22
3246	91944	28.33
3247	91518	28.19
3248	92517	28.48
3249	92912	28.60
3250	91561	28.17
3251	91419	28.12
3252	93406	28.72
3253	91164	28.02
3254	92138	28.32
3255	96557	29.66
3256	92574	28.43
3257	93006	28.56
3258	92371	28.35
3259	100543	30.85
3260	92228	28.29
3261	92807	28.46
3262	91844	28.16
3263	93833	28.76
3264	92270	28.27
3265	91928	28.16
3266	93142	28.52
3267	91899	28.13
3268	92427	28.28
3269	98479	30.13
3270	92060	28.15
3271	92334	28.23
3272	92417	28.24
3273	92988	28.41
3274	92846	28.36
3275	92848	28.35
3276	93652	28.59
3277	92102	28.11
3278	93569	28.54
3279	92758	28.29
3280	91944	28.03
3281	93341	28.45
3282	100799	30.71
3283	91712	27.94
3284	94599	28.81
3285	98229	29.90
3286	104677	31.86
3287	93656	28.49
3288	93933	28.57
3289	101209	30.77
3290	93449	28.40
3291	93304	28.35
3292	94589	28.73
3293	94437	28.68
3294	93286	28.32
3295	96751	29.36
3296	93121	28.25
3297	96634	29.31
3298	93228	28.27
3299	93872	28.45
3300	103048	31.23
3301	93866	28.44
3302	93219	28.23
3303	93746	28.38
3304	94007	28.45
3305	95488	28.89
3306	95607	28.92
3307	93852	28.38
3308	95430	28.85
3309	96313	29.11
3310	104527	31.58
3311	94585	28.57
3312	94916	28.66
3313	101900	30.76
3314	94408	28.49
3315	94613	28.54
3316	93823	28.29
3317	98043	29.56
3318	96813	29.18
3319	101779	30.67
3320	94836	28.57
3321	94764	28.53
3322	94524	28.45
3323	96532	29.05
3324	94707	28.49
3325	94668	28.47
3326	95456	28.70
3327	99722	29.97
3328	96167	28.90
3329	94979	28.53
3330	94254	28.30
3331	95569	28.69
3332	95177	28.56
3333	95804	28.74
3334	96299	28.88
3335	94611	28.37
3336	95648	28.67
3337	100114	30.00
3338	95566	28.63
3339	94439	28.28
3340	105574	31.61
3341	94779	28.37
3342	94929	28.40
3343	95348	28.52
3344	94937	28.39
3345	94038	28.11
3346	97165	29.04
3347	95438	28.51
3348	95566	28.54
3349	96825	28.91
3350	95357	28.46
3351	95053	28.37
3352	95628	28.53
3353	95299	28.42
3354	95207	28.39
3355	95452	28.45
3356	95315	28.40
3357	97977	29.19
3358	96379	28.70
3359	95530	28.44
3360	95725	28.49
3361	95257	28.34
3362	95417	28.38
3363	96422	28.67
3364	95727	28.46
3365	94962	28.22
3366	96550	28.68
3367	95068	28.24
3368	95357	28.31
3369	95975	28.49
3370	95797	28.43
3371	96266	28.56
3372	96687	28.67
3373	97377	28.87
3374	96666	28.65
3375	95921	28.42
3376	96102	28.47
3377	103762	30.73
3378	97478	28.86
3379	95376	28.23
3380	96437	28.53
3381	96615	28.58
3382	96679	28.59
3383	96975	28.67
3384	96433	28.50
3385	96468	28.50
3386	96519	28.51
3387	98271	29.01
3388	96094	28.36
3389	97047	28.64
3390	100095	29.53
3391	96476	28.45
3392	96265	28.38
3393	96244	28.37
3394	96654	28.48
3395	97094	28.60
3396	96669	28.47
3397	96616	28.44
3398	96754	28.47
3399	96871	28.50
3400	97370	28.64
3401	95953	28.21
3402	97397	28.63
3403	96606	28.39
3404	102793	30.20
3405	108709	31.93
3406	101641	29.84
3407	97047	28.48
3408	97406	28.58
3409	96521	28.31
3410	111145	32.59
3411	98563	28.90
3412	96733	28.35
3413	97113	28.45
3414	96899	28.38
3415	97017	28.41
3416	97655	28.59
3417	97099	28.42
3418	97087	28.40
3419	96625	28.26
3420	98338	28.75
3421	96778	28.29
3422	96970	28.34
3423	98415	28.75
3424	97399	28.45
3425	97218	28.38
3426	99281	28.98
3427	98254	28.67
3428	98054	28.60
3429	109223	31.85
3430	98649	28.76
3431	97786	28.50
3432	98279	28.64
3433	98620	28.73
3434	98199	28.60
3435	105252	30.64
3436	98706	28.73
3437	99183	28.86
3438	98854	28.75
3439	97905	28.47
3440	111031	32.28
3441	103979	30.22
3442	98027	28.48
3443	97878	28.43
3444	97432	28.29
3445	99045	28.75
3446	97784	28.38
3447	102830	29.83
3448	98622	28.60
3449	99048	28.72
3450	97864	28.37
3451	97912	28.37
3452	97586	28.27
3453	98207	28.44
3454	99285	28.74
3455	100779	29.17
3456	101472	29.36
3457	102260	29.58
3458	99317	28.72
3459	99656	28.81
3460	99197	28.67
3461	98935	28.59
3462	115242	33.29
3463	100377	28.99
3464	99569	28.74
3465	100896	29.12
3466	106618	30.76
3467	98944	28.54
3468	98750	28.47
3469	99228	28.60
3470	98914	28.51
3471	99867	28.77
3472	99040	28.53
3473	99573	28.67
3474	98970	28.49
3475	107692	30.99
3476	99143	28.52
3477	99326	28.57
3478	99036	28.47
3479	99431	28.58
3480	99067	28.47
3481	99644	28.63
3482	98690	28.34
3483	98969	28.41
3484	104000	29.85
3485	99301	28.49
3486	106220	30.47
3487	98621	28.28
3488	99754	28.60
3489	99314	28.46
3490	99028	28.37
3491	99961	28.63
3492	99805	28.58
3493	103382	29.60
3494	100121	28.66
3495	99365	28.43
3496	98822	28.27
3497	106000	30.31
3498	100393	28.70
3499	99774	28.52
3500	100424	28.69
3501	99766	28.50
3502	98871	28.23
3503	100310	28.64
3504	99440	28.38
3505	100296	28.62
3506	105841	30.19
3507	99994	28.51
3508	100039	28.52
3509	99994	28.50
3510	100282	28.57
3511	99955	28.47
3512	100799	28.70
3513	99534	28.33
3514	99477	28.31
3515	101183	28.79
3516	100090	28.47
3517	103110	29.32
3518	102658	29.18
3519	100332	28.51
3520	101114	28.73
3521	100401	28.51
3522	100431	28.52
3523	100249	28.46
3524	99527	28.24
3525	103612	29.39
3526	100006	28.36
3527	111696	31.67
3528	100244	28.41
3529	100230	28.40
3530	100335	28.42
3531	104335	29.55
3532	100723	28.52
3533	106758	30.22
3534	101506	28.72
3535	100139	28.33
3536	100170	28.33
3537	100555	28.43
3538	100741	28.47
3539	99999	28.26
3540	100556	28.41
3541	101190	28.58
3542	100141	28.27
3543	100214	28.29
3544	100084	28.24
3545	101352	28.59
3546	101913	28.74
3547	101480	28.61
3548	100542	28.34
3549	101382	28.57
3550	100555	28.33
3551	100734	28.37
3552	100718	28.36
3553	101326	28.52
3554	102285	28.78
3555	108015	30.38
3556	102185	28.74
3557	107970	30.35
3558	100946	28.37
3559	105520	29.65
3560	100815	28.32
3561	102696	28.84
3562	107645	30.22
3563	101559	28.50
3564	101887	28.59
3565	102470	28.74
3566	101758	28.54
3567	102051	28.61
3568	104900	29.40
3569	108648	30.44
3570	102355	28.67
3571	102667	28.75
3572	103561	28.99
3573	101741	28.47
3574	102363	28.64
3575	101731	28.46
3576	101681	28.43
3577	102226	28.58
3578	102074	28.53
3579	110274	30.81
3580	104251	29.12
3581	102560	28.64
3582	102157	28.52
3583	102589	28.63
3584	104833	29.25
3585	102702	28.65
3586	101462	28.29
3587	102566	28.59
3588	102632	28.60
3589	103195	28.75
3590	102687	28.60
3591	109354	30.45
3592	110409	30.74
3593	106510	29.64
3594	103027	28.67
3595	103693	28.84
3596	102533	28.51
3597	102922	28.61
3598	103134	28.66
3599	103820	28.85
3600	103064	28.63
3601	103843	28.84
3602	104493	29.01
3603	103418	28.70
3604	106715	29.61
3605	102239	28.36
3606	103170	28.61
3607	102676	28.47
3608	102149	28.31
3609	108937	30.18
3610	103430	28.65
3611	102310	28.33
3612	102968	28.51
3613	107071	29.63
3614	102242	28.29
3615	105689	29.24
3616	105833	29.27
3617	104602	28.92
3618	103229	28.53
3619	103108	28.49
3620	103198	28.51
3621	103705	28.64
3622	102854	28.40
3623	103919	28.68
3624	106047	29.26
3625	117257	32.35
3626	101894	28.10
3627	102555	28.28
3628	106431	29.34
3629	107727	29.69
3630	105605	29.09
3631	103265	28.44
3632	104188	28.69
3633	106192	29.23
3634	104455	28.74
3635	102927	28.32
3636	103899	28.58
3637	106159	29.19
3638	109233	30.03
3639	114978	31.60
3640	103637	28.47
3641	103119	28.32
3642	109794	30.15
3643	112143	30.78
3644	103581	28.43
3645	104815	28.76
3646	106052	29.09
3647	105774	29.00
3648	106653	29.24
3649	104289	28.58
3650	106768	29.25
3651	116417	31.89
3652	114464	31.34
3653	105301	28.83
3654	103069	28.21
3655	107008	29.28
3656	106059	29.01
3657	106276	29.06
3658	103042	28.17
3659	106617	29.14
3660	103994	28.41
3661	106336	29.05
3662	105970	28.94
3663	106573	29.09
3664	108364	29.58
3665	107542	29.34
3666	105807	28.86
3667	106368	29.01
3668	106209	28.96
3669	107540	29.31
3670	108091	29.45
3671	106831	29.10
3672	114697	31.24
3673	104394	28.42
3674	105911	28.83
3675	104898	28.54
3676	106878	29.07
3677	109294	29.72
3678	105359	28.65
3679	104961	28.53
3680	107519	29.22
3681	106817	29.02
3682	109892	29.85
3683	109193	29.65
3684	106158	28.82
3685	104939	28.48
3686	105517	28.63
3687	105949	28.74
3688	104871	28.44
3689	111933	30.34
3690	105513	28.59
3691	111385	30.18
3692	105047	28.45
3693	107222	29.03
3694	105873	28.66
3695	107625	29.13
3696	106089	28.70
3697	105748	28.60
3698	105375	28.50
3699	107006	28.93
3700	106579	28.81
3701	109013	29.46
3702	106036	28.64
3703	105545	28.50
3704	108692	29.34
3705	105319	28.43
3706	105992	28.60
3707	106282	28.67
3708	107460	28.98
3709	107200	28.90
3710	110638	29.82
3711	107065	28.85
3712	105854	28.52
3713	106572	28.70
3714	111759	30.09
3715	107469	28.93
3716	107913	29.04
3717	116264	31.28
3718	106676	28.69
3719	107404	28.88
3720	107385	28.87
3721	106958	28.74
3722	106655	28.66
3723	110433	29.66
3724	108165	29.05
3725	106648	28.63
3726	108841	29.21
3727	105600	28.33
3728	105868	28.40
3729	107261	28.76
3730	110044	29.50
3731	107153	28.72
3732	107448	28.79
3733	107458	28.79
3734	115295	30.88
3735	106660	28.56
3736	107076	28.66
3737	111994	29.97
3738	108342	28.98
3739	107887	28.85
3740	107272	28.68
3741	113038	30.22
3742	107303	28.68
3743	108766	29.06
3744	106906	28.55
3745	108781	29.05
3746	106725	28.49
3747	107749	28.76
3748	107566	28.70
3749	107547	28.69
3750	109120	29.10
3751	108967	29.05
3752	108169	28.83
3753	107701	28.70
3754	108284	28.84
3755	107091	28.52
3756	106921	28.47
3757	107955	28.73
3758	106592	28.36
3759	108074	28.75
3760	107526	28.60
3761	107179	28.50
3762	107241	28.51
3763	107389	28.54
3764	106655	28.34
3765	107642	28.59
3766	111035	29.48
3767	106622	28.30
3768	109405	29.04
3769	115401	30.62
3770	107585	28.54
3771	107251	28.44
3772	115690	30.67
3773	117252	31.08
3774	108276	28.69
3775	108341	28.70
3776	107909	28.58
3777	108595	28.75
3778	107225	28.38
3779	108119	28.61
3780	113860	30.12
3781	107901	28.54
3782	108394	28.66
3783	107919	28.53
3784	108777	28.75
3785	108567	28.68
3786	108893	28.76
3787	108772	28.72
3788	107931	28.49
3789	107458	28.36
3790	108548	28.64
3791	108188	28.54
3792	111706	29.46
3793	108234	28.54
3794	121223	31.95
3795	109982	28.98
3796	108732	28.64
3797	108745	28.64
3798	108856	28.66
3799	109120	28.72
3800	110002	28.95
3801	110997	29.20
3802	110414	29.04
3803	109947	28.91
3804	108904	28.63
3805	115446	30.34
3806	108208	28.43
3807	109172	28.68
3808	108480	28.49
3809	111553	29.29
3810	109539	28.75
3811	108547	28.48
3812	109600	28.75
3813	108200	28.38
3814	109458	28.70
3815	110532	28.97
3816	109127	28.60
3817	110865	29.05
3818	116192	30.43
3819	116690	30.56
3820	108501	28.40
3821	109689	28.71
3822	113192	29.62
3823	109136	28.55
3824	108539	28.38
3825	116360	30.42
3826	111598	29.17
3827	110088	28.77
3828	109447	28.59
3829	109901	28.70
3830	111733	29.17
3831	114690	29.94
3832	110774	28.91
3833	110791	28.90
3834	110242	28.75
3835	111509	29.08
3836	115222	30.04
3837	112624	29.35
3838	110065	28.68
3839	110659	28.82
3840	110811	28.86
3841	109951	28.63
3842	110182	28.68
3843	110718	28.81
3844	110919	28.86
3845	109857	28.57
3846	111267	28.93
3847	110267	28.66
3848	109984	28.58
3849	109815	28.53
3850	110159	28.61
3851	110775	28.77
3852	111121	28.85
3853	109980	28.54
3854	114492	29.71
3855	112086	29.08
3856	113182	29.35
3857	111161	28.82
3858	110446	28.63
3859	117043	30.33
3860	110485	28.62
3861	110202	28.54
3862	114379	29.62
3863	110217	28.53
3864	111002	28.73
3865	110646	28.63
3866	109988	28.45
3867	110850	28.67
3868	111261	28.76
3869	109859	28.39
3870	112557	29.08
3871	110107	28.44
3872	114848	29.66
3873	115681	29.87
3874	112328	29.00
3875	112457	29.02
3876	129079	33.30
3877	114659	29.57
3878	112373	28.98
3879	111142	28.65
3880	112377	28.96
3881	110265	28.41
3882	114278	29.44
3883	111835	28.80
3884	111027	28.59
3885	111141	28.61
3886	111403	28.67
3887	118779	30.56
3888	111549	28.69
3889	111372	28.64
3890	115836	29.78
3891	110814	28.48
3892	111297	28.60
3893	122253	31.40
3894	111486	28.63
3895	112267	28.82
3896	110261	28.30
3897	111225	28.54
3898	114693	29.42
3899	112473	28.85
3900	117765	30.20
3901	111271	28.52
3902	112190	28.75
3903	111142	28.48
3904	110856	28.40
3905	111348	28.51
3906	118379	30.31
3907	117650	30.11
3908	111391	28.50
3909	111738	28.58
3910	111678	28.56
3911	112069	28.65
3912	111604	28.53
3913	112030	28.63
3914	110995	28.36
3915	115636	29.54
3916	114238	29.17
3917	119488	30.50
3918	111104	28.36
3919	112052	28.59
3920	113915	29.06
3921	111993	28.56
3922	112344	28.64
3923	115777	29.51
3924	112954	28.79
3925	111763	28.47
3926	111759	28.47
3927	111746	28.46
3928	112898	28.74
3929	111693	28.43
3930	111867	28.46
3931	112312	28.57
3932	112894	28.71
3933	112972	28.72
3934	111781	28.41
3935	110904	28.18
3936	113365	28.80
3937	113316	28.78
3938	112492	28.57
3939	112542	28.57
3940	116548	29.58
3941	112314	28.50
3942	113690	28.84
3943	111812	28.36
3944	114905	29.13
3945	112578	28.54
3946	113650	28.80
3947	112281	28.45
3948	112181	28.41
3949	112725	28.55
3950	113788	28.81
3951	119776	30.32
3952	112393	28.44
3953	120107	30.38
3954	112168	28.37
3955	113507	28.70
3956	112340	28.40
3957	112307	28.38
3958	112803	28.50
3959	112545	28.43
3960	113067	28.55
3961	112533	28.41
3962	113115	28.55
3963	112577	28.41
3964	113119	28.54
3965	114552	28.89
3966	123192	31.06
3967	117239	29.55
3968	113776	28.67
3969	113770	28.66
3970	113234	28.52
3971	113096	28.48
3972	120883	30.43
3973	114125	28.73
3974	112986	28.43
3975	114742	28.87
3976	112879	28.39
3977	113755	28.60
3978	113384	28.50
3979	116143	29.19
3980	122982	30.90
3981	114255	28.70
3982	113760	28.57
3983	114948	28.86
3984	113986	28.61
3985	115124	28.89
3986	122647	30.77
3987	116734	29.28
3988	115522	28.97
3989	115114	28.86
3990	114418	28.68
3991	119070	29.83
3992	114760	28.75
3993	114619	28.70
3994	122965	30.79
3995	115575	28.93
3996	119886	30.00
3997	115408	28.87
3998	114678	28.68
3999	118399	29.61
4000	116422	29.11
