N	Total Time	Average CPE
1	244	244.00
2	55	27.50
3	157	52.33
4	88	22.00
5	665	133.00
6	300	50.00
7	218	31.14
8	369	46.12
9	307	34.11
10	438	43.80
11	443	40.27
12	601	50.08
13	502	38.62
14	559	39.93
15	655	43.67
16	895	55.94
17	605	35.59
18	708	39.33
19	715	37.63
20	1120	56.00
21	614	29.24
22	630	28.64
23	742	32.26
24	676	28.17
25	731	29.24
26	776	29.85
27	775	28.70
28	975	34.82
29	1077	37.14
30	1555	51.83
31	1395	45.00
32	1104	34.50
33	1201	36.39
34	1507	44.32
35	681	19.46
36	698	19.39
37	718	19.41
38	748	19.68
39	764	19.59
40	838	20.95
41	710	17.32
42	727	17.31
43	793	18.44
44	1095	24.89
45	1461	32.47
46	1345	29.24
47	1417	30.15
48	1354	28.21
49	1131	23.08
50	858	17.16
51	885	17.35
52	934	17.96
53	973	18.36
54	1007	18.65
55	993	18.05
56	972	17.36
57	976	17.12
58	1000	17.24
59	1031	17.47
60	1164	19.40
61	1048	17.18
62	1086	17.52
63	1691	26.84
64	1715	26.80
65	1822	28.03
66	1983	30.05
67	1152	17.19
68	1184	17.41
69	1193	17.29
70	1183	16.90
71	1264	17.80
72	1246	17.31
73	2437	33.38
74	1292	17.46
75	1506	20.08
76	1464	19.26
77	1498	19.45
78	1321	16.94
79	1346	17.04
80	1524	19.05
81	1372	16.94
82	2054	25.05
83	2319	27.94
84	2283	27.18
85	1781	20.95
86	1495	17.38
87	1507	17.32
88	1559	17.72
89	1567	17.61
90	1560	17.33
91	1560	17.14
92	1868	20.30
93	1579	16.98
94	1599	17.01
95	1684	17.73
96	1663	17.32
97	1654	17.05
98	1948	19.88
99	1791	18.09
100	1905	19.05
101	1715	16.98
102	2662	26.10
103	2810	27.28
104	2209	21.24
105	2074	19.75
106	1832	17.28
107	2005	18.74
108	1847	17.10
109	1858	17.05
110	1874	17.04
111	1926	17.35
112	1883	16.81
113	2212	19.58
114	1924	16.88
115	1930	16.78
116	2007	17.30
117	2020	17.26
118	2051	17.38
119	2082	17.50
120	2207	18.39
121	2223	18.37
122	3363	27.57
123	3079	25.03
124	2121	17.10
125	2308	18.46
126	2556	20.29
127	3720	29.29
128	3038	23.73
129	2186	16.95
130	2246	17.28
131	2328	17.77
132	2267	17.17
133	2252	16.93
134	2318	17.30
135	2289	16.96
136	2306	16.96
137	2331	17.01
138	2388	17.30
139	2370	17.05
140	3076	21.97
141	2931	20.79
142	4177	29.42
143	3092	21.62
144	2500	17.36
145	2509	17.30
146	2489	17.05
147	2478	16.86
148	2519	17.02
149	3023	20.29
150	2589	17.26
151	2546	16.86
152	2571	16.91
153	2567	16.78
154	2606	16.92
155	2646	17.07
156	2639	16.92
157	2665	16.97
158	2672	16.91
159	2697	16.96
160	2918	18.24
161	3597	22.34
162	4333	26.75
163	2782	17.07
164	3007	18.34
165	2828	17.14
166	2851	17.17
167	3191	19.11
168	2841	16.91
169	2898	17.15
170	3318	19.52
171	2937	17.18
172	2916	16.95
173	3309	19.13
174	3107	17.86
175	2925	16.71
176	3246	18.44
177	5183	29.28
178	3570	20.06
179	3019	16.87
180	4708	26.16
181	4235	23.40
182	4598	25.26
183	3128	17.09
184	3110	16.90
185	3166	17.11
186	3109	16.72
187	3360	17.97
188	3334	17.73
189	3200	16.93
190	3248	17.09
191	3198	16.74
192	3438	17.91
193	3233	16.75
194	3277	16.89
195	3298	16.91
196	3293	16.80
197	3297	16.74
198	3343	16.88
199	3361	16.89
200	3601	18.00
201	4819	23.98
202	4464	22.10
203	3488	17.18
204	3539	17.35
205	3596	17.54
206	3522	17.10
207	3503	16.92
208	3483	16.75
209	3528	16.88
210	3705	17.64
211	3535	16.75
212	3608	17.02
213	3591	16.86
214	3620	16.92
215	4160	19.35
216	4168	19.30
217	3623	16.70
218	3643	16.71
219	3674	16.78
220	3898	17.72
221	5707	25.82
222	4607	20.75
223	3791	17.00
224	3766	16.81
225	4761	21.16
226	5717	25.30
227	3941	17.36
228	3804	16.68
229	4012	17.52
230	3865	16.80
231	5007	21.68
232	4108	17.71
233	3954	16.97
234	3963	16.94
235	4012	17.07
236	4001	16.95
237	4191	17.68
238	4002	16.82
239	4156	17.39
240	4483	18.68
241	6180	25.64
242	4554	18.82
243	4380	18.02
244	4133	16.94
245	4117	16.80
246	4192	17.04
247	4204	17.02
248	4204	16.95
249	4246	17.05
250	4507	18.03
251	6693	26.67
252	4300	17.06
253	4364	17.25
254	4260	16.77
255	4292	16.83
256	4364	17.05
257	4596	17.88
258	4374	16.95
259	4392	16.96
260	4582	17.62
261	7035	26.95
262	4599	17.55
263	4433	16.86
264	4706	17.83
265	4466	16.85
266	4446	16.71
267	4506	16.88
268	4517	16.85
269	4487	16.68
270	4597	17.03
271	4734	17.47
272	4565	16.78
273	4631	16.96
274	4847	17.69
275	4661	16.95
276	4651	16.85
277	4868	17.57
278	4643	16.70
279	4691	16.81
280	5006	17.88
281	7417	26.40
282	4862	17.24
283	4797	16.95
284	4784	16.85
285	5438	19.08
286	5046	17.64
287	4988	17.38
288	5117	17.77
289	4845	16.76
290	4939	17.03
291	4914	16.89
292	4934	16.90
293	5136	17.53
294	4954	16.85
295	4994	16.93
296	4948	16.72
297	5036	16.96
298	5066	17.00
299	5452	18.23
300	5422	18.07
301	7891	26.22
302	5278	17.48
303	5196	17.15
304	5069	16.67
305	5158	16.91
306	5151	16.83
307	5149	16.77
308	5213	16.93
309	6115	19.79
310	5534	17.85
311	5208	16.75
312	5325	17.07
313	5517	17.63
314	5391	17.17
315	5360	17.02
316	5632	17.82
317	5399	17.03
318	5425	17.06
319	5399	16.92
320	6332	19.79
321	7989	24.89
322	5631	17.49
323	5406	16.74
324	10325	31.87
325	5536	17.03
326	5771	17.70
327	5680	17.37
328	6347	19.35
329	5601	17.02
330	6368	19.30
331	5621	16.98
332	5637	16.98
333	5762	17.30
334	5910	17.69
335	5671	16.93
336	5697	16.96
337	5643	16.74
338	5895	17.44
339	5778	17.04
340	6259	18.41
341	8365	24.53
342	5880	17.19
343	5781	16.85
344	5809	16.89
345	5776	16.74
346	5802	16.77
347	5847	16.85
348	5896	16.94
349	5955	17.06
350	6075	17.36
351	6301	17.95
352	5962	16.94
353	5918	16.76
354	5941	16.78
355	6008	16.92
356	5924	16.64
357	6243	17.49
358	6069	16.95
359	6148	17.13
360	6636	18.43
361	9740	26.98
362	6474	17.88
363	6156	16.96
364	6268	17.22
365	6174	16.92
366	6249	17.07
367	6229	16.97
368	6214	16.89
369	6651	18.02
370	6338	17.13
371	6292	16.96
372	6518	17.52
373	6247	16.75
374	6342	16.96
375	8283	22.09
376	7499	19.94
377	6559	17.40
378	6352	16.80
379	6653	17.55
380	6978	18.36
381	9038	23.72
382	6692	17.52
383	9308	24.30
384	6975	18.16
385	6778	17.61
386	6545	16.96
387	6701	17.32
388	6542	16.86
389	6794	17.47
390	6889	17.66
391	6618	16.93
392	6688	17.06
393	6821	17.36
394	6932	17.59
395	6796	17.21
396	6765	17.08
397	6628	16.70
398	13642	34.28
399	7287	18.26
400	7766	19.41
401	9239	23.04
402	6790	16.89
403	6744	16.73
404	6745	16.70
405	6802	16.80
406	6922	17.05
407	6824	16.77
408	6812	16.70
409	6874	16.81
410	6914	16.86
411	7437	18.09
412	6880	16.70
413	7410	17.94
414	6983	16.87
415	7509	18.09
416	7037	16.92
417	9556	22.92
418	7244	17.33
419	7180	17.14
420	8394	19.99
421	9022	21.43
422	7316	17.34
423	7291	17.24
424	7080	16.70
425	7798	18.35
426	30197	70.88
427	7928	18.57
428	7307	17.07
429	7334	17.10
430	7225	16.80
431	7523	17.45
432	7556	17.49
433	7433	17.17
434	7228	16.65
435	7258	16.69
436	7421	17.02
437	8370	19.15
438	7487	17.09
439	7377	16.80
440	8924	20.28
441	9771	22.16
442	7681	17.38
443	7564	17.07
444	7602	17.12
445	7928	17.82
446	7674	17.21
447	8006	17.91
448	7775	17.35
449	7707	17.16
450	7715	17.14
451	7657	16.98
452	7818	17.30
453	7876	17.39
454	7770	17.11
455	7971	17.52
456	7663	16.80
457	7757	16.97
458	7770	16.97
459	7783	16.96
460	9422	20.48
461	10071	21.85
462	7904	17.11
463	7809	16.87
464	7870	16.96
465	7990	17.18
466	8508	18.26
467	8743	18.72
468	7916	16.91
469	7889	16.82
470	7881	16.77
471	7994	16.97
472	7982	16.91
473	8564	18.11
474	8304	17.52
475	8120	17.09
476	8098	17.01
477	8386	17.58
478	8399	17.57
479	8046	16.80
480	9520	19.83
481	9988	20.77
482	12288	25.49
483	8851	18.33
484	8170	16.88
485	8205	16.92
486	8340	17.16
487	8595	17.65
488	8202	16.81
489	8517	17.42
490	8320	16.98
491	8673	17.66
492	8312	16.89
493	8778	17.81
494	8404	17.01
495	8588	17.35
496	8406	16.95
497	8379	16.86
498	8467	17.00
499	8400	16.83
500	9208	18.42
501	11144	22.24
502	8538	17.01
503	8539	16.98
504	9288	18.43
505	8989	17.80
506	8870	17.53
507	9020	17.79
508	9369	18.44
509	9036	17.75
510	8708	17.07
511	10588	20.72
512	8920	17.42
513	8681	16.92
514	9160	17.82
515	8975	17.43
516	8831	17.11
517	8967	17.34
518	9035	17.44
519	8796	16.95
520	10561	20.31
521	10691	20.52
522	8814	16.89
523	9388	17.95
524	8898	16.98
525	9615	18.31
526	8962	17.04
527	8879	16.85
528	8900	16.86
529	8903	16.83
530	8954	16.89
531	9113	17.16
532	9220	17.33
533	8908	16.71
534	9039	16.93
535	9127	17.06
536	9012	16.81
537	9148	17.04
538	9501	17.66
539	9704	18.00
540	10790	19.98
541	10717	19.81
542	9093	16.78
543	9413	17.34
544	9422	17.32
545	9317	17.10
546	9566	17.52
547	9576	17.51
548	9449	17.24
549	9485	17.28
550	9282	16.88
551	9281	16.84
552	9273	16.80
553	9391	16.98
554	9382	16.94
555	9696	17.47
556	9325	16.77
557	9418	16.91
558	10652	19.09
559	9448	16.90
560	11203	20.01
561	10921	19.47
562	9656	17.18
563	13392	23.79
564	12870	22.82
565	9812	17.37
566	9736	17.20
567	9620	16.97
568	9852	17.35
569	9665	16.99
570	9678	16.98
571	9780	17.13
572	10098	17.65
573	14280	24.92
574	9945	17.33
575	10397	18.08
576	13757	23.88
577	9771	16.93
578	10131	17.53
579	9899	17.10
580	11207	19.32
581	10996	18.93
582	10139	17.42
583	9983	17.12
584	10068	17.24
585	10051	17.18
586	10332	17.63
587	9953	16.96
588	10462	17.79
589	10287	17.47
590	10096	17.11
591	10266	17.37
592	10069	17.01
593	10087	17.01
594	10144	17.08
595	10430	17.53
596	10417	17.48
597	10137	16.98
598	10388	17.37
599	10175	16.99
600	12733	21.22
601	11480	19.10
602	10554	17.53
603	10462	17.35
604	10398	17.22
605	10236	16.92
606	10796	17.82
607	10482	17.27
608	10557	17.36
609	10313	16.93
610	10390	17.03
611	10243	16.76
612	10344	16.90
613	10318	16.83
614	10509	17.12
615	10371	16.86
616	10381	16.85
617	10626	17.22
618	10629	17.20
619	10509	16.98
620	12371	19.95
621	12051	19.41
622	11263	18.11
623	11617	18.65
624	10563	16.93
625	11523	18.44
626	12918	20.64
627	10519	16.78
628	10617	16.91
629	11222	17.84
630	10610	16.84
631	10635	16.85
632	10644	16.84
633	10900	17.22
634	10622	16.75
635	11087	17.46
636	11162	17.55
637	11091	17.41
638	10830	16.97
639	11156	17.46
640	13113	20.49
641	12162	18.97
642	11101	17.29
643	10861	16.89
644	10843	16.84
645	11110	17.22
646	10925	16.91
647	11041	17.06
648	11404	17.60
649	10943	16.86
650	11176	17.19
651	11050	16.97
652	11490	17.62
653	11204	17.16
654	11228	17.17
655	11477	17.52
656	11105	16.93
657	11072	16.85
658	11212	17.04
659	11704	17.76
660	13741	20.82
661	12014	18.18
662	12540	18.94
663	11316	17.07
664	11503	17.32
665	11314	17.01
666	11204	16.82
667	11910	17.86
668	13176	19.72
669	11390	17.03
670	11660	17.40
671	11317	16.87
672	11283	16.79
673	11492	17.08
674	11754	17.44
675	11383	16.86
676	11329	16.76
677	11532	17.03
678	15521	22.89
679	11447	16.86
680	14031	20.63
681	12265	18.01
682	11654	17.09
683	12351	18.08
684	11796	17.25
685	11869	17.33
686	11609	16.92
687	11721	17.06
688	12070	17.54
689	12032	17.46
690	11808	17.11
691	11803	17.08
692	11947	17.26
693	12007	17.33
694	11834	17.05
695	11982	17.24
696	11767	16.91
697	12474	17.90
698	11772	16.87
699	11783	16.86
700	14508	20.73
701	12806	18.27
702	11791	16.80
703	12192	17.34
704	11993	17.04
705	12058	17.10
706	12213	17.30
707	12193	17.25
708	12653	17.87
709	12126	17.10
710	12011	16.92
711	12534	17.63
712	12219	17.16
713	12235	17.16
714	12189	17.07
715	12061	16.87
716	12180	17.01
717	12315	17.18
718	12290	17.12
719	12420	17.27
720	14934	20.74
721	12782	17.73
722	12416	17.20
723	12525	17.32
724	12199	16.85
725	12506	17.25
726	12318	16.97
727	12464	17.14
728	12252	16.83
729	12750	17.49
730	12587	17.24
731	12614	17.26
732	12247	16.73
733	12569	17.15
734	12822	17.47
735	12609	17.16
736	12384	16.83
737	12757	17.31
738	12763	17.29
739	12927	17.49
740	15446	20.87
741	13294	17.94
742	12697	17.11
743	12831	17.27
744	12721	17.10
745	12837	17.23
746	12615	16.91
747	12848	17.20
748	13472	18.01
749	12799	17.09
750	13756	18.34
751	14854	19.78
752	12857	17.10
753	12900	17.13
754	12793	16.97
755	12724	16.85
756	12955	17.14
757	12726	16.81
758	13505	17.82
759	12742	16.79
760	15913	20.94
761	13192	17.34
762	13265	17.41
763	13592	17.81
764	13101	17.15
765	12995	16.99
766	12933	16.88
767	13549	17.66
768	12981	16.90
769	13104	17.04
770	13208	17.15
771	13435	17.43
772	13619	17.64
773	13298	17.20
774	13622	17.60
775	13578	17.52
776	13198	17.01
777	14269	18.36
778	13274	17.06
779	13363	17.15
780	16545	21.21
781	13712	17.56
782	13563	17.34
783	13530	17.28
784	13544	17.28
785	14176	18.06
786	13417	17.07
787	13303	16.90
788	13533	17.17
789	13309	16.87
790	13481	17.06
791	13453	17.01
792	13589	17.16
793	13316	16.79
794	13726	17.29
795	13530	17.02
796	13884	17.44
797	13514	16.96
798	13712	17.18
799	13527	16.93
800	19695	24.62
801	16252	20.29
802	13619	16.98
803	13486	16.79
804	13767	17.12
805	13870	17.23
806	13486	16.73
807	14260	17.67
808	14176	17.54
809	13842	17.11
810	13688	16.90
811	13720	16.92
812	14539	17.91
813	13700	16.85
814	13949	17.14
815	13946	17.11
816	13739	16.84
817	14183	17.36
818	14090	17.22
819	13904	16.98
820	18090	22.06
821	14572	17.75
822	14271	17.36
823	14128	17.17
824	14425	17.51
825	14599	17.70
826	13997	16.95
827	14346	17.35
828	14469	17.47
829	14027	16.92
830	14087	16.97
831	14346	17.26
832	14100	16.95
833	14417	17.31
834	15131	18.14
835	14294	17.12
836	14496	17.34
837	14574	17.41
838	14002	16.71
839	14121	16.83
840	17421	20.74
841	14387	17.11
842	14163	16.82
843	14317	16.98
844	14252	16.89
845	14441	17.09
846	14240	16.83
847	14890	17.58
848	14854	17.52
849	14430	17.00
850	14582	17.16
851	14429	16.96
852	14544	17.07
853	14680	17.21
854	14504	16.98
855	15381	17.99
856	14544	16.99
857	14567	17.00
858	14680	17.11
859	14818	17.25
860	17506	20.36
861	14717	17.09
862	14923	17.31
863	14904	17.27
864	15281	17.69
865	14870	17.19
866	14891	17.20
867	14686	16.94
868	14954	17.23
869	14739	16.96
870	15122	17.38
871	15008	17.23
872	16027	18.38
873	14870	17.03
874	15005	17.17
875	15107	17.27
876	15253	17.41
877	15588	17.77
878	14906	16.98
879	15043	17.11
880	17938	20.38
881	15048	17.08
882	15234	17.27
883	15323	17.35
884	15022	16.99
885	15171	17.14
886	15072	17.01
887	15967	18.00
888	15457	17.41
889	15048	16.93
890	15022	16.88
891	15100	16.95
892	17559	19.68
893	15114	16.92
894	15077	16.86
895	15221	17.01
896	15996	17.85
897	15676	17.48
898	15262	17.00
899	15634	17.39
900	19229	21.37
901	15533	17.24
902	15331	17.00
903	15342	16.99
904	15556	17.21
905	15452	17.07
906	15711	17.34
907	15352	16.93
908	16529	18.20
909	15439	16.98
910	15829	17.39
911	15573	17.09
912	15910	17.45
913	15408	16.88
914	15396	16.84
915	15965	17.45
916	16108	17.59
917	15445	16.84
918	15657	17.06
919	16356	17.80
920	19238	20.91
921	16034	17.41
922	15860	17.20
923	16138	17.48
924	15918	17.23
925	15714	16.99
926	16040	17.32
927	15897	17.15
928	15763	16.99
929	16109	17.34
930	16023	17.23
931	16523	17.75
932	16065	17.24
933	16321	17.49
934	16130	17.27
935	15777	16.87
936	16136	17.24
937	16238	17.33
938	16043	17.10
939	16109	17.16
940	19244	20.47
941	16243	17.26
942	16104	17.10
943	16348	17.34
944	16313	17.28
945	16422	17.38
946	16253	17.18
947	16447	17.37
948	16289	17.18
949	16269	17.14
950	16982	17.88
951	16391	17.24
952	16462	17.29
953	16385	17.19
954	16804	17.61
955	16295	17.06
956	16247	16.99
957	16422	17.16
958	16822	17.56
959	16761	17.48
960	19654	20.47
961	16908	17.59
962	17084	17.76
963	16549	17.18
964	16521	17.14
965	16427	17.02
966	16783	17.37
967	16486	17.05
968	16548	17.10
969	16678	17.21
970	16554	17.07
971	17104	17.61
972	16429	16.90
973	16532	16.99
974	16978	17.43
975	16558	16.98
976	19523	20.00
977	16572	16.96
978	16644	17.02
979	17149	17.52
980	19624	20.02
981	16675	17.00
982	16757	17.06
983	17008	17.30
984	16648	16.92
985	16861	17.12
986	16753	16.99
987	18118	18.36
988	17291	17.50
989	17131	17.32
990	17487	17.66
991	17195	17.35
992	17140	17.28
993	16696	16.81
994	17155	17.26
995	17385	17.47
996	16996	17.06
997	17043	17.09
998	17219	17.25
999	16812	16.83
1000	17741	17.74
1001	19297	19.28
1002	18354	18.32
1003	16978	16.93
1004	16998	16.93
1005	17908	17.82
1006	17225	17.12
1007	17305	17.18
1008	18001	17.86
1009	18256	18.09
1010	17098	16.93
1011	17115	16.93
1012	17192	16.99
1013	17397	17.17
1014	17570	17.33
1015	17518	17.26
1016	18185	17.90
1017	17213	16.93
1018	17557	17.25
1019	17946	17.61
1020	20830	20.42
1021	17445	17.09
1022	18069	17.68
1023	18249	17.84
1024	17475	17.07
1025	26442	25.80
1026	19198	18.71
1027	17434	16.98
1028	17402	16.93
1029	17684	17.19
1030	17350	16.84
1031	17362	16.84
1032	17500	16.96
1033	17864	17.29
1034	17607	17.03
1035	17620	17.02
1036	18026	17.40
1037	17488	16.86
1038	17533	16.89
1039	17721	17.06
1040	21853	21.01
1041	17653	16.96
1042	18042	17.31
1043	17863	17.13
1044	17536	16.80
1045	18066	17.29
1046	17888	17.10
1047	17926	17.12
1048	17600	16.79
1049	18068	17.22
1050	17786	16.94
1051	17769	16.91
1052	17776	16.90
1053	17803	16.91
1054	17999	17.08
1055	18111	17.17
1056	18317	17.35
1057	18068	17.09
1058	18466	17.45
1059	17896	16.90
1060	21014	19.82
1061	18259	17.21
1062	18070	17.02
1063	18211	17.13
1064	17973	16.89
1065	17793	16.71
1066	17942	16.83
1067	18669	17.50
1068	18389	17.22
1069	18694	17.49
1070	17959	16.78
1071	18201	16.99
1072	18329	17.10
1073	18762	17.49
1074	18603	17.32
1075	19415	18.06
1076	18420	17.12
1077	18372	17.06
1078	18408	17.08
1079	18502	17.15
1080	21503	19.91
1081	19374	17.92
1082	18487	17.09
1083	18746	17.31
1084	19608	18.09
1085	18399	16.96
1086	18678	17.20
1087	18921	17.41
1088	18720	17.21
1089	18945	17.40
1090	18221	16.72
1091	19534	17.90
1092	18796	17.21
1093	18913	17.30
1094	18739	17.13
1095	18442	16.84
1096	18899	17.24
1097	19084	17.40
1098	18645	16.98
1099	18848	17.15
1100	21984	19.99
1101	19060	17.31
1102	19583	17.77
1103	20168	18.28
1104	20707	18.76
1105	18798	17.01
1106	19339	17.49
1107	19122	17.27
1108	19610	17.70
1109	18999	17.13
1110	18890	17.02
1111	19014	17.11
1112	18892	16.99
1113	20012	17.98
1114	19418	17.43
1115	18743	16.81
1116	18903	16.94
1117	18916	16.93
1118	19523	17.46
1119	19163	17.13
1120	22897	20.44
1121	19471	17.37
1122	19328	17.23
1123	19119	17.02
1124	19543	17.39
1125	19507	17.34
1126	20037	17.79
1127	19307	17.13
1128	19108	16.94
1129	19406	17.19
1130	19400	17.17
1131	20076	17.75
1132	19537	17.26
1133	20834	18.39
1134	19446	17.15
1135	19704	17.36
1136	19438	17.11
1137	19995	17.59
1138	19999	17.57
1139	19348	16.99
1140	22732	19.94
1141	20311	17.80
1142	21461	18.79
1143	19450	17.02
1144	20561	17.97
1145	19873	17.36
1146	19442	16.97
1147	19894	17.34
1148	20648	17.99
1149	19922	17.34
1150	20548	17.87
1151	20647	17.94
1152	19686	17.09
1153	19854	17.22
1154	27986	24.25
1155	19585	16.96
1156	19890	17.21
1157	19581	16.92
1158	19898	17.18
1159	19813	17.09
1160	22803	19.66
1161	19545	16.83
1162	19556	16.83
1163	19945	17.15
1164	20545	17.65
1165	19957	17.13
1166	19854	17.03
1167	20136	17.25
1168	19999	17.12
1169	20448	17.49
1170	19780	16.91
1171	19729	16.85
1172	20232	17.26
1173	19837	16.91
1174	19872	16.93
1175	20140	17.14
1176	20271	17.24
1177	20248	17.20
1178	21141	17.95
1179	20257	17.18
1180	23361	19.80
1181	19868	16.82
1182	20432	17.29
1183	20220	17.09
1184	20607	17.40
1185	20625	17.41
1186	20360	17.17
1187	20194	17.01
1188	20041	16.87
1189	20591	17.32
1190	20067	16.86
1191	20679	17.36
1192	20041	16.81
1193	20682	17.34
1194	20503	17.17
1195	20157	16.87
1196	20138	16.84
1197	21025	17.56
1198	20840	17.40
1199	20180	16.83
1200	28023	23.35
1201	23511	19.58
1202	21013	17.48
1203	20636	17.15
1204	20211	16.79
1205	20621	17.11
1206	20688	17.15
1207	20253	16.78
1208	20600	17.05
1209	20628	17.06
1210	20540	16.98
1211	20372	16.82
1212	20683	17.07
1213	20706	17.07
1214	21314	17.56
1215	20737	17.07
1216	20980	17.25
1217	20791	17.08
1218	20652	16.96
1219	20840	17.10
1220	24065	19.73
1221	20980	17.18
1222	20922	17.12
1223	20703	16.93
1224	20851	17.04
1225	21539	17.58
1226	20925	17.07
1227	21079	17.18
1228	21130	17.21
1229	21450	17.45
1230	21094	17.15
1231	21029	17.08
1232	21025	17.07
1233	21051	17.07
1234	21015	17.03
1235	21440	17.36
1236	21567	17.45
1237	21269	17.19
1238	20998	16.96
1239	21521	17.37
1240	24215	19.53
1241	21457	17.29
1242	21237	17.10
1243	21065	16.95
1244	21432	17.23
1245	21524	17.29
1246	21095	16.93
1247	21311	17.09
1248	21560	17.28
1249	21385	17.12
1250	21737	17.39
1251	23168	18.52
1252	21638	17.28
1253	21435	17.11
1254	21511	17.15
1255	21569	17.19
1256	21866	17.41
1257	21343	16.98
1258	21510	17.10
1259	21207	16.84
1260	24157	19.17
1261	22853	18.12
1262	21382	16.94
1263	21834	17.29
1264	21837	17.28
1265	21307	16.84
1266	22511	17.78
1267	21503	16.97
1268	21864	17.24
1269	21811	17.19
1270	21572	16.99
1271	22393	17.62
1272	21591	16.97
1273	21423	16.83
1274	21778	17.09
1275	22750	17.84
1276	21770	17.06
1277	21524	16.86
1278	23081	18.06
1279	21458	16.78
1280	24937	19.48
1281	21859	17.06
1282	21717	16.94
1283	21859	17.04
1284	22085	17.20
1285	21922	17.06
1286	22466	17.47
1287	22060	17.14
1288	21858	16.97
1289	21936	17.02
1290	22008	17.06
1291	22102	17.12
1292	21812	16.88
1293	22019	17.03
1294	22711	17.55
1295	22038	17.02
1296	22059	17.02
1297	21961	16.93
1298	22164	17.08
1299	22244	17.12
1300	26754	20.58
1301	22018	16.92
1302	22072	16.95
1303	22097	16.96
1304	22191	17.02
1305	22538	17.27
1306	22282	17.06
1307	22437	17.17
1308	22403	17.13
1309	22535	17.22
1310	22330	17.05
1311	22743	17.35
1312	22203	16.92
1313	22545	17.17
1314	22848	17.39
1315	22235	16.91
1316	29924	22.74
1317	22352	16.97
1318	24109	18.29
1319	24618	18.66
1320	25565	19.37
1321	22708	17.19
1322	22523	17.04
1323	22398	16.93
1324	22774	17.20
1325	23070	17.41
1326	22640	17.07
1327	22575	17.01
1328	22613	17.03
1329	22604	17.01
1330	23330	17.54
1331	22848	17.17
1332	22961	17.24
1333	22705	17.03
1334	22708	17.02
1335	22584	16.92
1336	23256	17.41
1337	27506	20.57
1338	22788	17.03
1339	22920	17.12
1340	25949	19.36
1341	22797	17.00
1342	23057	17.18
1343	23081	17.19
1344	22929	17.06
1345	22671	16.86
1346	23275	17.29
1347	22806	16.93
1348	23684	17.57
1349	23140	17.15
1350	23105	17.11
1351	23123	17.12
1352	23307	17.24
1353	23158	17.12
1354	23095	17.06
1355	22959	16.94
1356	23239	17.14
1357	22952	16.91
1358	24047	17.71
1359	23134	17.02
1360	26146	19.23
1361	23007	16.90
1362	23937	17.57
1363	23784	17.45
1364	23224	17.03
1365	23726	17.38
1366	23173	16.96
1367	23938	17.51
1368	22915	16.75
1369	23245	16.98
1370	24165	17.64
1371	23193	16.92
1372	23123	16.85
1373	23125	16.84
1374	23220	16.90
1375	23341	16.98
1376	26361	19.16
1377	23767	17.26
1378	24150	17.53
1379	23741	17.22
1380	30638	22.20
1381	23983	17.37
1382	23914	17.30
1383	23651	17.10
1384	23934	17.29
1385	24018	17.34
1386	23448	16.92
1387	23745	17.12
1388	24036	17.32
1389	23767	17.11
1390	24000	17.27
1391	24245	17.43
1392	23611	16.96
1393	24010	17.24
1394	28057	20.13
1395	23781	17.05
1396	24541	17.58
1397	24207	17.33
1398	23621	16.90
1399	23856	17.05
1400	28094	20.07
1401	24196	17.27
1402	23956	17.09
1403	24142	17.21
1404	24325	17.33
1405	24298	17.29
1406	24147	17.17
1407	24491	17.41
1408	23817	16.92
1409	24563	17.43
1410	23967	17.00
1411	24000	17.01
1412	24119	17.08
1413	23963	16.96
1414	25126	17.77
1415	24141	17.06
1416	24371	17.21
1417	24448	17.25
1418	24243	17.10
1419	24232	17.08
1420	27302	19.23
1421	24973	17.57
1422	24060	16.92
1423	24221	17.02
1424	24612	17.28
1425	27162	19.06
1426	24593	17.25
1427	24421	17.11
1428	24219	16.96
1429	24857	17.39
1430	24230	16.94
1431	24585	17.18
1432	26453	18.47
1433	24503	17.10
1434	24611	17.16
1435	24168	16.84
1436	24571	17.11
1437	24817	17.27
1438	24471	17.02
1439	25097	17.44
1440	27390	19.02
1441	26472	18.37
1442	27537	19.10
1443	24502	16.98
1444	24827	17.19
1445	24323	16.83
1446	25274	17.48
1447	24623	17.02
1448	24654	17.03
1449	24798	17.11
1450	25027	17.26
1451	25000	17.23
1452	24482	16.86
1453	24535	16.89
1454	25208	17.34
1455	25325	17.41
1456	25363	17.42
1457	24663	16.93
1458	24809	17.02
1459	25210	17.28
1460	28518	19.53
1461	24884	17.03
1462	24798	16.96
1463	24774	16.93
1464	24799	16.94
1465	24937	17.02
1466	25532	17.42
1467	25589	17.44
1468	25216	17.18
1469	25030	17.04
1470	24941	16.97
1471	25573	17.38
1472	25409	17.26
1473	24925	16.92
1474	25091	17.02
1475	25415	17.23
1476	24923	16.89
1477	25507	17.27
1478	24950	16.88
1479	25738	17.40
1480	28662	19.37
1481	25398	17.15
1482	25500	17.21
1483	25156	16.96
1484	25113	16.92
1485	25483	17.16
1486	25895	17.43
1487	25423	17.10
1488	25510	17.14
1489	25658	17.23
1490	25483	17.10
1491	25489	17.10
1492	25407	17.03
1493	25840	17.31
1494	25701	17.20
1495	25760	17.23
1496	25726	17.20
1497	25651	17.13
1498	25489	17.02
1499	26136	17.44
1500	37460	24.97
1501	28916	19.26
1502	25925	17.26
1503	25845	17.20
1504	25221	16.77
1505	26199	17.41
1506	25943	17.23
1507	25533	16.94
1508	25659	17.02
1509	25656	17.00
1510	27123	17.96
1511	26223	17.35
1512	26682	17.65
1513	25768	17.03
1514	25796	17.04
1515	25535	16.85
1516	25525	16.84
1517	26020	17.15
1518	26680	17.58
1519	25841	17.01
1520	28685	18.87
1521	26681	17.54
1522	26414	17.35
1523	25718	16.89
1524	26167	17.17
1525	25816	16.93
1526	26694	17.49
1527	25775	16.88
1528	26235	17.17
1529	26509	17.34
1530	26499	17.32
1531	26502	17.31
1532	26047	17.00
1533	26334	17.18
1534	26307	17.15
1535	26474	17.25
1536	26526	17.27
1537	26922	17.52
1538	26304	17.10
1539	26667	17.33
1540	29270	19.01
1541	26498	17.20
1542	26406	17.12
1543	26907	17.44
1544	26342	17.06
1545	26717	17.29
1546	26885	17.39
1547	26710	17.27
1548	26503	17.12
1549	26805	17.30
1550	26846	17.32
1551	26494	17.08
1552	26782	17.26
1553	26797	17.25
1554	26837	17.27
1555	26700	17.17
1556	27946	17.96
1557	26964	17.32
1558	26836	17.22
1559	26553	17.03
1560	29801	19.10
1561	27327	17.51
1562	26435	16.92
1563	26698	17.08
1564	27023	17.28
1565	26876	17.17
1566	26879	17.16
1567	26606	16.98
1568	27208	17.35
1569	26815	17.09
1570	27317	17.40
1571	27237	17.34
1572	26909	17.12
1573	27596	17.54
1574	30951	19.66
1575	27193	17.27
1576	27383	17.38
1577	27433	17.40
1578	27642	17.52
1579	26796	16.97
1580	29925	18.94
1581	27249	17.24
1582	27377	17.31
1583	27779	17.55
1584	28189	17.80
1585	27478	17.34
1586	27156	17.12
1587	27150	17.11
1588	27135	17.09
1589	27109	17.06
1590	27332	17.19
1591	27017	16.98
1592	28113	17.66
1593	27375	17.18
1594	27161	17.04
1595	27353	17.15
1596	27494	17.23
1597	27272	17.08
1598	27112	16.97
1599	27597	17.26
1600	34838	21.77
1601	30725	19.19
1602	27112	16.92
1603	27627	17.23
1604	29107	18.15
1605	27867	17.36
1606	27810	17.32
1607	28309	17.62
1608	27350	17.01
1609	27305	16.97
1610	32003	19.88
1611	27174	16.87
1612	27355	16.97
1613	28137	17.44
1614	27706	17.17
1615	28824	17.85
1616	27630	17.10
1617	27402	16.95
1618	27424	16.95
1619	27422	16.94
1620	30725	18.97
1621	28282	17.45
1622	28349	17.48
1623	27518	16.96
1624	27399	16.87
1625	29813	18.35
1626	28511	17.53
1627	28112	17.28
1628	28152	17.29
1629	27717	17.01
1630	28539	17.51
1631	27705	16.99
1632	28488	17.46
1633	27880	17.07
1634	28483	17.43
1635	27750	16.97
1636	28162	17.21
1637	28106	17.17
1638	28286	17.27
1639	28462	17.37
1640	30739	18.74
1641	28071	17.11
1642	28611	17.42
1643	28164	17.14
1644	27973	17.02
1645	29283	17.80
1646	28413	17.26
1647	28279	17.17
1648	28153	17.08
1649	28306	17.17
1650	28220	17.10
1651	28469	17.24
1652	28298	17.13
1653	28597	17.30
1654	28764	17.39
1655	28296	17.10
1656	33197	20.05
1657	28669	17.30
1658	28462	17.17
1659	28581	17.23
1660	32130	19.36
1661	28485	17.15
1662	28571	17.19
1663	28487	17.13
1664	28873	17.35
1665	28363	17.03
1666	28742	17.25
1667	28798	17.28
1668	28865	17.31
1669	28356	16.99
1670	28743	17.21
1671	28788	17.23
1672	29050	17.37
1673	28585	17.09
1674	28489	17.02
1675	28653	17.11
1676	29099	17.36
1677	28708	17.12
1678	28644	17.07
1679	28664	17.07
1680	32491	19.34
1681	29352	17.46
1682	28808	17.13
1683	29425	17.48
1684	28678	17.03
1685	28987	17.20
1686	29019	17.21
1687	29392	17.42
1688	29200	17.30
1689	29338	17.37
1690	29197	17.28
1691	29067	17.19
1692	28847	17.05
1693	29009	17.13
1694	28868	17.04
1695	29018	17.12
1696	29342	17.30
1697	29971	17.66
1698	29392	17.31
1699	29160	17.16
1700	33446	19.67
1701	29100	17.11
1702	29550	17.36
1703	29350	17.23
1704	29237	17.16
1705	29545	17.33
1706	29163	17.09
1707	29442	17.25
1708	29262	17.13
1709	29687	17.37
1710	29440	17.22
1711	29524	17.26
1712	29621	17.30
1713	29868	17.44
1714	29960	17.48
1715	29598	17.26
1716	29658	17.28
1717	30710	17.89
1718	29826	17.36
1719	29282	17.03
1720	32904	19.13
1721	30372	17.65
1722	29482	17.12
1723	30902	17.93
1724	29758	17.26
1725	30087	17.44
1726	29878	17.31
1727	30022	17.38
1728	30192	17.47
1729	29618	17.13
1730	29486	17.04
1731	31215	18.03
1732	30071	17.36
1733	29408	16.97
1734	29479	17.00
1735	29987	17.28
1736	29450	16.96
1737	29941	17.24
1738	30569	17.59
1739	30324	17.44
1740	33161	19.06
1741	29815	17.13
1742	30603	17.57
1743	30490	17.49
1744	31637	18.14
1745	30652	17.57
1746	31904	18.27
1747	30426	17.42
1748	30753	17.59
1749	30667	17.53
1750	33256	19.00
1751	29866	17.06
1752	30658	17.50
1753	30440	17.36
1754	30550	17.42
1755	30056	17.13
1756	30694	17.48
1757	30164	17.17
1758	30476	17.34
1759	30833	17.53
1760	33249	18.89
1761	29997	17.03
1762	30235	17.16
1763	30411	17.25
1764	30262	17.16
1765	30259	17.14
1766	30252	17.13
1767	30501	17.26
1768	30204	17.08
1769	30005	16.96
1770	30593	17.28
1771	29832	16.84
1772	30972	17.48
1773	30328	17.11
1774	30726	17.32
1775	30700	17.30
1776	33983	19.13
1777	35092	19.75
1778	30734	17.29
1779	30700	17.26
1780	33923	19.06
1781	30710	17.24
1782	30989	17.39
1783	30618	17.17
1784	30743	17.23
1785	31185	17.47
1786	31234	17.49
1787	30942	17.32
1788	30920	17.29
1789	30719	17.17
1790	31024	17.33
1791	30512	17.04
1792	31182	17.40
1793	31361	17.49
1794	31157	17.37
1795	30410	16.94
1796	31080	17.31
1797	31170	17.35
1798	31089	17.29
1799	30439	16.92
1800	35550	19.75
1801	30784	17.09
1802	31774	17.63
1803	31126	17.26
1804	30740	17.04
1805	30604	16.96
1806	31896	17.66
1807	31274	17.31
1808	32450	17.95
1809	35267	19.50
1810	31224	17.25
1811	31309	17.29
1812	31207	17.22
1813	31431	17.34
1814	31428	17.33
1815	30967	17.06
1816	31335	17.25
1817	31325	17.24
1818	31537	17.35
1819	31376	17.25
1820	34735	19.09
1821	31024	17.04
1822	31408	17.24
1823	31247	17.14
1824	31649	17.35
1825	34459	18.88
1826	31476	17.24
1827	31828	17.42
1828	31312	17.13
1829	30850	16.87
1830	31365	17.14
1831	31022	16.94
1832	31134	16.99
1833	31272	17.06
1834	31052	16.93
1835	31831	17.35
1836	31168	16.98
1837	31350	17.07
1838	31798	17.30
1839	31479	17.12
1840	34224	18.60
1841	35807	19.45
1842	31660	17.19
1843	31302	16.98
1844	31390	17.02
1845	31886	17.28
1846	32013	17.34
1847	31510	17.06
1848	31638	17.12
1849	31345	16.95
1850	31845	17.21
1851	33456	18.07
1852	31538	17.03
1853	32310	17.44
1854	31642	17.07
1855	31610	17.04
1856	31594	17.02
1857	32293	17.39
1858	31992	17.22
1859	32259	17.35
1860	34734	18.67
1861	31573	16.97
1862	31785	17.07
1863	31551	16.94
1864	32138	17.24
1865	32080	17.20
1866	32083	17.19
1867	32037	17.16
1868	31966	17.11
1869	31991	17.12
1870	32172	17.20
1871	31795	16.99
1872	31614	16.89
1873	32383	17.29
1874	31722	16.93
1875	37581	20.04
1876	35560	18.96
1877	32118	17.11
1878	31590	16.82
1879	32454	17.27
1880	34559	18.38
1881	31496	16.74
1882	31853	16.93
1883	32610	17.32
1884	32686	17.35
1885	32219	17.09
1886	33272	17.64
1887	32916	17.44
1888	33495	17.74
1889	32150	17.02
1890	32662	17.28
1891	32589	17.23
1892	33276	17.59
1893	32937	17.40
1894	32262	17.03
1895	32613	17.21
1896	32910	17.36
1897	32066	16.90
1898	32811	17.29
1899	32680	17.21
1900	37653	19.82
1901	32678	17.19
1902	36246	19.06
1903	32413	17.03
1904	34039	17.88
1905	32927	17.28
1906	32301	16.95
1907	33144	17.38
1908	32354	16.96
1909	32990	17.28
1910	32707	17.12
1911	32706	17.11
1912	32874	17.19
1913	32769	17.13
1914	32918	17.20
1915	33051	17.26
1916	33378	17.42
1917	32892	17.16
1918	32777	17.09
1919	32743	17.06
1920	36199	18.85
1921	32991	17.17
1922	33481	17.42
1923	33144	17.24
1924	33232	17.27
1925	33227	17.26
1926	32800	17.03
1927	33022	17.14
1928	33455	17.35
1929	33083	17.15
1930	35987	18.65
1931	34167	17.69
1932	34460	17.84
1933	34298	17.74
1934	33135	17.13
1935	33546	17.34
1936	33576	17.34
1937	32960	17.02
1938	33857	17.47
1939	33378	17.21
1940	36880	19.01
1941	32894	16.95
1942	33817	17.41
1943	33330	17.15
1944	33351	17.16
1945	33501	17.22
1946	33781	17.36
1947	34157	17.54
1948	33247	17.07
1949	33865	17.38
1950	33974	17.42
1951	34064	17.46
1952	33532	17.18
1953	33862	17.34
1954	33628	17.21
1955	34137	17.46
1956	33827	17.29
1957	33554	17.15
1958	33923	17.33
1959	33985	17.35
1960	36309	18.52
1961	34333	17.51
1962	34014	17.34
1963	33632	17.13
1964	34047	17.34
1965	33519	17.06
1966	33572	17.08
1967	33780	17.17
1968	33761	17.15
1969	33883	17.21
1970	34272	17.40
1971	35508	18.02
1972	34803	17.65
1973	33802	17.13
1974	33697	17.07
1975	34169	17.30
1976	34192	17.30
1977	34768	17.59
1978	33756	17.07
1979	34139	17.25
1980	36573	18.47
1981	33596	16.96
1982	34057	17.18
1983	34198	17.25
1984	33604	16.94
1985	34380	17.32
1986	34338	17.29
1987	34626	17.43
1988	34649	17.43
1989	33866	17.03
1990	34668	17.42
1991	33926	17.04
1992	34503	17.32
1993	34548	17.33
1994	33987	17.04
1995	34268	17.18
1996	33886	16.98
1997	33863	16.96
1998	33587	16.81
1999	34280	17.15
2000	37447	18.72
2001	37391	18.69
2002	34836	17.40
2003	34388	17.17
2004	34727	17.33
2005	34879	17.40
2006	34674	17.29
2007	34817	17.35
2008	35105	17.48
2009	34601	17.22
2010	34583	17.21
2011	35454	17.63
2012	35041	17.42
2013	35176	17.47
2014	34803	17.28
2015	36531	18.13
2016	34959	17.34
2017	35114	17.41
2018	34726	17.21
2019	35344	17.51
2020	37932	18.78
2021	34883	17.26
2022	34673	17.15
2023	34559	17.08
2024	34964	17.27
2025	35605	17.58
2026	34772	17.16
2027	34992	17.26
2028	34639	17.08
2029	36181	17.83
2030	35878	17.67
2031	34804	17.14
2032	35557	17.50
2033	37026	18.21
2034	36228	17.81
2035	36080	17.73
2036	35306	17.34
2037	36137	17.74
2038	34960	17.15
2039	35018	17.17
2040	38324	18.79
2041	34735	17.02
2042	34941	17.11
2043	35205	17.23
2044	36071	17.65
2045	36194	17.70
2046	35962	17.58
2047	36786	17.97
2048	35988	17.57
2049	36392	17.76
2050	36244	17.68
2051	35071	17.10
2052	35746	17.42
2053	35575	17.33
2054	35153	17.11
2055	36253	17.64
2056	35209	17.12
2057	35914	17.46
2058	35061	17.04
2059	36450	17.70
2060	39605	19.23
2061	35629	17.29
2062	36455	17.68
2063	35108	17.02
2064	35596	17.25
2065	35713	17.29
2066	35925	17.39
2067	36139	17.48
2068	35239	17.04
2069	36587	17.68
2070	35954	17.37
2071	35636	17.21
2072	35829	17.29
2073	35820	17.28
2074	36422	17.56
2075	36176	17.43
2076	36233	17.45
2077	36020	17.34
2078	36158	17.40
2079	36036	17.33
2080	39172	18.83
2081	36477	17.53
2082	36291	17.43
2083	35316	16.95
2084	35957	17.25
2085	36093	17.31
2086	36650	17.57
2087	35951	17.23
2088	36734	17.59
2089	35715	17.10
2090	35743	17.10
2091	36229	17.33
2092	35505	16.97
2093	35919	17.16
2094	36385	17.38
2095	35940	17.16
2096	36053	17.20
2097	35616	16.98
2098	36523	17.41
2099	35674	17.00
2100	41464	19.74
2101	35931	17.10
2102	37194	17.69
2103	46207	21.97
2104	36395	17.30
2105	36370	17.28
2106	36419	17.29
2107	36628	17.38
2108	36011	17.08
2109	36590	17.35
2110	36191	17.15
2111	35956	17.03
2112	36433	17.25
2113	36317	17.19
2114	35837	16.95
2115	36124	17.08
2116	36483	17.24
2117	36531	17.26
2118	36594	17.28
2119	36174	17.07
2120	41724	19.68
2121	37089	17.49
2122	36840	17.36
2123	36687	17.28
2124	36711	17.28
2125	39313	18.50
2126	36225	17.04
2127	37133	17.46
2128	36966	17.37
2129	36495	17.14
2130	38061	17.87
2131	36479	17.12
2132	36467	17.10
2133	37177	17.43
2134	36521	17.11
2135	37198	17.42
2136	37184	17.41
2137	36768	17.21
2138	37528	17.55
2139	37016	17.31
2140	41752	19.51
2141	37708	17.61
2142	37150	17.34
2143	37226	17.37
2144	38026	17.74
2145	37464	17.47
2146	36653	17.08
2147	36908	17.19
2148	37112	17.28
2149	36909	17.17
2150	36740	17.09
2151	37094	17.25
2152	37601	17.47
2153	37847	17.58
2154	36807	17.09
2155	37323	17.32
2156	38499	17.86
2157	38509	17.85
2158	37704	17.47
2159	37119	17.19
2160	40567	18.78
2161	36797	17.03
2162	36893	17.06
2163	37280	17.24
2164	37303	17.24
2165	37199	17.18
2166	37703	17.41
2167	36764	16.97
2168	37010	17.07
2169	37956	17.50
2170	37602	17.33
2171	36789	16.95
2172	37662	17.34
2173	37938	17.46
2174	37094	17.06
2175	37566	17.27
2176	40336	18.54
2177	37275	17.12
2178	37534	17.23
2179	38300	17.58
2180	39929	18.32
2181	37303	17.10
2182	37671	17.26
2183	37357	17.11
2184	37675	17.25
2185	37070	16.97
2186	37905	17.34
2187	37631	17.21
2188	37709	17.23
2189	37330	17.05
2190	37605	17.17
2191	37380	17.06
2192	37844	17.26
2193	37647	17.17
2194	37651	17.16
2195	37294	16.99
2196	41765	19.02
2197	37460	17.05
2198	37529	17.07
2199	38613	17.56
2200	42731	19.42
2201	38613	17.54
2202	40173	18.24
2203	37970	17.24
2204	38542	17.49
2205	38873	17.63
2206	38111	17.28
2207	38387	17.39
2208	38690	17.52
2209	38150	17.27
2210	38002	17.20
2211	42398	19.18
2212	38368	17.35
2213	39207	17.72
2214	38154	17.23
2215	38937	17.58
2216	37924	17.11
2217	38376	17.31
2218	38465	17.34
2219	37618	16.95
2220	41222	18.57
2221	38095	17.15
2222	38355	17.26
2223	38197	17.18
2224	39503	17.76
2225	40842	18.36
2226	38501	17.30
2227	37753	16.95
2228	38574	17.31
2229	38210	17.14
2230	38428	17.23
2231	38844	17.41
2232	38606	17.30
2233	38553	17.27
2234	39574	17.71
2235	38111	17.05
2236	38777	17.34
2237	39834	17.81
2238	40022	17.88
2239	38683	17.28
2240	41054	18.33
2241	37902	16.91
2242	38423	17.14
2243	38069	16.97
2244	39249	17.49
2245	38445	17.12
2246	37958	16.90
2247	38444	17.11
2248	38709	17.22
2249	39549	17.59
2250	43506	19.34
2251	39167	17.40
2252	39502	17.54
2253	39549	17.55
2254	39030	17.32
2255	39035	17.31
2256	39548	17.53
2257	39087	17.32
2258	39050	17.29
2259	39028	17.28
2260	41281	18.27
2261	39390	17.42
2262	42793	18.92
2263	40434	17.87
2264	39204	17.32
2265	39615	17.49
2266	38829	17.14
2267	39603	17.47
2268	38491	16.97
2269	39411	17.37
2270	38709	17.05
2271	38558	16.98
2272	39899	17.56
2273	38701	17.03
2274	38456	16.91
2275	39668	17.44
2276	40474	17.78
2277	39106	17.17
2278	39426	17.31
2279	38648	16.96
2280	43628	19.14
2281	39765	17.43
2282	38691	16.95
2283	39906	17.48
2284	39926	17.48
2285	38995	17.07
2286	39576	17.31
2287	43977	19.23
2288	39799	17.39
2289	40795	17.82
2290	39027	17.04
2291	39198	17.11
2292	39349	17.17
2293	42349	18.47
2294	40764	17.77
2295	41729	18.18
2296	40906	17.82
2297	40645	17.69
2298	41950	18.26
2299	40598	17.66
2300	48145	20.93
2301	40251	17.49
2302	42667	18.53
2303	47985	20.84
2304	41241	17.90
2305	40113	17.40
2306	42454	18.41
2307	40732	17.66
2308	40095	17.37
2309	40041	17.34
2310	39690	17.18
2311	39708	17.18
2312	40457	17.50
2313	40120	17.35
2314	40528	17.51
2315	39849	17.21
2316	40143	17.33
2317	39700	17.13
2318	39935	17.23
2319	39490	17.03
2320	49722	21.43
2321	40211	17.32
2322	39841	17.16
2323	40073	17.25
2324	40115	17.26
2325	40217	17.30
2326	40036	17.21
2327	47660	20.48
2328	40534	17.41
2329	40413	17.35
2330	47088	20.21
2331	40297	17.29
2332	39802	17.07
2333	40004	17.15
2334	39839	17.07
2335	40300	17.26
2336	40098	17.17
2337	40121	17.17
2338	40184	17.19
2339	40733	17.41
2340	42856	18.31
2341	40006	17.09
2342	39940	17.05
2343	40410	17.25
2344	40621	17.33
2345	40143	17.12
2346	40089	17.09
2347	40078	17.08
2348	40381	17.20
2349	40386	17.19
2350	40057	17.05
2351	39972	17.00
2352	41047	17.45
2353	40908	17.39
2354	40453	17.18
2355	40311	17.12
2356	40188	17.06
2357	40186	17.05
2358	40973	17.38
2359	41164	17.45
2360	44279	18.76
2361	40508	17.16
2362	40271	17.05
2363	40453	17.12
2364	41725	17.65
2365	40196	17.00
2366	40848	17.26
2367	41641	17.59
2368	40619	17.15
2369	41459	17.50
2370	40431	17.06
2371	41243	17.39
2372	41223	17.38
2373	41799	17.61
2374	40740	17.16
2375	43907	18.49
2376	40469	17.03
2377	41754	17.57
2378	41246	17.34
2379	41835	17.59
2380	43960	18.47
2381	40859	17.16
2382	40737	17.10
2383	41523	17.42
2384	41126	17.25
2385	41646	17.46
2386	40928	17.15
2387	40868	17.12
2388	41751	17.48
2389	41509	17.38
2390	43495	18.20
2391	41803	17.48
2392	40957	17.12
2393	42987	17.96
2394	41801	17.46
2395	41112	17.17
2396	41665	17.39
2397	49488	20.65
2398	41435	17.28
2399	41389	17.25
2400	49114	20.46
2401	44567	18.56
2402	42304	17.61
2403	41551	17.29
2404	41361	17.21
2405	41490	17.25
2406	41400	17.21
2407	41212	17.12
2408	41917	17.41
2409	41423	17.20
2410	41657	17.29
2411	41554	17.24
2412	41831	17.34
2413	41521	17.21
2414	41746	17.29
2415	41952	17.37
2416	41719	17.27
2417	41351	17.11
2418	42263	17.48
2419	41339	17.09
2420	45275	18.71
2421	41754	17.25
2422	41611	17.18
2423	42320	17.47
2424	41852	17.27
2425	42226	17.41
2426	41845	17.25
2427	41836	17.24
2428	41479	17.08
2429	41927	17.26
2430	41677	17.15
2431	42041	17.29
2432	45845	18.85
2433	41884	17.21
2434	42300	17.38
2435	42424	17.42
2436	41968	17.23
2437	41870	17.18
2438	42455	17.41
2439	42302	17.34
2440	45013	18.45
2441	42732	17.51
2442	41480	16.99
2443	42133	17.25
2444	42065	17.21
2445	42319	17.31
2446	42362	17.32
2447	42017	17.17
2448	42051	17.18
2449	41908	17.11
2450	43071	17.58
2451	42464	17.33
2452	42110	17.17
2453	42174	17.19
2454	42670	17.39
2455	42656	17.38
2456	42641	17.36
2457	42625	17.35
2458	42533	17.30
2459	42533	17.30
2460	45324	18.42
2461	42059	17.09
2462	45553	18.50
2463	45528	18.48
2464	43273	17.56
2465	42035	17.05
2466	44067	17.87
2467	44010	17.84
2468	43241	17.52
2469	46843	18.97
2470	45024	18.23
2471	43587	17.64
2472	45100	18.24
2473	43801	17.71
2474	43298	17.50
2475	42515	17.18
2476	43590	17.61
2477	42160	17.02
2478	46495	18.76
2479	42343	17.08
2480	46226	18.64
2481	42259	17.03
2482	42331	17.06
2483	42663	17.18
2484	43364	17.46
2485	45040	18.12
2486	42392	17.05
2487	42998	17.29
2488	42979	17.27
2489	43143	17.33
2490	43905	17.63
2491	42827	17.19
2492	42498	17.05
2493	43030	17.26
2494	42760	17.15
2495	42415	17.00
2496	43112	17.27
2497	42253	16.92
2498	42043	16.83
2499	41801	16.73
2500	44433	17.77
2501	45290	18.11
2502	42682	17.06
2503	43778	17.49
2504	43303	17.29
2505	42486	16.96
2506	42372	16.91
2507	42670	17.02
2508	43502	17.35
2509	43467	17.32
2510	42518	16.94
2511	42407	16.89
2512	42853	17.06
2513	43787	17.42
2514	42732	17.00
2515	43264	17.20
2516	45553	18.11
2517	45406	18.04
2518	44208	17.56
2519	45815	18.19
2520	49738	19.74
2521	43677	17.33
2522	45769	18.15
2523	44311	17.56
2524	43523	17.24
2525	46380	18.37
2526	45492	18.01
2527	43240	17.11
2528	44042	17.42
2529	43815	17.33
2530	43896	17.35
2531	44136	17.44
2532	43849	17.32
2533	43638	17.23
2534	43727	17.26
2535	43666	17.23
2536	43254	17.06
2537	44051	17.36
2538	43430	17.11
2539	43786	17.25
2540	46940	18.48
2541	43742	17.21
2542	43744	17.21
2543	44263	17.41
2544	43623	17.15
2545	43949	17.27
2546	44574	17.51
2547	44181	17.35
2548	43830	17.20
2549	43732	17.16
2550	44237	17.35
2551	44218	17.33
2552	43960	17.23
2553	44362	17.38
2554	43569	17.06
2555	45837	17.94
2556	43773	17.13
2557	44355	17.35
2558	44315	17.32
2559	45411	17.75
2560	48842	19.08
2561	45542	17.78
2562	44976	17.56
2563	44189	17.24
2564	45121	17.60
2565	44861	17.49
2566	44452	17.32
2567	44596	17.37
2568	46876	18.25
2569	45954	17.89
2570	44450	17.30
2571	44708	17.39
2572	44643	17.36
2573	45849	17.82
2574	46049	17.89
2575	45400	17.63
2576	54125	21.01
2577	45407	17.62
2578	44539	17.28
2579	45294	17.56
2580	47549	18.43
2581	45137	17.49
2582	44906	17.39
2583	44190	17.11
2584	44959	17.40
2585	44836	17.34
2586	45609	17.64
2587	44498	17.20
2588	44910	17.35
2589	44762	17.29
2590	44566	17.21
2591	44388	17.13
2592	45051	17.38
2593	44690	17.23
2594	45006	17.35
2595	45904	17.69
2596	44855	17.28
2597	45348	17.46
2598	44425	17.10
2599	44772	17.23
2600	49750	19.13
2601	44679	17.18
2602	44689	17.17
2603	44914	17.25
2604	45018	17.29
2605	44658	17.14
2606	46053	17.67
2607	45413	17.42
2608	44779	17.17
2609	44855	17.19
2610	45701	17.51
2611	44853	17.18
2612	45796	17.53
2613	46402	17.76
2614	45288	17.33
2615	45407	17.36
2616	44590	17.05
2617	46379	17.72
2618	46383	17.72
2619	46161	17.63
2620	47942	18.30
2621	45539	17.37
2622	45260	17.26
2623	45289	17.27
2624	46633	17.77
2625	49411	18.82
2626	45413	17.29
2627	45401	17.28
2628	45205	17.20
2629	46899	17.84
2630	46124	17.54
2631	45596	17.33
2632	44967	17.08
2633	45319	17.21
2634	45607	17.31
2635	44966	17.06
2636	45699	17.34
2637	45394	17.21
2638	45069	17.08
2639	45251	17.15
2640	48130	18.23
2641	46098	17.45
2642	46330	17.54
2643	45822	17.34
2644	45958	17.38
2645	46385	17.54
2646	45369	17.15
2647	45336	17.13
2648	45633	17.23
2649	45543	17.19
2650	46707	17.63
2651	46851	17.67
2652	47039	17.74
2653	45467	17.14
2654	45489	17.14
2655	46045	17.34
2656	46623	17.55
2657	45389	17.08
2658	45419	17.09
2659	45750	17.21
2660	50998	19.17
2661	46317	17.41
2662	46831	17.59
2663	50103	18.81
2664	45465	17.07
2665	46538	17.46
2666	45978	17.25
2667	45821	17.18
2668	46447	17.41
2669	45779	17.15
2670	46234	17.32
2671	46175	17.29
2672	46120	17.26
2673	46805	17.51
2674	46437	17.37
2675	45750	17.10
2676	46707	17.45
2677	46115	17.23
2678	47324	17.67
2679	46387	17.32
2680	49812	18.59
2681	46526	17.35
2682	46043	17.17
2683	45969	17.13
2684	47141	17.56
2685	46258	17.23
2686	46280	17.23
2687	46627	17.35
2688	46558	17.32
2689	46038	17.12
2690	46460	17.27
2691	46673	17.34
2692	46531	17.28
2693	46191	17.15
2694	46341	17.20
2695	46824	17.37
2696	46813	17.36
2697	46729	17.33
2698	46535	17.25
2699	46570	17.25
2700	50689	18.77
2701	46786	17.32
2702	46892	17.35
2703	49112	18.17
2704	47023	17.39
2705	47101	17.41
2706	46563	17.21
2707	46663	17.24
2708	47219	17.44
2709	47986	17.71
2710	46640	17.21
2711	47043	17.35
2712	46534	17.16
2713	46813	17.26
2714	47281	17.42
2715	47403	17.46
2716	47216	17.38
2717	50463	18.57
2718	48203	17.73
2719	47615	17.51
2720	51362	18.88
2721	47588	17.49
2722	47475	17.44
2723	47262	17.36
2724	47149	17.31
2725	47618	17.47
2726	47106	17.28
2727	48513	17.79
2728	51677	18.94
2729	47727	17.49
2730	48457	17.75
2731	48356	17.71
2732	47665	17.45
2733	48310	17.68
2734	47769	17.47
2735	47912	17.52
2736	47887	17.50
2737	47412	17.32
2738	48239	17.62
2739	47475	17.33
2740	50509	18.43
2741	48458	17.68
2742	47783	17.43
2743	47466	17.30
2744	48136	17.54
2745	49194	17.92
2746	47673	17.36
2747	48146	17.53
2748	47405	17.25
2749	48011	17.46
2750	51389	18.69
2751	49730	18.08
2752	47681	17.33
2753	47279	17.17
2754	47473	17.24
2755	47508	17.24
2756	49118	17.82
2757	47636	17.28
2758	47510	17.23
2759	48329	17.52
2760	50703	18.37
2761	47931	17.36
2762	47438	17.18
2763	47349	17.14
2764	47425	17.16
2765	47734	17.26
2766	48298	17.46
2767	47347	17.11
2768	47471	17.15
2769	47457	17.14
2770	48152	17.38
2771	49244	17.77
2772	47413	17.10
2773	48532	17.50
2774	47780	17.22
2775	47484	17.11
2776	48429	17.45
2777	48197	17.36
2778	47831	17.22
2779	48988	17.63
2780	50914	18.31
2781	47699	17.15
2782	49372	17.75
2783	47440	17.05
2784	48361	17.37
2785	49341	17.72
2786	50899	18.27
2787	47839	17.17
2788	48383	17.35
2789	47899	17.17
2790	48506	17.39
2791	48840	17.50
2792	49714	17.81
2793	48630	17.41
2794	48663	17.42
2795	48249	17.26
2796	47782	17.09
2797	48501	17.34
2798	49701	17.76
2799	48369	17.28
2800	56451	20.16
2801	51947	18.55
2802	49870	17.80
2803	49171	17.54
2804	49330	17.59
2805	49376	17.60
2806	48980	17.46
2807	49185	17.52
2808	48705	17.35
2809	50035	17.81
2810	53144	18.91
2811	50155	17.84
2812	49319	17.54
2813	48712	17.32
2814	48808	17.34
2815	48249	17.14
2816	48215	17.12
2817	49392	17.53
2818	48548	17.23
2819	48792	17.31
2820	52599	18.65
2821	49458	17.53
2822	50103	17.75
2823	48783	17.28
2824	48031	17.01
2825	48557	17.19
2826	50607	17.91
2827	49671	17.57
2828	48611	17.19
2829	50018	17.68
2830	48992	17.31
2831	48614	17.17
2832	49438	17.46
2833	49345	17.42
2834	49578	17.49
2835	49020	17.29
2836	49186	17.34
2837	48930	17.25
2838	49445	17.42
2839	49610	17.47
2840	53259	18.75
2841	49291	17.35
2842	55661	19.59
2843	49345	17.36
2844	49445	17.39
2845	49550	17.42
2846	49455	17.38
2847	50271	17.66
2848	49194	17.27
2849	50384	17.68
2850	49798	17.47
2851	54347	19.06
2852	49989	17.53
2853	49775	17.45
2854	49560	17.37
2855	49910	17.48
2856	51084	17.89
2857	49717	17.40
2858	49821	17.43
2859	50517	17.67
2860	53207	18.60
2861	49513	17.31
2862	50668	17.70
2863	50472	17.63
2864	50322	17.57
2865	50919	17.77
2866	51810	18.08
2867	51312	17.90
2868	50169	17.49
2869	50960	17.76
2870	50979	17.76
2871	50330	17.53
2872	50047	17.43
2873	50919	17.72
2874	50528	17.58
2875	50400	17.53
2876	49890	17.35
2877	50162	17.44
2878	51211	17.79
2879	50309	17.47
2880	55067	19.12
2881	53792	18.67
2882	51548	17.89
2883	52252	18.12
2884	51178	17.75
2885	50374	17.46
2886	49911	17.29
2887	50829	17.61
2888	50143	17.36
2889	51050	17.67
2890	50278	17.40
2891	50694	17.54
2892	50909	17.60
2893	50289	17.38
2894	51345	17.74
2895	50066	17.29
2896	51135	17.66
2897	50613	17.47
2898	50026	17.26
2899	51893	17.90
2900	53481	18.44
2901	49893	17.20
2902	50210	17.30
2903	50748	17.48
2904	50936	17.54
2905	52886	18.21
2906	50773	17.47
2907	50637	17.42
2908	50654	17.42
2909	54034	18.57
2910	50609	17.39
2911	49974	17.17
2912	50842	17.46
2913	53796	18.47
2914	49989	17.15
2915	51155	17.55
2916	51546	17.68
2917	51532	17.67
2918	50877	17.44
2919	50390	17.26
2920	53451	18.31
2921	51598	17.66
2922	50878	17.41
2923	50861	17.40
2924	51417	17.58
2925	50290	17.19
2926	51265	17.52
2927	50406	17.22
2928	50556	17.27
2929	50893	17.38
2930	50817	17.34
2931	50885	17.36
2932	51585	17.59
2933	51263	17.48
2934	50819	17.32
2935	50603	17.24
2936	51073	17.40
2937	51691	17.60
2938	50551	17.21
2939	51193	17.42
2940	55461	18.86
2941	50442	17.15
2942	51245	17.42
2943	50855	17.28
2944	52031	17.67
2945	50203	17.05
2946	50585	17.17
2947	50504	17.14
2948	50894	17.26
2949	50927	17.27
2950	50578	17.15
2951	55322	18.75
2952	51465	17.43
2953	50881	17.23
2954	50289	17.02
2955	51406	17.40
2956	51326	17.36
2957	50412	17.05
2958	51074	17.27
2959	50771	17.16
2960	54847	18.53
2961	51509	17.40
2962	51586	17.42
2963	50853	17.16
2964	51205	17.28
2965	51290	17.30
2966	51156	17.25
2967	50813	17.13
2968	51079	17.21
2969	51006	17.18
2970	50610	17.04
2971	51505	17.34
2972	51195	17.23
2973	52628	17.70
2974	52523	17.66
2975	51879	17.44
2976	54235	18.22
2977	51005	17.13
2978	51064	17.15
2979	52295	17.55
2980	55487	18.62
2981	51691	17.34
2982	52154	17.49
2983	52191	17.50
2984	52426	17.57
2985	52849	17.70
2986	54867	18.37
2987	52557	17.60
2988	53022	17.74
2989	53397	17.86
2990	51752	17.31
2991	51038	17.06
2992	53811	17.98
2993	51006	17.04
2994	51560	17.22
2995	52069	17.39
2996	51466	17.18
2997	51375	17.14
2998	51246	17.09
2999	56212	18.74
3000	64872	21.62
3001	52630	17.54
3002	51160	17.04
3003	52875	17.61
3004	52464	17.46
3005	52356	17.42
3006	52739	17.54
3007	52025	17.30
3008	53721	17.86
3009	52223	17.36
3010	51677	17.17
3011	52652	17.49
3012	52889	17.56
3013	51658	17.15
3014	52609	17.45
3015	52175	17.31
3016	53915	17.88
3017	51706	17.14
3018	57336	19.00
3019	52487	17.39
3020	56594	18.74
3021	53640	17.76
3022	52940	17.52
3023	52734	17.44
3024	52902	17.49
3025	54860	18.14
3026	55045	18.19
3027	52721	17.42
3028	53042	17.52
3029	53265	17.59
3030	52408	17.30
3031	52456	17.31
3032	52353	17.27
3033	52839	17.42
3034	52163	17.19
3035	52265	17.22
3036	52456	17.28
3037	52557	17.31
3038	52589	17.31
3039	52654	17.33
3040	56285	18.51
3041	52866	17.38
3042	52947	17.41
3043	52894	17.38
3044	52428	17.22
3045	52543	17.26
3046	57136	18.76
3047	52604	17.26
3048	52666	17.28
3049	52850	17.33
3050	53150	17.43
3051	53141	17.42
3052	52527	17.21
3053	53282	17.45
3054	52636	17.24
3055	53060	17.37
3056	53159	17.39
3057	52586	17.20
3058	54270	17.75
3059	52852	17.28
3060	56128	18.34
3061	53036	17.33
3062	52854	17.26
3063	52843	17.25
3064	53132	17.34
3065	53092	17.32
3066	53130	17.33
3067	52649	17.17
3068	53488	17.43
3069	53271	17.36
3070	53217	17.33
3071	53299	17.36
3072	54379	17.70
3073	53379	17.37
3074	54206	17.63
3075	53719	17.47
3076	53299	17.33
3077	53291	17.32
3078	52946	17.20
3079	53897	17.50
3080	56816	18.45
3081	53489	17.36
3082	54477	17.68
3083	53278	17.28
3084	53754	17.43
3085	53634	17.39
3086	54166	17.55
3087	57371	18.58
3088	53466	17.31
3089	53395	17.29
3090	53653	17.36
3091	53828	17.41
3092	53099	17.17
3093	53211	17.20
3094	53285	17.22
3095	54432	17.59
3096	53763	17.37
3097	54272	17.52
3098	54148	17.48
3099	54038	17.44
3100	57639	18.59
3101	54083	17.44
3102	53849	17.36
3103	53828	17.35
3104	53767	17.32
3105	53851	17.34
3106	54190	17.45
3107	55030	17.71
3108	57900	18.63
3109	54306	17.47
3110	53961	17.35
3111	53534	17.21
3112	55096	17.70
3113	54250	17.43
3114	54596	17.53
3115	62049	19.92
3116	53493	17.17
3117	54494	17.48
3118	54278	17.41
3119	53938	17.29
3120	57251	18.35
3121	53853	17.26
3122	54172	17.35
3123	54082	17.32
3124	54363	17.40
3125	61738	19.76
3126	55402	17.72
3127	54068	17.29
3128	54199	17.33
3129	54048	17.27
3130	54150	17.30
3131	55133	17.61
3132	54411	17.37
3133	54088	17.26
3134	55072	17.57
3135	54843	17.49
3136	54292	17.31
3137	53960	17.20
3138	54760	17.45
3139	54139	17.25
3140	58584	18.66
3141	54767	17.44
3142	55345	17.61
3143	54464	17.33
3144	55509	17.66
3145	54998	17.49
3146	55978	17.79
3147	54260	17.24
3148	54071	17.18
3149	55030	17.48
3150	55114	17.50
3151	54474	17.29
3152	54764	17.37
3153	55123	17.48
3154	55053	17.45
3155	54433	17.25
3156	55260	17.51
3157	54563	17.28
3158	55797	17.67
3159	54769	17.34
3160	58672	18.57
3161	54683	17.30
3162	55523	17.56
3163	54631	17.27
3164	55308	17.48
3165	54579	17.24
3166	55901	17.66
3167	54298	17.14
3168	55418	17.49
3169	54448	17.18
3170	55853	17.62
3171	56183	17.72
3172	56150	17.70
3173	55599	17.52
3174	54729	17.24
3175	55028	17.33
3176	55635	17.52
3177	54622	17.19
3178	55804	17.56
3179	56211	17.68
3180	58512	18.40
3181	56306	17.70
3182	56029	17.61
3183	54956	17.27
3184	54853	17.23
3185	55560	17.44
3186	56090	17.61
3187	59922	18.80
3188	56604	17.76
3189	56282	17.65
3190	56622	17.75
3191	55841	17.50
3192	55994	17.54
3193	55730	17.45
3194	55823	17.48
3195	56630	17.72
3196	56322	17.62
3197	55407	17.33
3198	55098	17.23
3199	55802	17.44
3200	64192	20.06
3201	57799	18.06
3202	55602	17.36
3203	55385	17.29
3204	55794	17.41
3205	56457	17.62
3206	55411	17.28
3207	55862	17.42
3208	55368	17.26
3209	55234	17.21
3210	55857	17.40
3211	55871	17.40
3212	55640	17.32
3213	56139	17.47
3214	59926	18.65
3215	55734	17.34
3216	55876	17.37
3217	55364	17.21
3218	56003	17.40
3219	55729	17.31
3220	59386	18.44
3221	55607	17.26
3222	56154	17.43
3223	56967	17.68
3224	56271	17.45
3225	55668	17.26
3226	56564	17.53
3227	55817	17.30
3228	56411	17.48
3229	57247	17.73
3230	55687	17.24
3231	59921	18.55
3232	55931	17.31
3233	57300	17.72
3234	56076	17.34
3235	56998	17.62
3236	55897	17.27
3237	56191	17.36
3238	56217	17.36
3239	55765	17.22
3240	65163	20.11
3241	56799	17.53
3242	56035	17.28
3243	55768	17.20
3244	56185	17.32
3245	56376	17.37
3246	56225	17.32
3247	56208	17.31
3248	56414	17.37
3249	60173	18.52
3250	60751	18.69
3251	56644	17.42
3252	56678	17.43
3253	57223	17.59
3254	56474	17.36
3255	56809	17.45
3256	57065	17.53
3257	57060	17.52
3258	56673	17.40
3259	57314	17.59
3260	59921	18.38
3261	56618	17.36
3262	56911	17.45
3263	57377	17.58
3264	56377	17.27
3265	56107	17.18
3266	56627	17.34
3267	57025	17.45
3268	57700	17.66
3269	57331	17.54
3270	56686	17.34
3271	56482	17.27
3272	57201	17.48
3273	56852	17.37
3274	57435	17.54
3275	56689	17.31
3276	56800	17.34
3277	56418	17.22
3278	57304	17.48
3279	57429	17.51
3280	62005	18.90
3281	57187	17.43
3282	56624	17.25
3283	57771	17.60
3284	60824	18.52
3285	57095	17.38
3286	58228	17.72
3287	57645	17.54
3288	56992	17.33
3289	56649	17.22
3290	58479	17.77
3291	57121	17.36
3292	62739	19.06
3293	57001	17.31
3294	56839	17.26
3295	58100	17.63
3296	57263	17.37
3297	57235	17.36
3298	58087	17.61
3299	57159	17.33
3300	62714	19.00
3301	57091	17.30
3302	57471	17.40
3303	57434	17.39
3304	57308	17.35
3305	57867	17.51
3306	56782	17.18
3307	57541	17.40
3308	59131	17.88
3309	58409	17.65
3310	57790	17.46
3311	57670	17.42
3312	57754	17.44
3313	58978	17.80
3314	57628	17.39
3315	56661	17.09
3316	57566	17.36
3317	58092	17.51
3318	57433	17.31
3319	57122	17.21
3320	60270	18.15
3321	59531	17.93
3322	57890	17.43
3323	57506	17.31
3324	56865	17.11
3325	56746	17.07
3326	56872	17.10
3327	58025	17.44
3328	58404	17.55
3329	58189	17.48
3330	58296	17.51
3331	58321	17.51
3332	57928	17.39
3333	58394	17.52
3334	58503	17.55
3335	57872	17.35
3336	58188	17.44
3337	58185	17.44
3338	58920	17.65
3339	60160	18.02
3340	60256	18.04
3341	56946	17.04
3342	58096	17.38
3343	57689	17.26
3344	57855	17.30
3345	58268	17.42
3346	59271	17.71
3347	56721	16.95
3348	57246	17.10
3349	58134	17.36
3350	58529	17.47
3351	57405	17.13
3352	57405	17.13
3353	58504	17.45
3354	59199	17.65
3355	57417	17.11
3356	58703	17.49
3357	58835	17.53
3358	57609	17.16
3359	58323	17.36
3360	61223	18.22
3361	58883	17.52
3362	59110	17.58
3363	57193	17.01
3364	58738	17.46
3365	58556	17.40
3366	59756	17.75
3367	58337	17.33
3368	58678	17.42
3369	62729	18.62
3370	59240	17.58
3371	58324	17.30
3372	58990	17.49
3373	58455	17.33
3374	58945	17.47
3375	58444	17.32
3376	61187	18.12
3377	58474	17.32
3378	58481	17.31
3379	58509	17.32
3380	61003	18.05
3381	58550	17.32
3382	58239	17.22
3383	58452	17.28
3384	59690	17.64
3385	58476	17.28
3386	63142	18.65
3387	59086	17.44
3388	58956	17.40
3389	59817	17.65
3390	59309	17.50
3391	58927	17.38
3392	58959	17.38
3393	59120	17.42
3394	60184	17.73
3395	58808	17.32
3396	58788	17.31
3397	59703	17.58
3398	58889	17.33
3399	59746	17.58
3400	63774	18.76
3401	59987	17.64
3402	58419	17.17
3403	64520	18.96
3404	59730	17.55
3405	59088	17.35
3406	67473	19.81
3407	59482	17.46
3408	59388	17.43
3409	60553	17.76
3410	58889	17.27
3411	65179	19.11
3412	60764	17.81
3413	59448	17.42
3414	59159	17.33
3415	59100	17.31
3416	58727	17.19
3417	60048	17.57
3418	60251	17.63
3419	58630	17.15
3420	63256	18.50
3421	59819	17.49
3422	63978	18.70
3423	59840	17.48
3424	59883	17.49
3425	62751	18.32
3426	60582	17.68
3427	60856	17.76
3428	60360	17.61
3429	60526	17.65
3430	63000	18.37
3431	60938	17.76
3432	59713	17.40
3433	60096	17.51
3434	59241	17.25
3435	59123	17.21
3436	60015	17.47
3437	61149	17.79
3438	60271	17.53
3439	60498	17.59
3440	63251	18.39
3441	58883	17.11
3442	59154	17.19
3443	59371	17.24
3444	59610	17.31
3445	61314	17.80
3446	59545	17.28
3447	64297	18.65
3448	60922	17.67
3449	60538	17.55
3450	60358	17.50
3451	60943	17.66
3452	59958	17.37
3453	59615	17.26
3454	60093	17.40
3455	60299	17.45
3456	59172	17.12
3457	60456	17.49
3458	60536	17.51
3459	60494	17.49
3460	62850	18.16
3461	60433	17.46
3462	60670	17.52
3463	60209	17.39
3464	60357	17.42
3465	60389	17.43
3466	60013	17.31
3467	60106	17.34
3468	61109	17.62
3469	60405	17.41
3470	64558	18.60
3471	60269	17.36
3472	60897	17.54
3473	59952	17.26
3474	61218	17.62
3475	59982	17.26
3476	60635	17.44
3477	61183	17.60
3478	61301	17.63
3479	60257	17.32
3480	64377	18.50
3481	60546	17.39
3482	60138	17.27
3483	61327	17.61
3484	60882	17.47
3485	61205	17.56
3486	60647	17.40
3487	60587	17.38
3488	60564	17.36
3489	60695	17.40
3490	60373	17.30
3491	60470	17.32
3492	60474	17.32
3493	60492	17.32
3494	60337	17.27
3495	61013	17.46
3496	61223	17.51
3497	61039	17.45
3498	60502	17.30
3499	60877	17.40
3500	70582	20.17
3501	61811	17.66
3502	61333	17.51
3503	60799	17.36
3504	60602	17.30
3505	60924	17.38
3506	60512	17.26
3507	60529	17.26
3508	60260	17.18
3509	60517	17.25
3510	60892	17.35
3511	60917	17.35
3512	60423	17.20
3513	60668	17.27
3514	60799	17.30
3515	60756	17.28
3516	60506	17.21
3517	60169	17.11
3518	61473	17.47
3519	60956	17.32
3520	64758	18.40
3521	60700	17.24
3522	60903	17.29
3523	60377	17.14
3524	60675	17.22
3525	60392	17.13
3526	61405	17.41
3527	60987	17.29
3528	61082	17.31
3529	60621	17.18
3530	60694	17.19
3531	60897	17.25
3532	60686	17.18
3533	60958	17.25
3534	61941	17.53
3535	61441	17.38
3536	61091	17.28
3537	61103	17.28
3538	61373	17.35
3539	60879	17.20
3540	63822	18.03
3541	61330	17.32
3542	61964	17.49
3543	61105	17.25
3544	60819	17.16
3545	61514	17.35
3546	61251	17.27
3547	61785	17.42
3548	61472	17.33
3549	61419	17.31
3550	62046	17.48
3551	61397	17.29
3552	61830	17.41
3553	61510	17.31
3554	61939	17.43
3555	61378	17.27
3556	61794	17.38
3557	61058	17.17
3558	62087	17.45
3559	62043	17.43
3560	64970	18.25
3561	61767	17.35
3562	61292	17.21
3563	61926	17.38
3564	61915	17.37
3565	61927	17.37
3566	62088	17.41
3567	64997	18.22
3568	62179	17.43
3569	61820	17.32
3570	61274	17.16
3571	62494	17.50
3572	61511	17.22
3573	61932	17.33
3574	62380	17.45
3575	65075	18.20
3576	61934	17.32
3577	62161	17.38
3578	61879	17.29
3579	61553	17.20
3580	65526	18.30
3581	62109	17.34
3582	62006	17.31
3583	62473	17.44
3584	61941	17.28
3585	61873	17.26
3586	62764	17.50
3587	62113	17.32
3588	62390	17.39
3589	62486	17.41
3590	62432	17.39
3591	62637	17.44
3592	62131	17.30
3593	61995	17.25
3594	62591	17.42
3595	62306	17.33
3596	62580	17.40
3597	62710	17.43
3598	63198	17.56
3599	62713	17.43
3600	71460	19.85
3601	64684	17.96
3602	62324	17.30
3603	63049	17.50
3604	63388	17.59
3605	62538	17.35
3606	63301	17.55
3607	67353	18.67
3608	62531	17.33
3609	63102	17.48
3610	62842	17.41
3611	62749	17.38
3612	62904	17.42
3613	62672	17.35
3614	63927	17.69
3615	63475	17.56
3616	62622	17.32
3617	63462	17.55
3618	62421	17.25
3619	63200	17.46
3620	65447	18.08
3621	63406	17.51
3622	63544	17.54
3623	63056	17.40
3624	63029	17.39
3625	66302	18.29
3626	63141	17.41
3627	63305	17.45
3628	63107	17.39
3629	63065	17.38
3630	63968	17.62
3631	62875	17.32
3632	62970	17.34
3633	63600	17.51
3634	63149	17.38
3635	63729	17.53
3636	63550	17.48
3637	63120	17.35
3638	67469	18.55
3639	63514	17.45
3640	66290	18.21
3641	63067	17.32
3642	63352	17.39
3643	63536	17.44
3644	62845	17.25
3645	63960	17.55
3646	63491	17.41
3647	63669	17.46
3648	63155	17.31
3649	63196	17.32
3650	63496	17.40
3651	63574	17.41
3652	63386	17.36
3653	64490	17.65
3654	63277	17.32
3655	63463	17.36
3656	63416	17.35
3657	63694	17.42
3658	63988	17.49
3659	63898	17.46
3660	67340	18.40
3661	63670	17.39
3662	63322	17.29
3663	63880	17.44
3664	63168	17.24
3665	63656	17.37
3666	64353	17.55
3667	63314	17.27
3668	64026	17.46
3669	63442	17.29
3670	64323	17.53
3671	63698	17.35
3672	63674	17.34
3673	64298	17.51
3674	63762	17.35
3675	63894	17.39
3676	64404	17.52
3677	67644	18.40
3678	64019	17.41
3679	63824	17.35
3680	67118	18.24
3681	63947	17.37
3682	64237	17.45
3683	63957	17.37
3684	66814	18.14
3685	64991	17.64
3686	64325	17.45
3687	63860	17.32
3688	64303	17.44
3689	63812	17.30
3690	64259	17.41
3691	64229	17.40
3692	64115	17.37
3693	64680	17.51
3694	64190	17.38
3695	63582	17.21
3696	64731	17.51
3697	63902	17.28
3698	64967	17.57
3699	64335	17.39
3700	69599	18.81
3701	65487	17.69
3702	65209	17.61
3703	64414	17.40
3704	64018	17.28
3705	64444	17.39
3706	65064	17.56
3707	65822	17.76
3708	64692	17.45
3709	64689	17.44
3710	64875	17.49
3711	65582	17.67
3712	65318	17.60
3713	65152	17.55
3714	64374	17.33
3715	64569	17.38
3716	65093	17.52
3717	64801	17.43
3718	65354	17.58
3719	64840	17.43
3720	67704	18.20
3721	65258	17.54
3722	65626	17.63
3723	64610	17.35
3724	65454	17.58
3725	65059	17.47
3726	65455	17.57
3727	64934	17.42
3728	65157	17.48
3729	65156	17.47
3730	65719	17.62
3731	65180	17.47
3732	65134	17.45
3733	65457	17.53
3734	64553	17.29
3735	65098	17.43
3736	65236	17.46
3737	65650	17.57
3738	65535	17.53
3739	64611	17.28
3740	69496	18.58
3741	65490	17.51
3742	65225	17.43
3743	65335	17.46
3744	64455	17.22
3745	64469	17.21
3746	65173	17.40
3747	65625	17.51
3748	64205	17.13
3749	63915	17.05
3750	79979	21.33
3751	69568	18.55
3752	65411	17.43
3753	64282	17.13
3754	64558	17.20
3755	64793	17.26
3756	66402	17.68
3757	65387	17.40
3758	65206	17.35
3759	65619	17.46
3760	68717	18.28
3761	65074	17.30
3762	66989	17.81
3763	65685	17.46
3764	65268	17.34
3765	65656	17.44
3766	65249	17.33
3767	65447	17.37
3768	65195	17.30
3769	65410	17.35
3770	65289	17.32
3771	66157	17.54
3772	64857	17.19
3773	66338	17.58
3774	66038	17.50
3775	65000	17.22
3776	68623	18.17
3777	65771	17.41
3778	65587	17.36
3779	65234	17.26
3780	68104	18.02
3781	65852	17.42
3782	69744	18.44
3783	65853	17.41
3784	65298	17.26
3785	65855	17.40
3786	64848	17.13
3787	66655	17.60
3788	65353	17.25
3789	66265	17.49
3790	66364	17.51
3791	65857	17.37
3792	65573	17.29
3793	69506	18.32
3794	67117	17.69
3795	66928	17.64
3796	66002	17.39
3797	67925	17.89
3798	66288	17.45
3799	67234	17.70
3800	72321	19.03
3801	66278	17.44
3802	67434	17.74
3803	66495	17.48
3804	67571	17.76
3805	66318	17.43
3806	66275	17.41
3807	70241	18.45
3808	66945	17.58
3809	66847	17.55
3810	67464	17.71
3811	66049	17.33
3812	66556	17.46
3813	69066	18.11
3814	66481	17.43
3815	66369	17.40
3816	66802	17.51
3817	66618	17.45
3818	66626	17.45
3819	66599	17.44
3820	69527	18.20
3821	66340	17.36
3822	65792	17.21
3823	67024	17.53
3824	67030	17.53
3825	68726	17.97
3826	66918	17.49
3827	66375	17.34
3828	67010	17.51
3829	66782	17.44
3830	66570	17.38
3831	66265	17.30
3832	67436	17.60
3833	66320	17.30
3834	66534	17.35
3835	67758	17.67
3836	66402	17.31
3837	66896	17.43
3838	67361	17.55
3839	67311	17.53
3840	70328	18.31
3841	67162	17.49
3842	67294	17.52
3843	66275	17.25
3844	67082	17.45
3845	67427	17.54
3846	66354	17.25
3847	66405	17.26
3848	67405	17.52
3849	65943	17.13
3850	67551	17.55
3851	66667	17.31
3852	67019	17.40
3853	66507	17.26
3854	66954	17.37
3855	66330	17.21
3856	67483	17.50
3857	71423	18.52
3858	73962	19.17
3859	67434	17.47
3860	70027	18.14
3861	67436	17.47
3862	68828	17.82
3863	67225	17.40
3864	67728	17.53
3865	76917	19.90
3866	66885	17.30
3867	67502	17.46
3868	67528	17.46
3869	67137	17.35
3870	67524	17.45
3871	71520	18.48
3872	67735	17.49
3873	66537	17.18
3874	67195	17.35
3875	70698	18.24
3876	67564	17.43
3877	66990	17.28
3878	67193	17.33
3879	68236	17.59
3880	70386	18.14
3881	67832	17.48
3882	67985	17.51
3883	67524	17.39
3884	68248	17.57
3885	67293	17.32
3886	73234	18.85
3887	67534	17.37
3888	67688	17.41
3889	67978	17.48
3890	67939	17.47
3891	68086	17.50
3892	68442	17.59
3893	67160	17.25
3894	68514	17.59
3895	67792	17.40
3896	67730	17.38
3897	68216	17.50
3898	68294	17.52
3899	68584	17.59
3900	72951	18.71
3901	72159	18.50
3902	67541	17.31
3903	67898	17.40
3904	68230	17.48
3905	69424	17.78
3906	68001	17.41
3907	68171	17.45
3908	68620	17.56
3909	68514	17.53
3910	67864	17.36
3911	68284	17.46
3912	68409	17.49
3913	67440	17.23
3914	68242	17.44
3915	68707	17.55
3916	68538	17.50
3917	68100	17.39
3918	68465	17.47
3919	68272	17.42
3920	71433	18.22
3921	68027	17.35
3922	69425	17.70
3923	68327	17.42
3924	68134	17.36
3925	68501	17.45
3926	68082	17.34
3927	68929	17.55
3928	68768	17.51
3929	68421	17.41
3930	69592	17.71
3931	68200	17.35
3932	68510	17.42
3933	70384	17.90
3934	68918	17.52
3935	68572	17.43
3936	68138	17.31
3937	69667	17.70
3938	68517	17.40
3939	69050	17.53
3940	80799	20.51
3941	67912	17.23
3942	69121	17.53
3943	68871	17.47
3944	68877	17.46
3945	68665	17.41
3946	68540	17.37
3947	68379	17.32
3948	68962	17.47
3949	68854	17.44
3950	69663	17.64
3951	69389	17.56
3952	69111	17.49
3953	68770	17.40
3954	68731	17.38
3955	68791	17.39
3956	69394	17.54
3957	68839	17.40
3958	69407	17.54
3959	69389	17.53
3960	71631	18.09
3961	76526	19.32
3962	69013	17.42
3963	70174	17.71
3964	69039	17.42
3965	69043	17.41
3966	69917	17.63
3967	69356	17.48
3968	68844	17.35
3969	69668	17.55
3970	69181	17.43
3971	69364	17.47
3972	69534	17.51
3973	69586	17.51
3974	69626	17.52
3975	80726	20.31
3976	70025	17.61
3977	69278	17.42
3978	69285	17.42
3979	69505	17.47
3980	82576	20.75
3981	69394	17.43
3982	70273	17.65
3983	69869	17.54
3984	68856	17.28
3985	71408	17.92
3986	69366	17.40
3987	70205	17.61
3988	70013	17.56
3989	70032	17.56
3990	69324	17.37
3991	69284	17.36
3992	69374	17.38
3993	70056	17.54
3994	70199	17.58
3995	69762	17.46
3996	69022	17.27
3997	69095	17.29
3998	68782	17.20
3999	69101	17.28
4000	94908	23.73
