N	Total Time	Average CPE
2048	22124	10.80
6144	60526	9.85
10240	100385	9.80
14336	141093	9.84
18432	180668	9.80
22528	226541	10.06
26624	260976	9.80
30720	300276	9.77
34816	339949	9.76
38912	384191	9.87
43008	426294	9.91
47104	475130	10.09
51200	502038	9.81
55296	542091	9.80
59392	582094	9.80
63488	623444	9.82
67584	665590	9.85
71680	705673	9.84
75776	769376	10.15
79872	800287	10.02
83968	831101	9.90
88064	871587	9.90
92160	917261	9.95
96256	951629	9.89
100352	1009891	10.06
104448	1037765	9.94
108544	1078468	9.94
112640	1123377	9.97
116736	1158915	9.93
120832	1191682	9.86
124928	1231863	9.86
129024	1305181	10.12
133120	1312600	9.86
137216	1352854	9.86
141312	1413999	10.01
145408	1536421	10.57
149504	1477633	9.88
153600	1521465	9.91
157696	1559083	9.89
161792	1609273	9.95
165888	1640954	9.89
169984	1689176	9.94
174080	1760885	10.12
178176	1768146	9.92
182272	1803052	9.89
186368	1850260	9.93
190464	1886192	9.90
194560	1929276	9.92
198656	1949921	9.82
202752	2044890	10.09
206848	2086281	10.09
210944	2093020	9.92
215040	2129298	9.90
219136	2231155	10.18
223232	2223820	9.96
227328	2309401	10.16
231424	2416754	10.44
235520	2332942	9.91
239616	2395341	10.00
243712	2434885	9.99
247808	2470721	9.97
251904	2495911	9.91
256000	2559359	10.00
260096	2570095	9.88
264192	2658041	10.06
268288	2732537	10.19
272384	2710234	9.95
276480	2761827	9.99
280576	2838534	10.12
284672	2815857	9.89
288768	2880285	9.97
292864	2916470	9.96
296960	2924741	9.85
301056	3010305	10.00
305152	3016843	9.89
309248	3085959	9.98
313344	3140252	10.02
317440	3145078	9.91
321536	3204543	9.97
325632	3245455	9.97
329728	3258468	9.88
333824	3310428	9.92
337920	4704445	13.92
342016	3660969	10.70
346112	3439580	9.94
350208	3495943	9.98
354304	3536669	9.98
358400	3629731	10.13
362496	3664443	10.11
366592	3670328	10.01
370688	3671009	9.90
374784	3721077	9.93
378880	3764039	9.93
382976	3805559	9.94
387072	3855650	9.96
391168	4366834	11.16
395264	4205204	10.64
399360	3969904	9.94
403456	4042061	10.02
407552	4048439	9.93
411648	4092277	9.94
415744	4133103	9.94
419840	4264100	10.16
423936	4244305	10.01
428032	4284884	10.01
432128	4280148	9.90
436224	4326166	9.92
440320	4380981	9.95
444416	4459420	10.03
448512	4586516	10.23
452608	4717545	10.42
456704	4811767	10.54
460800	4767665	10.35
464896	5252304	11.30
468992	6021963	12.84
473088	6070386	12.83
477184	6158809	12.91
481280	6303998	13.10
485376	6211821	12.80
489472	5248351	10.72
493568	4899152	9.93
497664	4959229	9.97
501760	5048541	10.06
505856	5017876	9.92
509952	5072886	9.95
514048	5098391	9.92
518144	5138026	9.92
522240	5220144	10.00
526336	5241182	9.96
530432	5242891	9.88
534528	5392824	10.09
538624	5375049	9.98
542720	5428459	10.00
546816	5438190	9.95
550912	5524495	10.03
555008	5654638	10.19
559104	5688383	10.17
563200	5614094	9.97
567296	5653399	9.97
571392	5687388	9.95
575488	5738004	9.97
579584	5849512	10.09
583680	5800099	9.94
587776	5905319	10.05
591872	5875421	9.93
595968	5961706	10.00
600064	5946428	9.91
604160	6034094	9.99
608256	6069529	9.98
612352	6124689	10.00
616448	6163715	10.00
620544	6170516	9.94
624640	6250365	10.01
628736	6268142	9.97
632832	6376334	10.08
636928	6585497	10.34
641024	6363993	9.93
645120	6442762	9.99
649216	6468571	9.96
653312	6504238	9.96
657408	6699917	10.19
661504	6607138	9.99
665600	6684436	10.04
669696	6644097	9.92
673792	6707419	9.95
677888	6867298	10.13
681984	6814392	9.99
686080	6823105	9.95
690176	6904683	10.00
694272	6949380	10.01
698368	6952605	9.96
702464	6980801	9.94
706560	7027686	9.95
710656	7158750	10.07
714752	7123768	9.97
718848	7252591	10.09
722944	7193139	9.95
727040	7259236	9.98
731136	7313095	10.00
735232	7372540	10.03
739328	7369077	9.97
743424	7435012	10.00
747520	7470249	9.99
751616	7554029	10.05
755712	7646056	10.12
759808	7767067	10.22
763904	7645569	10.01
768000	7782147	10.13
772096	7770208	10.06
776192	7913995	10.20
780288	7768960	9.96
784384	7816639	9.97
788480	7942642	10.07
792576	8861435	11.18
796672	7969085	10.00
800768	7949485	9.93
804864	8024485	9.97
808960	8049496	9.95
813056	8141050	10.01
817152	8208755	10.05
821248	8280864	10.08
825344	8434595	10.22
829440	8259061	9.96
833536	8302885	9.96
837632	8402566	10.03
841728	8396688	9.98
845824	8493469	10.04
849920	8496201	10.00
854016	8516195	9.97
858112	8641899	10.07
862208	8855554	10.27
866304	8678777	10.02
870400	8755872	10.06
874496	8791056	10.05
878592	8848869	10.07
882688	8876730	10.06
886784	8860082	9.99
890880	10497424	11.78
894976	9014159	10.07
899072	9022841	10.04
903168	9037222	10.01
907264	9305740	10.26
911360	9170163	10.06
915456	9146449	9.99
919552	9228213	10.04
923648	9280894	10.05
927744	9311612	10.04
931840	9348195	10.03
935936	9345363	9.99
940032	9376856	9.98
944128	9429704	9.99
948224	9546769	10.07
952320	9516530	9.99
956416	10405379	10.88
960512	10062794	10.48
964608	9716458	10.07
968704	9735565	10.05
972800	9950219	10.23
976896	9987977	10.22
980992	9850260	10.04
985088	9772329	9.92
989184	9936056	10.04
993280	9944829	10.01
997376	9989540	10.02
1001472	10092226	10.08
1005568	10112857	10.06
1009664	10140191	10.04
1013760	10326494	10.19
1017856	10217646	10.04
1021952	10313436	10.09
1026048	10345324	10.08
1030144	10380474	10.08
1034240	10320389	9.98
1038336	10624053	10.23
1042432	10647903	10.21
1046528	10453284	9.99
