N	Total Time	Average CPE
2048	19310	9.43
6144	55879	9.09
10240	96102	9.38
14336	154894	10.80
18432	212124	11.51
22528	282103	12.52
26624	378528	14.22
30720	466323	15.18
34816	526877	15.13
38912	628970	16.16
43008	706585	16.43
47104	827206	17.56
51200	1016472	19.85
55296	1116912	20.20
59392	1255079	21.13
63488	1454668	22.91
67584	1612672	23.86
71680	1841027	25.68
75776	2066621	27.27
79872	2224254	27.85
83968	2428604	28.92
88064	2765471	31.40
92160	2952763	32.04
96256	3252697	33.79
100352	3597238	35.85
104448	3882813	37.17
108544	4117333	37.93
112640	4208823	37.37
116736	4499859	38.55
120832	4858108	40.21
124928	4854910	38.86
129024	5427204	42.06
133120	5623211	42.24
137216	5596849	40.79
141312	5995558	42.43
145408	6363742	43.76
149504	6717912	44.93
153600	12884998	83.89
157696	8275772	52.48
161792	12887057	79.65
165888	8744597	52.71
169984	9061557	53.31
174080	7946954	45.65
178176	7943521	44.58
182272	11791959	64.69
186368	8715417	46.76
190464	9741420	51.15
194560	12135748	62.38
198656	9783729	49.25
202752	9569684	47.20
206848	10372517	50.15
210944	10362572	49.12
215040	10630517	49.44
219136	11344979	51.77
223232	11524363	51.63
227328	12546250	55.19
231424	13404367	57.92
235520	12834171	54.49
239616	15390153	64.23
243712	17381685	71.32
247808	16513051	66.64
251904	16125455	64.01
256000	21147419	82.61
260096	22080237	84.89
264192	18374834	69.55
268288	22227886	82.85
272384	24287348	89.17
276480	25668674	92.84
280576	26147867	93.19
284672	24692810	86.74
288768	23954447	82.95
292864	33470975	114.29
296960	30901539	104.06
301056	34556266	114.78
305152	27734328	90.89
309248	44231316	143.03
313344	21823699	69.65
317440	24479994	77.12
321536	23869078	74.23
325632	41244753	126.66
329728	39397999	119.49
333824	49077359	147.02
337920	40616129	120.19
342016	34643950	101.29
346112	18833887	54.42
350208	18940366	54.08
354304	19884466	56.12
358400	30761188	85.83
362496	48243975	133.09
366592	45582227	124.34
370688	56118012	151.39
374784	47193839	125.92
378880	60420236	159.47
382976	67106822	175.22
387072	59036037	152.52
391168	65852439	168.35
395264	74951314	189.62
399360	89740586	224.71
403456	84055693	208.34
407552	77130414	189.25
411648	77301465	187.79
415744	73666851	177.19
419840	71542844	170.41
423936	81072691	191.24
428032	85304508	199.29
432128	89191478	206.40
436224	91362659	209.44
440320	89715834	203.75
444416	109837742	247.15
448512	109387207	243.89
452608	87490013	193.30
456704	41679249	91.26
460800	47996524	104.16
464896	92482615	198.93
468992	101290092	215.97
473088	104007193	219.85
477184	106810497	223.84
481280	108666910	225.79
485376	108063367	222.64
489472	112924265	230.71
493568	117442156	237.95
497664	122093789	245.33
501760	113726065	226.65
505856	109683821	216.83
509952	116744405	228.93
514048	114932449	223.58
518144	99525391	192.08
522240	76112553	145.74
526336	122843440	233.39
530432	121350026	228.78
534528	128713647	240.80
538624	127615373	236.93
542720	118274348	217.93
546816	124054493	226.87
550912	124551167	226.08
555008	132198007	238.19
559104	132188708	236.43
563200	138045121	245.11
567296	118989694	209.75
571392	117993476	206.50
575488	147705705	256.66
579584	145585798	251.19
583680	143153572	245.26
587776	140178962	238.49
591872	149198755	252.08
595968	153467356	257.51
600064	151166037	251.92
604160	155883574	258.02
608256	89382991	146.95
612352	150176755	245.25
616448	147189594	238.77
620544	150490957	242.51
624640	151319486	242.25
628736	166610943	264.99
632832	152681897	241.27
636928	153105245	240.38
641024	163970583	255.79
645120	171714655	266.17
649216	171207843	263.71
653312	150115746	229.78
657408	146786276	223.28
661504	164822115	249.16
665600	157957171	237.32
669696	159096230	237.56
673792	162652464	241.40
677888	164136117	242.13
681984	168899307	247.66
686080	171768879	250.36
690176	141765724	205.41
694272	175826728	253.25
698368	179002463	256.32
702464	180280785	256.64
706560	186044539	263.31
710656	185247246	260.67
714752	192297836	269.04
718848	193046996	268.55
722944	183828036	254.28
727040	184981949	254.43
731136	199603030	273.00
735232	196795285	267.66
739328	199585557	269.96
743424	197409931	265.54
747520	208688255	279.17
751616	199679762	265.67
755712	198073599	262.10
759808	201534777	265.24
763904	209127718	273.76
768000	209002339	272.14
772096	202738302	262.58
776192	210874580	271.68
780288	201040700	257.65
784384	169412316	215.98
788480	206516368	261.92
792576	219789053	277.31
796672	214529792	269.28
800768	224939363	280.90
804864	211215004	262.42
808960	220095581	272.07
813056	224371396	275.96
817152	224450336	274.67
821248	233487107	284.31
825344	228409226	276.74
829440	228481518	275.46
833536	215079950	258.03
837632	236149515	281.93
841728	237249502	281.86
845824	228672167	270.35
849920	237998136	280.02
854016	245687796	287.69
858112	241093987	280.96
862208	237592618	275.56
866304	237459248	274.11
870400	238619224	274.15
874496	237943638	272.09
878592	243713500	277.39
882688	226169128	256.23
886784	258169822	291.13
890880	245663692	275.75
894976	248371842	277.52
899072	259792723	288.96
903168	248025508	274.62
907264	252876840	278.72
911360	255865656	280.75
915456	262915974	287.20
919552	254571550	276.84
923648	242323757	262.36
927744	261942232	282.34
931840	261973201	281.14
935936	263783092	281.84
940032	253760203	269.95
944128	263997833	279.62
948224	263369995	277.75
952320	271084381	284.66
956416	266810786	278.97
960512	260856108	271.58
964608	274188857	284.25
968704	270900680	279.65
972800	262345064	269.68
976896	269320996	275.69
980992	283019716	288.50
985088	281819404	286.09
989184	280130651	283.19
993280	280046172	281.94
997376	270863391	271.58
1001472	280278696	279.87
1005568	280348980	278.80
1009664	287463952	284.71
1013760	285856657	281.98
1017856	285934476	280.92
1021952	287414718	281.24
1026048	300701296	293.07
1030144	287604197	279.19
1034240	275310516	266.20
1038336	281874055	271.47
1042432	295548756	283.52
1046528	288187405	275.37
